0.48359999999994685 0.4186999999999539 0.381499999999958
0.4186999999999539 0.381499999999958 0.3628000000004863
0.381499999999958 0.3628000000004863 0.35840000000075634
0.3628000000004863 0.35840000000075634 0.3679000000007764
0.35840000000075634 0.3679000000007764 0.3943000000008321
0.3679000000007764 0.3943000000008321 0.4460000000009412
0.3943000000008321 0.4460000000009412 0.5456999999996
0.4460000000009412 0.5456999999996 0.7377999999982805
0.5456999999996 0.7377999999982805 0.898899999997905
0.7377999999982805 0.898899999997905 0.709699999998346
0.898899999997905 0.709699999998346 0.5172999999987944
0.709699999998346 0.5172999999987944 0.41849999999902465
0.5172999999987944 0.41849999999902465 0.36649999999914584
0.41849999999902465 0.36649999999914584 0.3390999999992097
0.36649999999914584 0.3390999999992097 0.32839999999923464
0.3390999999992097 0.32839999999923464 0.34169999999920364
0.32839999999923464 0.34169999999920364 0.4056999999990545
0.34169999999920364 0.4056999999990545 0.4745999999988939
0.4056999999990545 0.4745999999988939 0.5592999999986965
0.4745999999988939 0.5592999999986965 0.6786999999984182
0.5592999999986965 0.6786999999984182 0.7447999999982642
0.6786999999984182 0.7447999999982642 0.6566999999984695
0.7447999999982642 0.6566999999984695 0.5326999999987585
0.6566999999984695 0.5326999999987585 0.44879999999895404
0.5326999999987585 0.44879999999895404 0.39909999999906987
0.44879999999895404 0.39909999999906987 0.3717999999991335
0.39909999999906987 0.3717999999991335 0.3602999999991603
0.3717999999991335 0.3602999999991603 0.36249999999915516
0.3602999999991603 0.36249999999915516 0.37949999999911554
0.36249999999915516 0.37949999999911554 0.4164999999990293
0.37949999999911554 0.4164999999990293 0.48709999999886655
0.4164999999990293 0.48709999999886655 0.6247999999985439
0.48709999999886655 0.6247999999985439 0.843999999998033
0.6247999999985439 0.843999999998033 0.8309999999980633
0.843999999998033 0.8309999999980633 0.601999999998597
0.8309999999980633 0.601999999998597 0.4624999999989221
0.601999999998597 0.4624999999989221 0.3905999999990897
0.4624999999989221 0.3905999999990897 0.3520999999991794
0.3905999999990897 0.3520999999991794 0.3330999999992237
0.3520999999991794 0.3330999999992237 0.3308999999992288
0.3330999999992237 0.3308999999992288 0.36349999999915283
0.3308999999992288 0.36349999999915283 0.43459999999898713
0.36349999999915283 0.43459999999898713 0.5056999999988214
0.43459999999898713 0.5056999999988214 0.6130999999985711
0.5056999999988214 0.6130999999985711 0.7385999999982786
0.6130999999985711 0.7385999999982786 0.7335999999982903
0.7385999999982786 0.7335999999982903 0.5995999999986026
0.7335999999982903 0.5995999999986026 0.486999999998865
0.5995999999986026 0.486999999998865 0.4189999999990235
0.486999999998865 0.4189999999990235 0.3802999999991137
0.4189999999990235 0.3802999999991137 0.3604999999991598
0.3802999999991137 0.3604999999991598 0.35529999999917194
0.3604999999991598 0.35529999999917194 0.3638999999991519
0.35529999999917194 0.3638999999991519 0.3892999999990927
0.3638999999991519 0.3892999999990927 0.4392999999989762
0.3892999999990927 0.4392999999989762 0.535899999998751
0.4392999999989762 0.535899999998751 0.7277999999983038
0.535899999998751 0.7277999999983038 0.9156999999978659
0.7277999999983038 0.9156999999978659 0.7282999999983026
0.9156999999978659 0.7282999999983026 0.5231999999987806
0.7282999999983026 0.5231999999987806 0.41970000000222285
0.5231999999987806 0.41970000000222285 0.3658000000121433
0.41970000000222285 0.3658000000121433 0.33750000001120384
0.3658000000121433 0.33750000001120384 0.32630000001083204
0.33750000001120384 0.32630000001083204 0.3419000000113499
0.32630000001083204 0.3419000000113499 0.41480000001376993
0.3419000000113499 0.41480000001376993 0.48200000001600074
0.41480000001376993 0.48200000001600074 0.5601000000185934
0.48200000001600074 0.5601000000185934 0.6614000000219562
0.5601000000185934 0.6614000000219562 0.711700000023626
0.6614000000219562 0.711700000023626 0.6402000000212524
0.711700000023626 0.6402000000212524 0.533400000017707
0.6402000000212524 0.533400000017707 0.455800000015131
0.533400000017707 0.455800000015131 0.4080000000135442
0.455800000015131 0.4080000000135442 0.38130000001265785
0.4080000000135442 0.38130000001265785 0.37020000001228937
0.38130000001265785 0.37020000001228937 0.37260000001236904
0.37020000001228937 0.37260000001236904 0.38980000001294
0.37260000001236904 0.38980000001294 0.4268000000141683
0.38980000001294 0.4268000000141683 0.4961000000164688
0.4268000000141683 0.4961000000164688 0.6237000000207047
0.4961000000164688 0.6237000000207047 0.8014000000266037
0.6237000000207047 0.8014000000266037 0.789600000026212
0.8014000000266037 0.789600000026212 0.601600000019971
0.789600000026212 0.601600000019971 0.4720000000156688
0.601600000019971 0.4720000000156688 0.40120000001331846
0.4720000000156688 0.40120000001331846 0.36250000001203375
0.40120000001331846 0.36250000001203375 0.34320000001139306
0.36250000001203375 0.34320000001139306 0.3389000000112503
0.34320000001139306 0.3389000000112503 0.35280000001171175
0.3389000000112503 0.35280000001171175 0.3937000000130695
0.35280000001171175 0.3937000000130695 0.458300000015214
0.3937000000130695 0.458300000015214 0.5705000000189386
0.458300000015214 0.5705000000189386 0.7775000000258103
0.5705000000189386 0.7775000000258103 0.8858000000294055
0.7775000000258103 0.8858000000294055 0.6689000000222052
0.8858000000294055 0.6689000000222052 0.4961000000164688
0.6689000000222052 0.4961000000164688 0.40780000001353756
0.4961000000164688 0.40780000001353756 0.36090000001198064
0.40780000001353756 0.36090000001198064 0.33660000001117396
0.36090000001198064 0.33660000001117396 0.3287000000109117
0.33660000001117396 0.3287000000109117 0.3481000000115557
0.3287000000109117 0.3481000000115557 0.4163000000138197
0.3481000000115557 0.4163000000138197 0.48450000001608373
0.4163000000138197 0.48450000001608373 0.5764000000191345
0.48450000001608373 0.5764000000191345 0.7002000000232442
0.5764000000191345 0.7002000000232442 0.745500000024748
0.7002000000232442 0.745500000024748 0.6377000000211694
0.745500000024748 0.6377000000211694 0.5162000000171361
0.6377000000211694 0.5162000000171361 0.43780000001453345
0.5162000000171361 0.43780000001453345 0.39210000001301637
0.43780000001453345 0.39210000001301637 0.36750000001219973
0.39210000001301637 0.36750000001219973 0.358200000011891
0.36750000001219973 0.358200000011891 0.36260000001203707
0.358200000011891 0.36260000001203707 0.38230000001269104
0.36260000001203707 0.38230000001269104 0.4234000000140554
0.38230000001269104 0.4234000000140554 0.501800000016658
0.4234000000140554 0.501800000016658 0.6564000000217902
0.501800000016658 0.6564000000217902 0.87720000002912
0.6564000000217902 0.87720000002912 0.8004000000265705
0.87720000002912 0.8004000000265705 0.5726000000190083
0.8004000000265705 0.5726000000190083 0.44640000001481894
0.5726000000190083 0.44640000001481894 0.38130000001265785
0.44640000001481894 0.38130000001265785 0.3466000000115059
0.38130000001265785 0.3466000000115059 0.3302000000109615
0.3466000000115059 0.3302000000109615 0.3323000000110312
0.3302000000109615 0.3323000000110312 0.37890000001257107
0.3323000000110312 0.37890000001257107 0.45210000001500816
0.37890000001257107 0.45210000001500816 0.5252000000174348
0.45210000001500816 0.5252000000174348 0.6342000000210533
0.5252000000174348 0.6342000000210533 0.7359000000244293
0.6342000000210533 0.7359000000244293 0.6986000000231911
0.7359000000244293 0.6986000000231911 0.5726000000190083
0.6986000000231911 0.5726000000190083 0.4742000000157418
0.5726000000190083 0.4742000000157418 0.41420000001375
0.4742000000157418 0.41420000001375 0.380100000012618
0.41420000001375 0.380100000012618 0.36340000001206363
0.380100000012618 0.36340000001206363 0.3608000000119773
