0.7737999999999148
0.536499999999941
0.35799999999996057
0.8397000000014365
0.7071000000014922
1.3963999999994288
1.2544999999970763
0.6191999999985569
0.5411999999987387
0.5532999999987105
0.5036999999988261
0.3807999999991125
0.5386999999987445
0.586099999998634
0.5848999999986368
0.3662999999991463
0.5187999999987909
0.6784999999984187
1.0223999999976172
0.6208999999985529
0.5735999999986632
0.48629999999886664
0.3829999999991074
0.6003999999986007
0.6558999999984731
0.7293999999983001
0.22859999999946723
1.478599999996554
0.6869999999983989
0.674099999998429
0.48229999999887596
1.2143999999971697
0.4240999999990116
0.4634999999989198
0.5508999999987161
0.5629999999986879
0.5076999999988168
0.3690999999991398
0.5606999999986932
0.6100999999985781
0.6201999999985546
0.30049999999929966
0.6396999999985091
0.8955999999979127
0.6635999999984534
1.0124999999976403
0.6387999999985112
1.2894999999969947
1.3231000000391049
1.4273000000473814
0.9117000000302653
0.6714000000222882
1.4805000000491475
0.7721000000256311
0.9155000000303914
0.6568000000218035
0.6034000000200308
0.31820000001056314
0.594400000019732
0.8741000000290171
0.6610000000219429
1.3731000000455822
1.257900000041758
0.3912000000129865
1.2271000000407355
0.34580000001147937
0.6742000000223811
0.9201000000305442
0.6583000000218533
0.6350000000210798
0.6673000000221521
0.2517000000083556
1.3003000000431655
0.3275000000108719
0.5740000000190548
0.7300000000242335
0.7735000000256775
0.8375000000278021
0.7347000000243895
1.405900000046671
0.24050000000798377
1.3260000000440186
0.28710000000953073
1.2844000000426377
0.40530000001345456
0.46990000001559906
0.6314000000209603
0.7028000000233305
0.8054000000267294
0.7426000000246518
0.694800000023065
0.2463000000081763
1.479700000049121
0.19290000000640362
1.2825000000425746
1.5586000000517402
0.6783000000225172
0.648500000021528
0.3251000000107922
0.6648000000220691
1.3444000000446295
0.8489000000281806
0.7307000000242567
1.0493000000348331
0.6110000000202831
1.313300000043597
1.3757000000456685
0.9581000000318056
0.7127000000236592
0.9456000000313907
0.6437000000213686
0.6284000000208607
0.6863000000227828
0.8757000000290702
0.6906000000229255
0.5244000000174083
0.3496000000116055
0.6491000000215479
0.8280000000274867
0.6396000000212325
1.4568000000483607
0.8203000000272311
1.2284000000407787
0.56090000001862
0.45550000001512103
0.4366000000144936
0.5282000000175344
0.5489000000182216
0.5181000000171991
0.38980000001294
0.5064000000168107
0.5711000000189586
0.5757000000191113
0.4598000000152638
0.4102000000136172
0.616600000020469
0.6797000000225637
1.1479000000381063
0.20530000000681525
1.143700000037967
1.2737000000422825
1.2849000000426543
1.3066000000433746
1.3562000000450212
0.9537000000316596
0.8403000000278951
1.2147000000403239
0.9832000000326389
1.296400000043036
0.6617000000219662
0.30660000001017806
1.4107000000468304
0.7539000000250269
1.1026000000366025
0.5933000000196955
0.531200000017634
0.39190000001300973
0.4940000000163991
0.5760000000191212
0.5880000000195196
0.5001000000166016
0.37170000001233916
0.6372000000211528
0.7512000000249373
0.7166000000237887
1.136200000037718
0.6286000000208674
0.5768000000191478
0.5714000000189685
0.382600000012701
0.4955000000164489
0.6358000000211064
0.709500000023553
0.7650000000253954
0.7891000000261954
0.9436000000313243
0.21410000000710738
1.197200000039743
1.3203000000438294
1.4051000000466445
1.0883000000361278
0.6379000000211761
0.5953000000197619
0.6009000000199478
0.3592000000119242
0.5364000000178066
0.7560000000250966
0.7423000000246418
1.3282000000440917
0.3205000000106395
0.6492000000215512
0.9079000000301392
0.6034000000200308
1.3451000000446527
0.9480000000314703
1.3450000000446494
0.44640000001481894
0.43380000001440067
0.687000000022806
0.8846000000293657
0.6760000000224409
0.6685000000221919
0.8005000000265738
0.21950000000728664
1.2924000000429032
1.4130000000469067
0.25820000000857135
1.5094000000501069
0.6706000000222616
0.6281000000208508
0.30750000001020794
0.6383000000211894
1.1535000000382922
0.4262000000141484
1.3651000000453166
0.24870000000825598
1.3757000000456685
0.8178000000271481
0.7496000000248841
1.1807000000391952
0.6171000000204856
0.5557000000184473
0.5718000000189818
0.5239000000173917
0.3530000000117184
0.5730000000190216
0.6330000000210134
0.6714000000222882
0.2594000000086112
1.302000000043222
0.3637000000120736
0.5202000000172688
0.655700000021767
0.7814000000259398
0.5544000000184042
1.0438000000346506
0.7648000000253887
0.8233000000273307
0.7681000000254983
1.4839000000492604
0.6979000000231679
0.5127000000170199
0.3606000000119707
0.6465000000214616
0.8006000000265772
0.660100000021913
0.9606000000318886
0.8477000000281407
1.201000000039869
1.4036000000465947
0.9426000000312911
0.665700000022099
0.9522000000316098
0.7379000000244957
1.0493000000348331
0.5204000000172755
1.2414000000412102
0.32220000001069593
1.2585000000417779
0.458000000015204
0.5544000000184042
0.5804000000192673
0.5538000000183843
0.33510000001112417
0.5713000000189652
0.6569000000218068
0.762400000025309
0.2239000000074327
1.4150000000469731
0.7183000000238451
0.8332000000276594
0.6243000000207246
1.3682000000454195
0.9320000000309392
0.7917000000262817
0.7586000000251829
0.7842000000260327
0.21960000000728996
1.3163000000436966
1.2862000000426974
0.35170000001167523
0.7183000000238451
0.7922000000262983
0.821200000027261
0.7805000000259099
1.406800000046701
0.662900000022006
1.2736000000422791
0.4071000000135143
1.3003000000431655
1.270100000042163
1.0964000000363967
1.2606000000418476
1.6219000000538415
0.6366000000211329
0.594700000019742
0.5145000000170796
0.3597000000119408
0.6555000000217603
0.8708000000289076
0.6005000000199345
1.36490000004531
1.021100000033897
0.6955000000230882
0.7431000000246684
0.7445000000247148
0.9605000000318853
0.6567000000218002
1.362100000045217
1.3742000000456187
0.3133000000104005
1.4230000000472387
0.7394000000245455
0.821200000027261
0.19880000000659948
1.3071000000433912
1.406200000046681
0.23990000000796385
1.3373000000443938
0.26030000000864106
1.2883000000427671
0.4253000000141185
0.5011000000166348
1.2289000000407952
0.333800000011081
1.025500000034043
0.6689000000222052
1.2788000000424518
1.3057000000433447
1.3785999998985972
1.2863999996770872
0.3505999999119922
0.7692999998068899
0.7434999998133662
1.421899999643074
0.23929999993993079
1.3965999996494247
0.523199999868666
1.0536999997354997
0.8244999997930336
0.8028999997984556
1.4449999996372753
0.591799999851446
0.9559999997600244
1.360099999658587
0.4930999998762218
0.4952999998756695
1.3439999996626284
0.880899999778876
0.6906999998266201
1.360099999658587
0.3318999999166863
1.4063999996469647
0.7588999998095005
1.001499999748603
0.621199999844066
0.5615999998590269
0.3689999999073734
0.5122999998714022
0.6249999998431122
0.6758999998303352
0.8741999997805578
1.0864999997272662
0.44539999988819545
0.4724999998813928
0.521299999869143
0.5236999998685405
0.47389999988104137
0.42689999989283933
0.510499999871854
0.540899999864223
0.523299999868641
0.4190999998947973
0.4676999998825977
0.5517999998614869
0.5626999998587507
0.5032999998736614
0.37209999990659526
0.5632999998586001
0.6107999998466767
0.6194999998444928
0.29519999992589874
0.6498999998368618
0.8816999997786752
0.679999999829306
1.0528999997357005
0.5394999998645744
0.6254999998429867
0.6935999998258922
0.8657999997826664
0.689799999826846
0.6024999998487601
0.2871999999279069
0.7200999998192401
0.7953999998003383
1.4201999996435006
0.38759999990270444
0.500699999874314
0.5815999998540065
0.5946999998507181
0.4975999998750922
0.37739999990526485
0.6626999998336487
0.9520999997610033
0.5247999998682644
1.2994999996737988
0.9912999997511633
1.5463999996118218
0.6563999998352301
0.6282999998422838
0.6227999998436644
0.2785999999300657
1.3400999996636074
0.4328999998913332
0.5363999998653526
0.5660999998578973
0.5453999998630934
0.36829999990754914
0.5178999998699965
0.6056999998479569
0.6321999998413048
0.5181999998699212
0.4002999998995165
1.2403999996886341
0.32469999991849363
0.741799999813793
0.7675999998073166
1.362999999657859
0.3200999999196483
0.5877999998524501
0.7778999998047311
0.7166999998200936
1.3819999996530896
0.2638999999337557
1.319799999668703
0.25599999993573874
1.3092999996713388
0.34749999991277036
0.5494999998620642
0.6344999998407275
0.6889999998270468
0.3152999999208532
1.2339999996902407
0.508599999872331
0.3890999999023279
0.8888999997768678
0.6855999998279003
1.3397999996636827
1.7110999995704788
0.6138999998458985
0.5424999998638214
0.35869999990995893
0.5343999998658546
0.6127999998461746
0.6408999998391209
0.4344999998909316
0.5118999998715026
1.3995999996486717
0.252799999936542
1.2852999996773633
1.356199999659566
0.31819999992012526
1.5916999996004506
0.6320999998413299
0.5531999998611354
0.336099999915632
0.5695999998570187
0.6540999998358075
0.7497999998117848
0.23039999994216487
1.4837999996275357
0.6676999998323936
0.6485999998371881
0.6795999998294064
0.2592999999349104
1.4474999996366478
0.20159999994939426
1.3057999996722174
1.3983999996489729
0.24689999993802303
1.33259999966549
0.2523999999366424
1.2974999996743009
0.3454999999132724
0.5578999998599556
0.8205999997940125
0.6934999998259173
1.4880999996264563
0.7438999998132658
0.9683999997569117
0.17399999995632243
1.2504999996860988
1.3160999996696319
1.443299999637702
0.8051999997978783
0.7639999998082203
0.9351999997652456
0.7007999998240848
1.350299999661047
1.436599999639384
0.22599999994326936
1.5527999996102153
0.6465999998376901
0.6042999998483083
0.44639999988794443
0.43999999988955096
0.7296999998168303
0.776099999805183
0.8772999997797797
0.7363999998151485
1.4277999996415929
0.7797999998042542
0.7970999997999115
0.7990999997994095
0.7890999998019197
1.356199999659566
0.40659999989793505
0.5004999998743642
1.075799999729952
0.6243999998432628
0.5651999998581232
0.5792999998545838
0.518299999869896
0.35339999991128934
0.6002999998493124
0.6689999998320673
0.8184999997945397
0.20209999994926875
1.2994999996737988
1.4309999996407896
0.23219999994171303
1.5685999996062492
0.640799999839146
0.5925999998512452
0.3931999999012987
0.4905999998768493
0.691799999826344
0.8723999997810097
0.6836999998283773
0.6833999998284526
0.9920999997509625
0.6236999998434385
0.5148999998707495
0.3608999999094067
0.5704999998567928
0.6247999998431624
0.6495999998369371
0.2717999999317726
0.7900999998016687
1.1765999997046492
0.9679999997570121
1.0723999997308056
0.8947999997753868
1.201399999698424
1.222899999693027
1.314099999670134
1.504199999622415
0.2048999999485659
1.308199999671615
1.3930999996503033
0.2541999999361906
1.296299999674602
0.35349999991126424
0.5454999998630683
0.778999999804455
0.7215999998188636
1.4163999996444545
0.23679999994055834
1.4189999996438019
0.2093999999474363
1.351299999660796
0.9061999997725252
0.7207999998190644
1.3742999996550225
1.3357999996646868
0.32809999991764016
0.6161999998453211
0.7249999998180101
0.7761999998051579
0.8022999997986062
0.7724999998060866
0.8336999997907242
0.7355999998153493
1.37669999965442
0.26099999993448364
1.3980999996490482
0.4176999998951487
0.5201999998694191
0.5579999998599305
0.5454999998630683
0.4039999998985877
0.4727999998813175
0.5833999998535546
0.605599999847982
0.5543999998608342
0.3254999999182928
0.6885999998271473
0.8467999997874358
0.7065999998226289
0.8077999997972256
0.6771999998300089
1.659999999583306
0.644799999838142
0.5101999998719293
0.3611999999093314
0.5941999998508436
0.6547999998356318
0.7327999998160521
0.2238999999437965
1.525699999617018
0.6581999998347783
0.6235999998434636
0.49979999987453994
0.4049999998983367
1.1579999997093182
0.49499999987574483
0.5792999998545838
0.6092999998470532
0.5887999998521991
0.2963999999255975
0.6859999998277999
0.8381999997895946
0.7210999998189891
0.941699999763614
0.6487999998371379
0.6258999998428862
0.6718999998313393
0.523199999868666
0.6778999998298332
1.1293999997164974
1.3073999996718157
1.338599999663984
0.9730999997557319
0.8484999997870091
1.167999999706808
1.0374999997395662
0.7298999998167801
0.9444999997629111
0.6495999998369371
0.6196999998444426
0.6453999998379913
0.29969999992476914
0.6933999998259424
1.3360999996646115
0.8533999997857791
0.7340999998157258
0.9427999997633378
0.651599999836435
1.41099999964581
1.3085999996715145
0.608499999847254
0.5439999998634448
0.5196999998695446
0.4044999998984622
0.4863999998779036
0.5596999998595038
0.566399999857822
0.48529999987817973
0.3847999999034073
0.5834999998535295
0.6289999998421081
0.6472999998375144
0.26099999993448364
1.0691999997316088
0.7569999998099775
1.252299999685647
1.261199999683413
1.2936999996752547
1.3897999996511317
1.3115999996707615
0.4377999998901032
0.5638999998584495
0.5946999998507181
0.5766999998552365
0.3120999999216565
0.6099999998468775
0.7552999998104042
0.7330999998159768
1.056299999734847
0.6166999998451956
0.6177999998449195
0.6724999998311887
0.830899999791427
0.24509999993847487
1.2328999996905168
1.411899999645584
1.2412999996884082
0.5367999998652522
1.2788999996789698
1.2880999996766604
1.3075999996717655
1.3460999996621013
0.9575999997596227
0.8634999997832438
1.1759999997047998
0.9736999997555813
0.9091999997717721
1.076899999729676
1.0149999997452142
1.4880999996264563
0.26079999993453384
1.2614999996833376
1.3974999996491988
0.3030999999239157
1.2514999996858478
0.7677999998072664
0.3155999999207779
1.2174999996943825
1.402199999648019
1.0776999997294752
0.6421999998387946
0.6041999998483334
0.612399999846275
0.3211999999193722
0.5968999998501658
0.9969999997497325
0.6345999998407024
0.5933999998510444
0.6151999998455722
0.5372999998651267
0.35249999991151526
0.7797999998042542
0.7359999998152489
1.4918999996255025
0.20679999994808895
1.3253999996672974
1.351299999660796
0.3106999999220079
0.6193999998445179
0.7796999998042793
0.705499999822905
1.3196999996687282
0.3305999999170126
1.2813999996783423
0.28529999992838384
0.8439999997881387
0.7340999998157258
1.3536999996601935
1.3655999996572064
0.27889999992999037
0.7073999998224281
0.8323999997910505
1.3487999996614235
0.43499999989080607
0.4377999998901032
0.6317999998414052
0.711399999821424
0.785899999802723
0.7675999998073166
0.9615999997586187
0.19099999995205508
1.2126999996955874
1.3195999996687533
1.4113999996457096
1.443399999637677
0.5034999998736112
1.2702999996811286
1.2703999996811035
1.2750999996799237
1.2839999996776896
1.3006999996734976
1.3346999996649629
0.9538999997605515
1.3415999996632308
0.7924999998010662
0.32969999991723853
1.1906999997011098
1.3508999996608964
0.9584999997593968
1.4123999996454586
0.4148999998958516
0.46509999988325035
0.5687999998572195
0.5860999998528769
0.5325999998663065
0.3404999999145275
0.6142999998457981
0.7049999998230305
0.8315999997912513
0.7169999998200183
0.7301999998167048
0.23159999994186364
1.492399999625377
0.208699999947612
1.2743999996800994
1.4066999996468894
0.820199999794113
0.7582999998096511
1.3830999996528135
0.2869999999279571
1.338499999664009
0.3992999998997675
0.48389999987853116
0.576199999855362
0.5914999998515214
0.5201999998694191
0.35259999991149016
0.6405999998391962
0.7773999998048566
0.6875999998273983
0.9605999997588697
0.7002999998242103
0.9583999997594219
0.6311999998415558
0.6287999998421583
0.6952999998254654
0.8404999997890172
0.710399999821675
0.6132999998460491
0.2830999999289361
0.8470999997873605
0.734899999815525
1.3476999996616996
1.3779999996540937
0.26499999993347956
0.8453999997877872
1.0541999997353741
1.0322999997408715
1.6419999995878243
0.1843999999537118
1.2798999996787188
1.280799999678493
1.3752999996547715
1.3356999996647119
0.33879999991495424
0.6020999998488605
0.6849999998280509
0.990699999751314
0.6242999998432879
0.561499999859052
0.3561999999105865
0.5297999998670093
0.6341999998408028
0.6952999998254654
0.7562999998101532
0.7915999998012921
0.5978999998499148
0.31499999992092853
1.265099999682434
0.30919999992238445
0.6824999998286785
0.8541999997855783
0.6997999998243358
0.7820999998036768
0.7038999998233066
1.3436999996627037
0.3123999999215812
1.3359999996646366
0.24629999993817364
1.3809999996533406
0.22199999994427344
1.5126999996202812
0.6614999998339499
0.632999999841104
0.5858999998529271
0.3267999999179665
1.2576999996842915
0.3166999999205018
0.6776999998298834
0.8750999997803319
0.6823999998287036
0.7003999998241852
0.8529999997858795
0.6975999998248881
0.6902999998267205
0.2864999999280826
1.2615999996833125
0.5019999998739877
0.4096999998971569
1.202199999698223
0.3802999999045369
0.6433999998384934
0.7762999998051328
0.6824999998286785
0.959299999759196
0.7059999998227795
0.9839999997529958
0.6363999998402505
0.6002999998493124
0.6271999998425599
0.5612999998591022
0.34329999991382465
1.225899999692274
0.40069999989941607
0.5915999998514962
0.6395999998394473
0.6719999998313142
0.2485999999375963
1.310099999671138
0.27939999992986486
0.7167999998200685
1.3222999996680755
0.842699999788465
0.8456999997877119
0.7049999998230305
0.6317999998414052
0.26959999993232486
0.9213999997687097
0.7408999998140189
1.280799999678493
1.367999999656604
1.3464999996620008
0.3022999999241165
0.6517999998363848
0.992599999750837
0.6370999998400748
0.5938999998509189
0.5965999998502411
0.349799999912193
0.5452999998631185
0.7385999998145962
0.7620999998086972
0.9490999997617564
0.6945999998256411
1.3391999996638333
1.6817999995778337
0.17769999995539365
1.2207999996935541
1.3082999996715898
1.378599999653943
1.23459999969009
0.40599999989808566
0.849599999786733
0.697699999824863
1.3861999996520353
1.2852999996773633
0.3743999999060179
0.6277999998424093
0.7224999998186377
0.7719999998062121
0.799599999799284
0.7915999998012921
0.7718999998062372
0.8395999997892432
0.7102999998217001
0.7498999998117597
0.6560999998353054
1.150399999711226
0.6340999998408279
0.591799999851446
0.572299999856341
0.3166999999205018
0.6002999998493124
0.7247999998180603
0.7808999998039781
0.7996999997992589
0.7718999998062372
0.8599999997841223
0.7257999998178093
1.6371999995890292
0.6360999998403258
0.5887999998521991
0.4244999998934418
0.4531999998862375
0.6658999998328454
0.9080999997720482
0.47459999988086565
1.046499999737307
1.3272999996668204
1.3633999996577586
0.32759999991776567
0.5750999998556381
0.6909999998265448
0.9013999997737301
0.6650999998330462
0.6347999998406522
0.5116999998715528
0.4126999998964038
1.2637999996827602
0.3011999999243926
1.2721999996806517
0.4091999998972824
0.5617999998589767
0.5981999998498395
0.5895999998519983
0.30879999992248486
0.6096999998469528
0.8026999997985058
0.6923999998261934
1.8697999995306418
0.5718999998564414
0.47519999988071504
0.41229999989650423
0.5293999998671097
0.5613999998590771
0.5432999998636205
0.38279999990390934
0.49919999987469055
0.5929999998511448
0.6142999998457981
0.5335999998660554
0.3554999999107622
0.7715999998063126
0.7409999998139938
1.4302999996409653
0.23289999994153732
1.521799999617997
0.20149999994941936
1.273899999680225
1.339399999663783
1.3885999996514329
0.2581999999351865
1.3044999996725437
0.3598999999096577
0.5247999998682644
0.6501999998367864
0.7530999998109564
0.6087999998471787
1.1304999997162213
0.6544999998357071
0.6267999998426603
0.6402999998392715
0.26459999993357997
0.873999999780608
0.7846999998030242
1.272899999680476
1.4908999996257535
0.7029999998235326
0.7375999998148473
0.722199999818713
0.9285999997669023
0.6547999998356318
1.4993999996236198
0.7625999998085717
