0.7161999999999212
0.7034999999999225
0.8842000000012755
0.6623000000013977
1.479599999999746
1.4547999999966095
0.5622999999986895
0.5538999999987091
0.5842999999986382
0.6023999999985961
0.6150999999985665
0.6262999999985404
0.6376999999985138
0.6497999999984856
0.6416999999985045
0.3784999999991179
1.4071999999967204
0.6016999999985977
0.56639999999868
0.46779999999890975
0.581399999998645
0.6675999999984459
0.783499999998174
1.4468999999966279
0.7772999999981884
0.7123999999983397
1.1875999999972322
0.6297999999985322
0.597699999998607
0.5978999999986065
0.5909999999986226
0.5612999999986918
0.4896999999988587
0.5511999999987154
0.6220999999985501
0.6675999999984441
0.7410999999982728
0.8679999999979771
0.7481999999982563
1.0286999999976025
1.1564999999973047
1.397000000015023
1.4160000000470063
1.555100000051624
0.6850000000227396
1.5421000000511924
0.7844000000260394
0.9749000000323633
0.6960000000231048
0.6416000000212989
0.6984000000231845
0.9047000000300329
0.7346000000243862
1.4264000000473516
1.4154000000469864
0.8946000000296976
0.7209000000239314
0.721100000023938
0.9527000000316264
0.6976000000231579
0.65820000002185
0.7220000000239679
0.9426000000312911
0.7024000000233173
0.6674000000221554
0.7582000000251696
0.8622000000286221
0.8037000000266801
1.43840000004775
0.7900000000262253
1.3369000000443805
0.3893000000129234
1.3088000000434477
0.6380000000211794
0.6434000000213587
0.5204000000172755
0.5130000000170298
1.3622000000452132
0.7587000000251862
0.7294000000242136
1.0384000000344713
0.7300000000242335
1.43780000004773
1.4161000000470096
0.6839000000227031
0.7681000000254983
0.3033000000100685
1.4292000000474445
0.7970000000264577
1.6229000000538747
0.5712000000189619
1.4221000000472088
1.4368000000476968
1.4470000000480354
0.9351000000310421
0.7113000000236127
0.6678000000221687
0.7165000000237853
0.9519000000315998
0.6988000000231978
0.6589000000218732
0.6955000000230882
0.8374000000277988
0.2747000000091191
1.906100000063276
0.8621000000286188
1.2841000000426277
0.6336000000210333
0.5888000000195461
0.5920000000196524
0.5914000000196324
0.5840000000193868
0.5585000000185403
0.5047000000167543
0.5364000000178066
0.5974000000198316
0.6311000000209503
0.6622000000219828
0.7127000000236592
1.2256000000406857
0.5320000000176606
1.3908000000461698
1.3714000000455258
1.674300000055581
1.5083000000500704
1.6063000000533236
0.25760000000855143
1.7930000000595214
1.1000000000365162
0.704500000023387
0.7711000000255979
1.4498000000481284
0.7731000000256643
1.1423000000379204
0.6788000000225338
0.5908000000196125
0.6078000000201769
0.6207000000206051
0.6331000000210167
0.6474000000214915
0.6652000000220823
0.6327000000210035
0.4201000000139459
1.68180000005583
0.665100000022079
0.6154000000204292
0.6300000000209138
0.6464000000214583
0.6695000000222251
0.716400000023782
0.37680000001250846
1.2818000000425513
1.0210000000338937
0.5943000000197287
1.3944000000462893
1.4079000000467374
1.693700000056225
0.6734000000223546
0.6322000000209869
0.6541000000217139
0.6883000000228492
0.7858000000260859
0.7243000000240443
1.2413000000412069
0.5386000000178797
0.6682000000221819
0.9174000000304545
1.2181000000404367
1.4736000000489184
1.383700000045934
0.4692000000155758
0.56060000001861
0.7002000000232442
1.3235000000439356
0.5126000000170166
0.5078000000168572
0.82900000002752
1.323900000043949
1.4995000000497782
0.7331000000243364
1.2321000000409015
0.5577000000185137
0.641000000021279
0.7417000000246219
1.332400000044231
0.33360000001107437
1.4327000000475607
0.741100000024602
1.4908000000494894
0.7531000000250003
1.232900000040928
0.6904000000229189
0.5814000000193005
0.6070000000201503
0.6251000000207512
0.6429000000213421
0.6668000000221355
0.7133000000236791
0.9541000000316728
0.7027000000233272
0.6551000000217471
0.6864000000227861
0.782400000025973
0.29340000000973987
1.432500000047554
0.7756000000257472
1.4270000000473715
0.7501000000249007
1.328900000044115
0.4873000000161767
0.601600000019971
0.6785000000225239
0.8213000000272643
1.2650000000419936
1.0936000000363038
0.716400000023782
1.4158000000469997
1.4848000000492902
0.7448000000247248
1.467800000048726
0.8088000000268494
0.8293000000275299
0.8649000000287117
0.7516000000249505
1.3956000000463291
0.5238000000173884
0.5158000000171228
0.5834000000193669
0.6217000000206383
0.6512000000216176
0.6911000000229421
0.802100000026627
0.748000000024831
1.4297000000474611
0.767700000025485
0.33920000001126027
1.3722000000455523
1.4317000000475275
0.857500000028466
0.752700000024987
0.8460000000280843
0.7754000000257406
1.528500000050741
0.7247000000240575
0.748000000024831
1.4017000000465316
0.29440000000977307
1.428400000047418
0.7933000000263348
1.7734000000588708
0.5037000000167211
1.4198000000471325
1.3706000000454992
1.3954000000463225
1.4473000000480454
1.4221000000472088
0.6297000000209039
0.6273000000208242
0.5016000000166514
0.5204000000172755
0.8589000000285125
1.294800000042983
1.5640000000519194
0.7374000000244791
0.7703000000255713
0.8232000000273274
0.923500000030657
1.2994000000431356
1.481000000049164
0.838700000027842
1.459400000048447
0.7625000000253124
0.8619000000286121
0.7364000000244459
1.4949000000496255
0.7856000000260792
1.3731000000455822
0.855300000028393
0.7810000000259265
0.7435000000246816
0.8436000000280046
0.770200000025568
1.069600000035507
0.6956000000230915
1.4618000000485267
1.698400000056381
1.583199999681426
0.7641999998081701
0.8147999997954685
0.7497999998117848
1.4760999996294686
0.7846999998030242
0.8993999997742321
0.8260999997926319
1.4526999996353425
0.7462999998126634
1.5487999996112194
0.6909999998265448
1.5654999996070273
0.7552999998104042
0.8208999997939372
0.7598999998092495
1.510899999620733
0.7265999998176085
1.5150999996196788
0.6898999998268209
1.3089999996714141
0.47519999988071504
1.4058999996470902
0.5963999998502914
0.5336999998660303
0.48369999987858137
0.6183999998447689
0.6971999998249885
1.509999999620959
0.6892999998269715
0.5629999998586754
0.5742999998558389
0.581099999854132
0.5841999998533538
0.5835999998535044
0.5775999998550105
0.560499999859303
0.5264999998678377
0.5215999998690677
0.565399999858073
0.5958999998504169
0.6145999998457228
0.6301999998418069
0.6473999998374893
0.6722999998312389
0.7261999998177089
0.7406999998140691
0.9134999997706927
0.9436999997631119
0.6951999998254905
0.6665999998326697
0.7261999998177089
0.9262999997674797
0.703599999823382
0.6814999998289295
0.7795999998043044
0.7966999998000119
1.4939999996249753
0.5784999998547846
0.5148999998707495
0.5112999998716532
0.601599999848986
0.6501999998367864
0.7051999998229803
0.9782999997544266
0.6908999998265699
1.3908999996508555
1.4428999996378025
1.4053999996472157
0.6577999998348787
0.683999999828302
0.4292999998922369
1.3742999996550225
0.5897999998519481
0.569299999857094
0.5123999998713771
0.5198999998694944
0.5938999998509189
0.633999999840853
0.6705999998316656
0.7370999998149728
0.8747999997804072
0.7363999998151485
0.7822999998036266
1.4351999996397353
0.793699999800765
0.6908999998265699
0.8001999997991334
0.6589999998345775
1.3182999996690796
0.49879999987479096
1.3763999996544953
0.9839999997529958
0.6788999998295822
0.6446999998381671
0.6693999998319669
0.7199999998192652
0.8908999997763658
0.7422999998136675
0.7067999998225787
0.9300999997665258
0.5924999998512703
1.4574999996341376
1.7717999995552418
0.6566999998351548
0.6201999998443171
0.6281999998423089
0.6331999998410538
0.6067999998476807
0.4092999998972573
0.7066999998226038
1.5002999996233939
0.6608999998341005
1.5221999996178965
0.854399999785528
0.8486999997869589
1.4262999996419694
0.6247999998431624
0.619299999844543
0.5049999998732346
0.5121999998714273
0.752499999811107
1.5406999996132527
0.7050999998230054
0.6835999998284024
0.770199999806664
0.7895999998017942
0.9167999997698644
1.2829999996779407
1.4321999996404884
0.3447999999134481
1.3641999996575578
0.9096999997716466
0.7116999998213487
0.698699999824612
0.8564999997850009
0.7167999998200685
1.5329999996151855
0.7590999998094503
0.992599999750837
0.8109999997964223
1.723699999567316
1.5323999996153361
0.8492999997868083
0.8369999997898958
0.9084999997719478
1.3087999996714643
1.482499999627862
0.8192999997943389
1.5891999996010782
0.683999999828302
0.6514999998364601
0.6828999998285781
0.7633999998083709
0.7637999998082705
0.9655999997576146
0.7637999998082705
1.4779999996289916
0.7832999998033756
1.4318999996405637
0.7356999998153242
1.3362999996645613
0.4434999998886724
0.6577999998348787
1.4083999996464627
0.5380999998649258
0.49989999987451483
0.5726999998562405
0.6204999998442418
0.6542999998357573
0.7006999998241099
0.8693999997817627
0.703499999823407
1.4942999996249
0.8316999997912262
1.5889999996011284
0.6864999998276744
0.6440999998383177
0.665299999832996
0.7047999998230807
0.44609999988801974
1.2087999996965664
0.7139999998207713
1.0410999997386625
0.6610999998340503
0.6239999998433632
0.6336999998409283
0.6418999998388699
0.6170999998450952
0.3984999998999683
0.822099999793636
1.321899999668176
1.787399999551326
0.5541999998608844
1.3958999996496004
1.377599999654194
1.4130999996452829
1.5260999996169176
0.7124999998211479
1.520699999618273
0.7763999998051077
1.2426999996880568
0.4514999998866642
0.6333999998410036
0.7930999998009156
1.403099999647793
0.8381999997895946
0.8509999997863815
0.8256999997927323
1.3978999996490984
0.9276999997671282
1.2866999996770119
1.6326999995901588
0.7030999998235075
0.6797999998293562
0.7560999998102034
0.8146999997954936
0.819199999794364
1.2994999996737988
0.37189999990664546
1.460999999633259
0.7537999998107807
1.4220999996430237
0.5341999998659048
0.5414999998640724
0.579099999854634
0.6012999998490614
0.6164999998452458
0.6297999998419073
0.6445999998381922
0.6645999998331718
0.6958999998253148
0.34389999991367404
1.334499999665013
0.8361999997900966
0.6898999998268209
1.733499999564856
0.6732999998309879
0.6335999998409534
0.6477999998373889
0.6654999998329458
0.6188999998446434
0.4391999998897518
1.5634999996075294
0.6940999998257666
0.6610999998340503
0.7163999998201689
1.0242999997428797
0.675099999830536
0.6254999998429867
0.6471999998375395
0.677099999830034
0.7438999998132658
0.8288999997919291
0.7939999998006897
0.9624999997583927
0.6958999998253148
0.6507999998366358
0.7068999998225536
1.0498999997364535
0.6753999998304607
1.3863999996519851
1.7858999995517024
1.5250999996171686
0.34739999991279547
1.3738999996551229
1.4233999996426974
0.9617999997585684
0.6865999998276493
0.6557999998353807
0.6940999998257666
0.8137999997957195
0.7121999998212232
1.4722999996304225
0.31969999991974873
1.4730999996302216
0.7098999998218005
1.4557999996345643
1.595199999599572
0.5461999998628926
0.518399999869871
0.5439999998634448
0.5789999998546591
0.5998999998494128
0.6138999998458985
0.6258999998428862
0.6382999998397736
0.6529999998360836
0.6645999998331718
0.3709999999068714
1.0421999997383864
1.2447999996875296
1.412899999645333
1.7150999995694747
1.492399999625377
1.3438999996626535
0.5404999998643234
0.5737999998559644
0.6175999998449697
0.6483999998372383
0.6873999998274485
0.7871999998023966
0.7683999998071158
1.4172999996442286
0.5626999998587507
0.45069999988686504
0.6548999998356066
0.9065999997724248
1.2390999996889605
1.477699999629067
1.2350999996899645
1.0036999997480507
1.4586999996338363
1.3744999996549723
1.390499999650956
1.4568999996342882
0.8871999997772946
1.3274999996667702
1.616899999594125
0.6436999998384181
1.430699999640865
1.5685999996062492
0.6392999998395226
1.5614999996080314
0.8249999997929081
0.8712999997812858
0.744699999813065
0.9129999997708182
1.2273999996918974
1.47469999962982
1.3895999996511819
0.4874999998776275
0.549699999862014
0.639899999839372
0.708499999822152
1.0345999997402942
0.6902999998267205
0.6083999998472791
0.6475999998374391
0.6930999998260177
0.8245999997930085
0.7441999998131905
1.5427999996127255
0.6942999998257164
1.6262999995917653
0.7135999998208717
0.6931999998259926
0.8105999997965228
0.7327999998160521
1.4568999996342882
0.8066999997975017
0.8349999997903979
0.9005999997739309
0.670199999831766
1.4464999996368988
1.4249999996422957
0.7183999998196668
0.3323999999165608
1.5891999996010782
0.6859999998277999
0.6396999998394222
0.6744999998306866
0.7437999998132909
0.8510999997863564
0.7599999998092244
1.007399999747122
0.7957999998002379
1.7191999995684455
1.4968999996242474
1.4613999996331586
0.7646999998080446
1.5799999996033876
1.3935999996501778
1.3709999996558508
1.6591999995835067
1.4925999996253267
1.5577999996089602
0.7738999998057352
0.9732999997556817
0.6929999998260428
1.392299999650504
1.4467999996368235
1.5019999996229672
0.5932999998510695
0.5674999998575458
0.49449999987587034
0.5393999998645995
0.6173999998450199
0.6638999998333475
0.7331999998159517
0.8923999997759893
0.7267999998175583
0.7568999998100026
1.5008999996232433
0.26099999993448364
1.672599999580143
1.4084999996464376
0.5348999998657291
1.4602999996334347
0.7581999998096762
1.3400999996636074
0.5197999998695195
0.5510999998616626
0.599699999849463
0.6279999998423591
0.6540999998358075
0.6925999998261432
0.8062999997976021
0.7311999998164538
1.4359999996395345
0.44019999988950076
1.2303999996911443
0.6663999998327199
0.7090999998220013
0.8510999997863564
0.7977999997997358
0.7029999998235326
0.8952999997752613
0.29959999992479425
1.7812999995528571
1.3690999996563278
0.3986999998999181
0.8664999997824907
1.2899999996761835
1.4583999996339116
1.0485999997367799
1.2186999996940813
1.3868999996518596
1.4439999996375263
1.4310999996407645
0.6431999998385436
0.5879999998523999
0.43099999989181015
1.400199999648521
0.6031999998485844
0.5495999998620391
0.4676999998825977
0.6194999998444928
0.7146999998205956
1.2803999996785933
0.4186999998948977
0.6513999998364852
1.3593999996587627
0.7056999998228548
0.3555999999107371
1.3074999996717906
0.8117999997962215
0.7199999998192652
1.4607999996333092
0.3443999999135485
1.3416999996632057
0.8139999997956693
0.8321999997911007
1.5443999996123239
0.7048999998230556
0.6723999998312138
0.7300999998167299
0.883899999778123
0.7342999998156756
0.7324999998161275
0.8930999997758136
0.7219999998187632
0.7269999998175081
0.9188999997693372
0.7130999998209973
0.7097999998218256
1.3053999996723178
0.44099999988929994
0.6036999998484589
1.3615999996582104
0.6631999998335232
0.5052999998731593
0.5739999998559142
1.4567999996343133
0.7627999998085215
1.3075999996717655
0.4858999998780291
0.5541999998608844
0.6415999998389452
0.7104999998216499
1.0146999997452895
0.690799999826595
0.6176999998449446
0.6646999998331466
0.7353999998153995
0.8852999997777715
0.7323999998161526
0.7898999998017189
1.4193999996437014
0.8059999997976774
0.9181999997695129
0.7112999998214491
0.695699999825365
0.975999999755004
0.7930999998009156
1.755899999559233
1.6292999995910122
0.7389999998144958
0.7179999998197673
1.0138999997454903
0.6695999998319166
0.6326999998411793
0.6516999998364099
0.680999999829055
0.7568999998100026
0.6823999998287036
1.124799999717652
0.7112999998214491
1.4097999996461112
1.6903999995756749
0.6495999998369371
1.373699999655173
1.4085999996464125
1.498199999623921
0.7362999998151736
0.8665999997824656
1.2801999996786435
1.637399999588979
0.7037999998233317
0.6791999998295069
0.7530999998109564
0.8187999997944644
0.809399999796824
1.1068999997221454
0.5297999998670093
1.3626999996579343
0.7702999998066389
0.7109999998215244
1.1854999997024152
0.6880999998272728
0.6128999998461495
0.6434999998384683
0.6791999998295069
0.7570999998099524
0.8168999997949413
0.8176999997947405
1.407199999646764
0.29469999992602425
1.4013999996482198
1.4388999996388065
0.627099999842585
0.6159999998453713
0.44569999988812015
0.5911999998515967
0.9020999997735544
1.2593999996838647
1.454199999634966
1.4213999996431994
0.5960999998503667
0.4235999998936677
0.6576999998349038
1.3583999996590137
0.6233999998435138
0.4138999998961026
0.653599999835933
1.37669999965442
1.0442999997378593
0.6617999998338746
0.6222999998437899
0.6297999998419073
0.6318999998413801
0.562499999858801
0.45119999988673953
0.7881999998021456
1.3765999996544451
1.529499999616064
0.532999999866206
0.5335999998660554
0.571299999856592
0.5951999998505926
0.6103999998467771
0.6225999998437146
0.6345999998407024
0.6482999998372634
0.6626999998336487
0.4667999998828236
0.6236999998434385
1.4262999996419694
0.8135999997957697
1.5665999996067512
0.24909999993747078
1.7581999995586557
1.5610999996081318
0.7950999998004136
0.9766999997548282
0.6909999998265448
0.6423999998387444
0.6849999998280509
0.7864999998025723
0.7812999998038777
1.4318999996405637
0.624199999843313
0.4719999998815183
0.5561999998603824
0.9056999997726507
1.2602999996836388
1.4408999996383045
1.4263999996419443
0.7340999998157258
0.3215999999192718
1.4434999996376519
0.7252999998179348
1.5488999996111943
0.7390999998144707
0.7902999998016185
0.8684999997819887
1.3468999996619004
0.7627999998085215
0.790799999801493
0.8819999997785999
1.2549999996849692
0.9761999997549538
0.833899999790674
0.7876999998022711
1.3312999996658164
0.4002999998995165
0.9495999997616309
1.2673999996818566
1.483499999627611
1.698099999573742
1.7762999995541122
0.2381999999402069
1.5556999996094873
1.5312999996156123
1.459099999633736
1.4112999996457347
0.5660999998578973
0.47529999988068994
1.4068999996468392
0.7931999998008905
0.8816999997786752
1.3376999996642098
0.9245999997679064
0.7786999998045303
1.4263999996419443
0.8535999997857289
0.6098999998469026
1.593299999600049
0.8245999997930085
0.8968999997748597
0.7215999998188636
0.7288999998170311
1.1962999996997041
0.4486999998873671
0.7903999998015934
1.3699999996561019
1.427699999641618
0.5490999998621646
0.47019999988197014
0.6155999998454718
0.7042999998232062
1.2573999996843668
0.4768999998802883
0.5940999998508687
0.677099999830034
0.823099999793385
1.285599999677288
1.1505999997111758
0.7024999998236581
1.409999999646061
1.8933999995247177
0.9061999997725252
0.8040999997981544
0.9244999997679315
1.293499999675305
1.586499999601756
0.7236999998183364
0.7255999998178595
0.9261999997675048
0.7062999998227042
0.6827999998286032
0.806399999797577
0.7983999997995852
1.42569999964212
0.8517999997861807
0.7588999998095005
0.9271999997672538
0.7693999998068648
1.841099999537846
1.1695999997064064
0.6906999998266201
0.6217999998439154
0.6590999998345524
0.713299999820947
1.1040999997228482
0.6631999998335232
0.6060999998478565
0.6187999998446685
0.6304999998417316
0.6433999998384934
0.6580999998348034
0.6318999998413801
0.40139999989924036
1.3851999996522864
0.8547999997854276
0.7566999998100528
0.8483999997870342
0.7545999998105799
1.537399999614081
0.7298999998167801
0.7637999998082705
1.5476999996114955
0.28039999992961384
1.3694999996562274
1.782499999552556
1.4613999996331586
0.33929999991482873
1.5654999996070273
0.692799999826093
0.6533999998359832
0.7029999998235326
0.9035999997731778
0.6961999998252395
1.4308999996408147
1.4339999996400365
0.9231999997682578
0.25159999993684323
1.7743999995545892
1.726599999566588
0.6867999998275991
0.6400999998393218
0.6573999998349791
0.6817999998288542
0.39609999990057077
1.3626999996579343
0.6027999998486848
0.5851999998531028
0.5046999998733099
0.5162999998703981
0.6274999998424846
0.6957999998253399
0.9450999997627605
0.7763999998051077
1.8093999995458034
1.3339999996651386
0.4533999998861873
1.359099999658838
0.6842999998282266
