0.8138999999999105
1.2444000000009787
0.8078000000017047
1.6419999999992356
1.6177999999962296
0.6886999999983949
0.6995999999983695
0.7387999999982782
0.8447999999980311
0.8031999999981281
0.7631999999982213
0.7873999999981649
1.1411999999973403
0.989899999997693
0.7646999999982178
0.7427999999982688
0.7586999999982336
0.8463999999980274
1.572099999996336
0.8031999999981281
0.8273999999980717
1.565699999996351
0.6886999999983949
0.6972999999983749
0.7283999999983024
0.8386999999980453
0.8314999999980621
0.7789999999981845
0.8158999999980985
1.225899999997143
1.3063999999969553
0.720399999998321
1.9239000000119972
1.6526000000548606
1.4562000000483408
1.4218000000471989
1.4952000000496355
1.4053000000466511
0.7735000000256775
0.7826000000259796
0.9640000000320015
1.3176000000437398
1.6339000000542399
1.4391000000477732
0.8151000000270585
0.7802000000259
1.457200000048374
0.7389000000245289
0.782700000025983
1.4342000000476105
0.7656000000254153
0.8268000000274469
1.468800000048759
0.8411000000279216
1.5389000000510862
1.3400000000444834
1.1436000000379636
0.7612000000252692
0.7364000000244459
0.9030000000299765
1.207600000040081
0.8195000000272046
0.8217000000272776
1.5794000000524306
1.3344000000442975
1.698400000056381
1.0757000000357095
0.9925000000329476
0.8274000000274668
1.5496000000514414
1.652700000054864
0.738300000024509
1.9622000000651383
1.6375000000543594
1.4520000000482014
0.8346000000277058
0.7344000000243796
0.7817000000259497
1.4615000000485168
0.7281000000241704
0.7596000000252161
0.897200000029784
2.0399000000677177
0.8804000000292262
1.6589000000550698
0.7111000000236061
0.6927000000229953
0.6880000000228392
0.6922000000229787
0.7102000000235762
0.7793000000258701
0.8705000000288976
0.7925000000263083
0.7951000000263946
1.2809000000425215
1.1426000000379304
1.8660000000619448
1.6558000000549669
1.886400000062622
1.6373000000543527
1.343000000044583
1.6974000000563478
1.2524000000415754
0.8500000000282171
1.523200000050565
1.2098000000401612
0.9472000000314438
0.7573000000251398
0.7220000000239679
0.7145000000237189
0.7225000000239845
0.748300000024841
0.8291000000275233
1.7596000000584127
0.9469000000314338
0.7972000000264643
0.7497000000248875
0.7522000000249704
0.8034000000266701
1.4148000000469665
1.111800000036908
0.7808000000259199
1.9167000000636278
2.326200000077222
0.7554000000250767
0.7163000000237787
0.7622000000253024
1.118700000037137
0.928800000030833
1.526000000050658
0.777400000025807
0.9871000000327683
1.3199000000438161
2.2500000000746923
0.7876000000261456
0.738600000024519
0.7934000000263381
1.4317000000475275
0.7617000000252858
0.9108000000302354
1.4896000000494496
1.4546000000482877
1.6101000000534498
0.8170000000271216
1.043300000034634
1.0240000000339933
0.8908000000295715
1.5186000000504123
1.4354000000476503
0.9152000000303815
1.8031000000598567
0.8504000000282304
0.8223000000272975
0.7615000000252792
0.7347000000243895
0.7407000000245887
0.7807000000259166
1.4272000000473781
0.7568000000251232
0.7675000000254784
0.869700000028871
1.4698000000487923
0.8791000000291831
1.4892000000494363
1.6239000000539079
0.767700000025485
0.7381000000245024
0.8322000000276262
1.227900000040762
1.7399000000577587
0.8541000000283532
2.009600000066712
0.9233000000306504
2.0204000000670703
0.9264000000307533
0.8655000000287316
1.4423000000478794
1.4061000000466777
0.7860000000260925
0.728600000024187
0.7179000000238318
0.7252000000240741
0.7522000000249704
0.8473000000281274
1.5725000000522016
1.342100000044553
0.8172000000271282
1.6332000000542166
1.4072000000467142
0.8436000000280046
0.8906000000295649
2.0924000000694605
0.8348000000277125
0.8147000000270452
1.517600000050379
1.440300000047813
0.9098000000302022
1.8318000000608095
1.1363000000377212
1.835400000060929
1.6563000000549835
2.2905000000760367
0.7587000000251862
0.7395000000245489
0.943500000031321
1.130000000037512
0.7770000000257937
2.1725000000721195
0.8315000000276029
0.8225000000273042
1.6063000000533236
1.2990000000431223
1.611100000053483
1.3443000000446261
1.5656000000519725
0.9346000000310255
1.2937000000429464
1.612700000053536
0.9156000000303948
1.0260000000340597
1.2496000000414824
0.7967000000264477
1.4493000000481118
1.1289000000374756
1.2197000000404898
1.9282000000640096
1.5893999998807828
1.4773999996291423
0.8626999997834446
1.495299999624649
0.9272999997672287
1.4459999996370243
1.4681999996314516
0.9393999997641913
2.1111999994700454
0.8013999997988321
1.9896999995005444
0.9878999997520168
0.822099999793636
1.5812999996030612
1.4434999996376519
0.9237999997681072
1.7711999995553924
1.367999999656604
0.7473999998123873
0.7127999998210726
0.7643999998081199
1.0127999997457664
1.67069999958062
0.7046999998231058
0.695699999825365
0.7216999998188385
0.7542999998106552
0.7384999998146213
0.7078999998223026
0.6925999998261432
0.6884999998271724
0.6932999998259675
0.712399999821173
0.7880999998021707
0.8809999997788509
0.8012999997988572
0.8265999997925064
0.9462999997624593
1.4789999996287406
0.7845999998030493
0.7385999998145962
0.7934999998008152
1.433599999640137
0.7487999998120358
0.8292999997918287
1.7691999995558945
0.8613999997837709
0.8383999997895444
0.7693999998068648
0.7503999998116342
0.7765999998050575
1.0270999997421768
1.3102999996710878
2.0393999994880687
1.5368999996142065
0.742799999813542
0.7762999998051328
1.4705999996308492
0.7629999998084713
0.7161999998202191
0.7042999998232062
0.7055999998228799
0.7170999998199932
0.7435999998133411
0.8078999997972005
1.4134999996451825
0.8402999997890674
1.5993999995985178
0.8488999997869087
1.1575999997094186
0.8785999997794534
1.5513999996105667
1.1599999997088162
1.3181999996691047
0.7610999998089483
0.7244999998181356
0.7806999998040283
1.3503999996610219
0.8151999997953681
0.7659999998077183
0.962199999758468
1.9140999995195216
1.8331999995398292
0.8820999997785748
0.8450999997878625
0.7727999998060113
0.7663999998076179
0.8324999997910254
1.5253999996170933
0.7953999998003383
1.9682999995059163
1.0099999997464693
1.5649999996071529
0.7234999998183866
0.7265999998176085
0.7507999998115338
0.8373999997897954
1.6164999995942253
0.9741999997554558
1.0208999997437331
0.8908999997763658
0.9682999997569368
2.0493999994855585
0.8760999997800809
1.456999999634263
1.2253999996923994
0.9408999997638148
0.9573999997596729
0.8129999997959203
2.044199999486864
1.1083999997217688
0.762299999808647
1.9427999995123173
1.9982999994983857
0.9871999997521925
1.03369999974052
1.8907999995253704
1.6198999995933718
0.8748999997803821
1.5083999996213606
0.7203999998191648
0.747599999812337
0.8222999997935858
1.5453999996120729
1.3781999996540435
1.5470999996116461
1.4278999996415678
0.8786999997794283
1.5194999996185743
0.7810999998039279
1.3617999996581602
0.8153999997953179
0.7364999998151234
0.7226999998185875
0.7301999998167048
0.7612999998088981
0.9096999997716466
1.9128999995198228
1.028899999741725
1.668699999581122
0.8065999997975268
0.9174999997696887
0.9213999997687097
0.990699999751314
0.8076999997972507
0.8623999997835199
1.413999999645057
0.7022999998237083
0.7184999998196417
0.7639999998082203
1.220899999693529
0.8576999997846997
1.597299999599045
1.1705999997061554
1.8748999995293616
1.9092999995207265
2.1640999994567665
0.8055999997977779
1.6596999995833812
1.4358999996395596
0.7924999998010662
0.7579999998097264
0.8619999997836203
2.036199999488872
0.8901999997765415
0.9362999997649695
2.142799999462113
0.7816999998037772
2.234299999439145
0.8004999997990581
0.7445999998130901
0.8111999997963721
1.463899999632531
1.4891999996261802
0.836799999789946
1.5085999996213104
1.3949999996498263
0.8368999997899209
0.7276999998173324
0.7055999998228799
0.7002999998242103
0.7051999998229803
0.7204999998191397
0.7558999998102536
0.9983999997493811
1.206199999697219
0.8814999997787254
1.4899999996259794
1.5172999996191265
0.708399999822177
0.7269999998175081
0.7708999998064883
1.2303999996911443
1.6048999995971371
0.7654999998078438
0.7890999998019197
1.1152999997200368
1.0071999997471721
0.7746999998055344
0.7619999998087224
0.8110999997963972
1.3858999996521106
1.0701999997313578
0.7752999998053838
0.7634999998083458
1.364899999657382
0.8041999997981293
1.8809999995278304
1.6303999995907361
1.5870999996016053
1.394399999649977
1.5182999996188755
1.3118999996706862
0.8394999997892683
0.7911999998013926
0.8836999997781732
1.422699999642873
0.922999999768308
1.5793999996035382
1.2643999996826096
2.0867999994761703
0.7514999998113581
0.7420999998137177
0.7924999998010662
0.7508999998115087
0.717299999819943
0.708499999822152
0.7131999998209722
0.7306999998165793
0.7721999998061619
1.1565999997096696
1.8168999995439208
1.9190999995182665
2.035099999489148
1.6034999995974886
0.7350999998154748
0.7192999998194409
0.7247999998180603
0.7496999998118099
0.8342999997905736
1.6478999995863433
0.9951999997501844
0.904399999772977
1.0260999997424278
0.7921999998011415
2.0329999994896752
1.2656999996822833
1.7761999995541373
1.903899999522082
1.8963999995239647
1.820599999542992
0.8049999997979285
2.2257999994412785
0.7666999998075426
2.0719999994798854
0.9855999997525942
2.002899999497231
0.9215999997686595
1.4441999996374761
0.9970999997497074
1.25909999968394
1.5928999996001494
1.525699999617018
0.7136999998208466
0.7340999998157258
0.7813999998038526
1.4850999996272094
0.7104999998216499
0.7249999998180101
0.7587999998095256
0.869199999781813
2.1041999994718026
0.8069999997974264
1.7213999995678932
1.1109999997211162
0.9237999997681072
0.8344999997905234
1.509899999620984
1.412999999645308
0.9910999997512135
0.8102999997965981
2.140099999462791
0.8165999997950166
0.8415999997887411
1.9729999995047365
0.7915999998012921
0.7654999998078438
0.8100999997966483
1.3498999996611474
1.1624999997081886
0.738799999814546
1.9424999995123926
1.9349999995142753
1.0920999997258605
1.9370999995137481
1.8011999995478618
1.8497999995356622
1.9180999995185175
2.1455999994614103
0.8459999997876366
1.0049999997477244
1.8523999995350096
1.5943999995997729
1.6002999995982918
0.6934999998259173
0.7033999998234322
0.7342999998156756
0.8998999997741066
0.9519999997610284
0.9695999997566105
0.8188999997944393
0.849599999786733
1.5469999996116712
1.365899999657131
2.1180999994683134
0.8427999997884399
1.5193999996185994
1.1818999997033188
0.9723999997559076
0.7513999998113832
0.7267999998175583
0.7291999998169558
0.754499999810605
0.8537999997856787
1.5277999996164908
1.444399999637426
0.8410999997888666
0.7362999998151736
0.7868999998024719
1.4420999996380033
0.766299999807643
0.9456999997626099
1.4066999996468894
2.038999999488169
1.0218999997434821
0.7983999997995852
2.0307999994902275
1.1142999997202878
1.8415999995377206
2.034399999489324
1.5552999996095878
0.755499999810354
0.7846999998030242
1.3055999996722676
0.8439999997881387
0.7551999998104293
0.7516999998113079
0.7945999998005391
1.3839999996525876
0.8437999997881889
0.9645999997578656
0.8790999997793278
1.2986999996739996
0.8389999997893938
0.8570999997848503
1.845099999536842
1.0867999997271909
0.8899999997765917
1.496199999624423
1.5789999996036386
0.7882999998021205
0.7396999998143201
0.7960999998001625
1.4273999996416933
0.7884999998020703
1.4308999996408147
0.8082999997971001
0.9986999997493058
1.17579999970485
1.0096999997465446
0.8012999997988572
0.8009999997989325
1.421699999643124
0.7530999998109564
0.8512999997863062
1.5538999996099392
1.5261999996168925
0.768199999807166
0.7185999998196166
0.7550999998104544
1.3833999996527382
0.8435999997882391
0.7177999998198175
0.7459999998127387
0.8172999997948409
1.401299999648245
0.8556999997852017
1.518699999618775
1.0012999997486531
1.2763999996795974
0.767199999807417
1.0143999997453648
1.8415999995377206
1.5887999996011786
1.460899999633284
0.7743999998056097
1.4827999996277867
0.7205999998191146
0.7242999998181858
0.7473999998123873
0.8233999997933097
1.6202999995932714
1.257199999684417
1.601199999598066
1.1124999997207397
1.8769999995288345
2.0041999994969046
1.5192999996186245
0.945599999762635
1.3431999996628292
1.7114999995703783
1.0726999997307303
0.9070999997722993
0.9091999997717721
0.8768999997798801
1.4377999996390827
1.4147999996448561
0.8697999997816623
0.879899999779127
1.5366999996142567
0.7063999998226791
0.7224999998186377
0.759399999809375
0.9439999997630366
1.3047999996724684
1.5362999996143571
0.852499999786005
2.032399999489826
0.7686999998070405
0.7487999998120358
0.7742999998056348
0.9843999997528954
1.333599999665239
2.252699999434526
0.777999999804706
0.7405999998140942
0.8016999997987568
1.424799999642346
0.7400999998142197
0.797599999799786
1.4513999996356688
1.1313999997159954
0.9912999997511633
0.7706999998065385
0.7471999998124375
0.7661999998076681
0.8865999997774452
1.43059999964089
1.7036999995723363
0.6935999998258922
0.6891999998269966
0.6941999998257415
0.713299999820947
0.7908999998014679
0.8981999997745334
0.8178999997946903
0.8940999997755625
0.9398999997640658
1.408999999646312
1.6416999995878996
0.8344999997905234
1.9520999995099828
1.5115999996205574
1.3547999996599174
0.8060999997976523
0.7786999998045303
0.852499999786005
1.5989999995986182
0.7785999998045554
0.7333999998159015
0.7825999998035513
0.9746999997553303
1.9082999995209775
2.009599999495549
0.9096999997716466
0.878899999779378
0.957299999759698
2.1044999994717273
0.8178999997946903
0.8471999997873354
1.974399999504385
0.8824999997784744
0.8856999997776711
0.9343999997654464
2.0218999994924616
0.9119999997710693
0.873099999780834
1.4254999996421702
1.137599999714439
1.338599999663984
1.893199999524768
2.0525999994847552
1.1765999997046492
1.7729999995549406
1.8846999995269016
1.8030999995473849
0.8244999997930336
1.2112999996959388
1.0333999997405954
1.5205999996182982
0.8620999997835952
1.504199999622415
1.5296999996160139
0.844699999787963
0.9510999997612544
1.9957999994990132
0.8636999997831936
1.4232999996427225
0.7949999998004387
1.4377999996390827
0.9072999997722491
1.3593999996587627
1.5674999996065253
0.7399999998142448
0.742799999813542
0.7819999998037019
1.4152999996447306
0.7651999998079191
0.7729999998059611
0.8891999997767925
1.4189999996438019
1.105199999722572
1.8285999995409838
1.5963999995992708
1.459099999633736
1.5884999996012539
0.826999999792406
2.1514999994599293
0.8040999997981544
0.8127999997959705
1.4054999996471906
0.7535999998108309
0.8551999997853272
1.5773999996040402
1.37669999965442
0.843699999788214
0.9663999997574138
1.894199999524517
1.785299999551853
0.8497999997866827
0.9272999997672287
0.8515999997862309
1.1822999997032184
0.7751999998054089
0.7944999998005642
0.8353999997902974
0.7664999998075928
0.7601999998091742
0.8135999997957697
1.4136999996451323
0.9610999997587442
0.827999999792155
0.893699999775663
2.1072999994710244
0.8146999997954936
0.8351999997903476
1.6552999995844857
1.3128999996704351
1.9938999994994901
1.575699999604467
1.5910999996006012
0.7856999998027732
0.730999999816504
0.7751999998054089
0.9400999997640156
1.952799999509807
1.5077999996215112
0.9815999997535982
1.3352999996648123
2.3072999994208203
0.7602999998091491
0.7208999998190393
0.7689999998069652
1.51389999961998
0.7626999998085466
0.6991999998244864
0.721199999818964
0.8223999997935607
0.9775999997546023
1.0683999997318097
0.7672999998073919
2.0033999994971055
1.5339999996149345
1.1632999997079878
0.9960999997499584
0.9593999997591709
0.8106999997964977
2.0305999994902777
0.930899999766325
0.8314999997912764
1.5198999996184739
1.453099999635242
0.8898999997766168
0.9191999997692619
2.000099999497934
1.0588999997341944
0.7783999998046056
0.7811999998039028
1.2723999996806015
0.8061999997976272
2.060699999482722
0.9660999997574891
1.4329999996402876
0.8036999997982548
1.0198999997439842
1.1330999997155686
1.017999999744461
0.7840999998031748
2.147899999460833
0.8270999997923809
0.8910999997763156
2.1043999994717524
0.8202999997940879
0.845599999787737
1.9365999995138736
0.9566999997598487
0.8411999997888415
1.505099999622189
0.874999999780357
1.4557999996345643
0.9335999997656472
2.101999999472355
0.8079999997971754
1.6822999995777081
1.2005999996986247
0.9472999997622082
0.8552999997853021
1.4395999996386308
0.7982999997996103
1.4233999996426974
0.9312999997662246
0.8654999997827417
2.006999999496202
0.8451999997878374
0.9110999997712952
1.3664999996569804
0.9368999997648189
1.4693999996311504
0.9232999997682327
1.3939999996500774
0.8793999997792525
1.448299999636447
0.7501999998116844
0.796599999800037
1.4010999996482951
0.8686999997819385
0.8802999997790266
1.006299999747398
1.9732999995046612
1.0250999997426788
1.9231999995172373
1.8153999995442973
0.951499999761154
0.8075999997972758
0.7594999998093499
0.7713999998063628
0.8905999997764411
1.4175999996441533
1.6433999995874728
0.7010999998240095
0.695699999825365
0.6999999998242856
0.7147999998205705
0.7570999998099524
1.0893999997265382
0.9630999997582421
1.1981999996992272
1.7485999995610655
1.6943999995746708
1.9143999995194463
0.9146999997703915
1.9824999995024655
0.9124999997709438
0.8423999997885403
1.4929999996252263
0.9219999997685591
1.396399999649475
1.5878999996014045
1.40119999964827
1.5121999996204067
0.8065999997975268
1.4193999996437014
1.050499999736303
0.7861999998026477
0.8337999997906991
1.1635999997079125
0.825099999792883
1.7612999995578775
0.9767999997548031
0.8560999997851013
0.826999999792406
0.9804999997538744
0.9562999997599491
1.2869999996769366
0.7464999998126132
1.9770999995037073
1.7938999995496943
0.8219999997936611
0.9293999997667015
0.8833999997782485
1.053399999735575
0.7902999998016185
0.867199999782315
1.0674999997320356
0.8663999997825158
1.5212999996181225
0.7526999998110568
0.8260999997926319
1.5867999996016806
0.8052999997978532
2.167599999455888
0.8028999997984556
0.8032999997983552
1.4170999996442788
0.8018999997987066
1.4533999996351668
0.9893999997516403
1.0328999997407209
1.071899999730931
0.8062999997976021
1.6967999995740684
1.1733999997054525
0.9967999997497827
0.8064999997975519
0.813299999795845
1.4122999996454837
0.9341999997654966
1.408999999646312
2.0230999994921604
0.7979999997996856
0.8134999997957948
0.9781999997544517
1.1812999997034694
0.993599999750586
0.8283999997920546
0.9100999997715462
2.01859999949329
0.946599999762384
2.177299999453453
0.7739999998057101
1.9356999995140995
1.671699999580369
0.8897999997766419
1.418799999643852
1.4230999996427727
0.8486999997869589
0.9150999997702911
1.3380999996641094
1.7364999995641028
0.8346999997904732
1.1360999997148156
0.9093999997717219
1.5299999996159386
0.9159999997700652
1.3647999996574072
1.5371999996141312
1.0247999997427542
1.255299999684894
1.6204999995932212
1.472699999630322
1.4484999996363968
1.5945999995997227
0.6977999998248379
0.7043999998231811
0.7228999998185373
0.7766999998050323
1.4044999996474417
0.786799999802497
0.7256999998178344
0.7636999998082956
0.8746999997804323
1.9718999995050126
0.8959999997750856
0.8588999997843985
1.47469999962982
1.421699999643124
0.8096999997967487
1.0055999997475737
1.06309999973314
0.9430999997632625
0.8782999997795287
0.9805999997538493
2.002799999497256
1.039699999739014
1.893099999524793
1.787299999551351
0.8458999997876617
0.9264999997674295
0.8521999997860803
1.480599999628339
0.767199999807417
1.8383999995385238
1.857799999533654
1.8898999995255963
1.957899999508527
1.6213999995929953
1.3763999996544953
0.9245999997679064
