0.8950999999999015
1.0028000000016186
3.053399999998307
0.9069999999978862
1.0139999999976368
0.8103999999981113
1.0721999999975012
0.8534999999980108
0.9140999999978696
1.5654999999963515
1.1508999999973177
0.8205999999980875
1.142999999997338
1.0309999999975972
1.6607999999961294
1.3132999999969392
1.631799999996197
0.8475999999980246
0.9216999999978519
0.9680999999977438
0.8185999999980922
1.1831999999972425
0.8900999999979256
1.5234999999964494
1.153399999997312
2.448500000011162
2.2209000000737262
1.5315000000508405
2.2009000000730623
1.506900000050024
0.843100000027988
1.162800000038601
1.2643000000419704
2.605000000086477
1.1632000000386142
1.3141000000436236
1.5153000000503027
0.8344000000276992
1.5223000000505351
0.9819000000325957
1.2396000000411505
1.5807000000524738
1.5566000000516738
1.5418000000511825
1.6537000000548971
1.0056000000333825
1.0498000000348497
0.8716000000289341
1.5209000000504815
1.4391000000477732
1.4433000000479126
2.4622000000817366
1.2193000000404766
1.0431000000346273
1.5897000000527726
1.5011000000498314
1.6267000000540008
2.5929000000860754
1.6528000000548673
1.5378000000510497
0.8355000000277357
1.5605000000518032
1.2020000000399023
0.8863000000294221
0.9837000000326555
2.4424000000810793
1.6726000000555246
1.075200000035693
0.8224000000273008
0.9858000000327252
0.8766000000291001
0.8620000000286154
1.074600000035673
0.8239000000273506
1.820100000060421
1.2237000000406226
2.1490000000713394
2.4947000000828154
2.3492000000779854
1.4202000000471457
2.1872000000726075
0.9308000000308994
2.113500000070161
1.5067000000500173
0.9354000000310521
0.8350000000277191
1.0861000000360548
0.8196000000272079
1.3279000000440817
1.8227000000605074
0.9203000000305508
1.0540000000349892
0.8159000000270851
1.2896000000428103
1.4652000000486396
1.226000000040699
1.8006000000597737
2.2588000000749844
1.6597000000550963
1.0854000000360315
0.9354000000310521
0.9199000000305375
2.1271000000706124
0.8512000000282569
1.4680000000487325
2.2075000000732814
1.6101000000534498
1.2606000000418476
1.3901000000461465
1.0069000000334256
0.9830000000326322
2.1478000000712996
1.5121000000501965
1.6013000000531576
1.309200000043461
1.5156000000503127
1.496600000049682
1.125600000037366
1.5331000000508936
2.2426000000744466
0.8102000000268959
1.0808000000358788
0.8442000000280245
0.9725000000322837
1.4295000000474545
1.2243000000406425
0.8463000000280942
1.4100000000468071
1.6686000000553918
1.5631000000518895
1.7288000000573902
1.2228000000405927
0.8430000000279847
1.4411000000478396
1.7624000000585056
2.0123000000668014
1.6461000000546449
2.1368000000709344
1.5173000000503691
1.465300000048643
1.31610000004369
1.1457000000380333
0.8096000000268759
1.1421000000379138
0.8681000000288179
0.9611000000319052
2.0911000000694173
0.9767000000324231
2.172600000072123
1.5441000000512588
1.4972000000497019
1.4665000000486828
1.5948000000529419
1.431200000047511
1.1213000000372233
2.0739000000688463
1.8963000000629506
1.605500000053297
2.2791000000756583
2.2106000000733843
1.6206000000537983
1.1495000000381594
0.8545000000283665
1.4027000000465648
2.3711000000787124
1.3763000000456884
1.6171000000536822
1.3294000000441315
2.3877000000792634
1.5937000000529054
1.1349000000376748
1.3281000000440883
2.1528000000714655
1.5292000000507642
1.5078000000500538
0.8821000000292827
1.523800000050585
1.1814000000392184
2.450500000081348
2.1758999998981494
1.5650999996071278
1.4505999996358696
1.6106999995956812
1.5861999996018312
2.182299999452198
1.5115999996205574
1.4965999996243227
2.2179999994432364
0.9892999997516654
2.07739999947853
1.5125999996203063
1.1252999997175266
2.111599999469945
1.57269999960522
0.8113999997963219
1.1452999997125062
0.9076999997721487
1.9741999995044353
0.8316999997912262
0.9629999997582672
0.8442999997880634
0.9193999997692117
0.9172999997697389
0.8330999997908748
1.0371999997396415
0.810399999796573
1.1125999997207145
0.8809999997788509
0.9037999997731276
1.5091999996211598
1.5458999996119474
1.2625999996830615
1.4133999996452076
0.9671999997572129
0.9089999997718223
2.2157999994437887
0.8146999997954936
1.0754999997300274
0.8967999997748848
0.8707999997814113
1.5474999996115457
2.620399999342226
1.6722999995802184
0.8520999997861054
1.7211999995679435
1.0782999997293246
0.839799999789193
0.9417999997635889
1.0042999997479
0.8321999997911007
1.4945999996248247
1.408999999646312
1.6634999995824273
1.0285999997418003
1.2479999996867264
1.5679999996063998
1.5398999996134535
1.6585999995836573
1.1274999997169743
0.9132999997707429
0.8773999997797546
1.5249999996171937
1.5234999996175702
1.3748999996548719
2.498499999372825
1.1227999997181541
0.8422999997885654
0.9614999997586438
1.1889999997015366
1.6309999995905855
1.459099999633736
1.6097999995959071
2.164699999456616
0.8234999997932846
1.1242999997177776
1.046599999737282
1.6819999995777835
1.270899999680978
0.9029999997733285
1.6210999995930706
2.128499999465703
1.5330999996151604
1.5651999996071027
0.9754999997551295
1.3879999996515835
1.4751999996296945
1.5789999996036386
1.5346999996147588
2.1416999994623893
2.178299999453202
1.6742999995797163
1.4575999996341125
2.1788999994530514
1.7297999995657847
1.2164999996946335
0.836799999789946
1.4401999996384802
1.449199999636221
2.3082999994205693
1.5123999996203565
1.6277999995913888
1.0077999997470215
1.6514999995854396
1.1168999997196352
0.831899999791176
1.0074999997470968
1.0381999997393905
0.9825999997533472
2.143999999461812
1.5136999996200302
1.6376999995889037
1.165099999707536
0.9125999997709187
1.520699999618273
0.861299999783796
1.6164999995942253
1.0950999997251074
0.8677999997821644
0.8933999997757383
1.4695999996311002
2.480899999377243
1.5816999996029608
2.3422999994120346
2.2960999994236317
1.4722999996304225
1.5817999996029357
1.5337999996149847
1.3662999996570306
1.5435999996125247
1.0908999997261617
1.4998999996234943
2.238099999438191
1.5408999996132025
2.101799999472405
0.841699999788716
1.4605999996333594
1.5218999996179718
1.5006999996232935
1.6224999995927192
1.713799999569801
0.8290999997918789
1.039599999739039
0.8113999997963219
1.103399999723024
0.8876999997771691
0.8944999997754621
1.5085999996213104
1.457099999634238
2.237999999438216
0.8228999997934352
1.1271999997170496
1.040599999738788
1.7031999995724618
1.2426999996880568
0.8609999997838713
1.5953999995995218
0.942599999763388
1.0622999997333409
0.8795999997792023
1.5251999996171435
1.5499999996109182
1.083799999727944
1.3820999996530645
1.458099999633987
2.5129999993691854
1.6939999995747712
2.159699999457871
1.6378999995888535
1.1269999997170999
0.9576999997595976
0.9374999997646682
2.154899999459076
1.6447999995871214
1.4358999996395596
2.393799999399107
0.8278999997921801
0.9721999997559578
0.8914999997762152
0.847599999787235
1.088699999726714
0.8241999997931089
1.735299999564404
1.2386999996890609
2.142199999462264
2.6333999993389625
1.7084999995711314
0.8706999997814364
1.0910999997261115
0.8374999997897703
1.442299999637953
1.6327999995901337
1.0331999997406456
1.3062999996720919
1.4583999996339116
2.526999999365671
1.7250999995669645
2.1628999994570677
2.658199999332737
1.141599999713435
2.773899999303694
1.3675999996567043
2.3491999994103026
1.4451999996372251
1.6175999995939492
1.522699999617771
1.0527999997357256
2.5961999993483005
1.6605999995831553
0.9189999997693121
1.1558999997098454
1.5438999996124494
0.8197999997942134
1.1634999997079376
1.049399999736579
1.5818999996029106
1.5173999996191014
2.1670999994560134
0.8419999997886407
1.4475999996366227
1.6096999995959322
1.5222999996178714
1.0400999997389135
2.720099999317199
1.319999999668653
1.120099999718832
1.5943999995997729
1.1730999997055278
0.8831999997782987
1.5234999996175702
1.128799999716648
2.484999999376214
2.8314999992892353
1.28849999967656
2.400499999397425
2.145899999461335
2.512499999369311
2.2068999994460228
1.1022999997233
1.9487999995108112
2.534899999363688
1.11209999972084
0.825999999792657
1.0226999997432813
0.9732999997556817
0.8742999997805327
1.5192999996186245
1.4469999996367733
1.5091999996211598
2.272199999429631
1.5086999996212853
1.607099999596585
1.6425999995876737
0.8574999997847499
1.0681999997318599
0.8193999997943138
1.373799999655148
1.5693999996060484
1.5915999996004757
0.9603999997589199
1.2284999996916213
1.5018999996229923
0.8618999997836454
1.0791999997290986
2.6656999993308546
1.5450999996121482
1.3515999996607206
2.5372999993630856
1.3131999996703598
2.1505999994601552
2.1916999994498383
0.825099999792883
1.634499999589707
1.0594999997340437
0.9307999997663501
0.8410999997888666
1.501199999623168
1.3391999996638333
1.4490999996362461
0.9622999997584429
1.5156999996195282
0.9339999997655468
2.144899999461586
1.5367999996142316
1.5495999996110186
1.6874999995764028
1.0447999997377337
1.1143999997202627
1.509099999621185
0.8719999997811101
1.5240999996174196
1.431599999640639
1.0070999997471972
1.4819999996279876
1.3370999996643604
1.4724999996303723
0.893699999775663
0.9394999997641662
2.119399999467987
1.5430999996126502
0.8168999997949413
1.2324999996906172
1.2074999996968927
1.1892999997014613
0.8306999997914772
1.4927999996252765
1.4251999996422455
1.5670999996066257
1.1276999997169241
1.3964999996494498
1.5554999996095376
1.3751999996547966
2.7472999993103713
1.01409999974544
1.5860999996018563
1.164999999707561
0.8373999997897954
1.131799999715895
1.198299999699202
1.580599999603237
2.869099999279797
1.1234999997179784
2.4002999993974754
2.1975999994483573
1.0149999997452142
2.060799999482697
1.6083999995962586
1.27869999967902
1.4155999996446553
1.1781999997042476
1.544199999612374
1.4136999996451323
1.7682999995561204
1.1040999997228482
0.8938999997756127
0.8577999997846746
1.448199999636472
1.5200999996184237
1.5143999996198545
2.225499999441354
0.8430999997883646
0.9780999997544768
1.3700999996560768
1.4418999996380535
2.340899999412386
1.2242999996926756
0.8629999997833693
1.5424999996128008
1.2613999996833627
1.3427999996629296
1.4252999996422204
1.1624999997081886
0.8146999997954936
1.196499999699654
1.0232999997431307
2.424399999391426
0.9658999997575393
1.0138999997454903
0.8116999997962466
1.057199999734621
0.8590999997843483
0.8928999997758638
1.3196999996687282
1.5485999996112696
1.5166999996192772
1.570799999605697
2.1706999994551097
1.5732999996050694
1.5623999996078055
1.1922999997007082
0.9644999997578907
1.7327999995650316
1.221899999693278
0.8505999997864819
1.4957999996245235
2.1805999994526246
1.576699999604216
1.4539999996350161
1.5122999996203816
2.2072999994459224
0.9496999997616058
2.004799999496754
1.0187999997442603
1.5830999996026094
1.5663999996068014
1.5312999996156123
1.5456999996119976
1.7518999995602371
1.2538999996852453
2.1451999994615107
2.854399999283487
1.1117999997209154
2.4277999993905723
2.2983999994230544
1.378599999653943
1.5381999996138802
1.5741999996048435
1.5261999996168925
1.4473999996366729
1.6938999995747963
0.9790999997542258
2.200899999447529
1.5416999996130016
1.3554999996597417
1.498299999623896
0.9859999997524937
2.3110999994198664
1.0138999997454903
1.0295999997415493
0.8615999997837207
1.55799999960891
1.1959999996997794
1.021099999743683
2.102699999472179
1.160199999708766
2.525099999366148
1.6303999995907361
1.6502999995857408
2.0376999994884955
1.6012999995980408
1.5063999996218627
0.9779999997545019
1.3138999996701841
1.5646999996072282
1.5475999996115206
1.5859999996018814
1.3666999996569302
2.4452999993861795
1.1622999997082388
0.8654999997827417
0.904399999772977
1.6440999995872971
1.0684999997317846
0.8209999997939121
1.1165999997197105
1.0012999997486531
1.5326999996152608
1.5110999996206829
0.9752999997551797
2.197899999448282
1.394299999650002
1.7361999995641781
1.2870999996769115
2.218499999443111
1.623599999592443
2.1248999994666065
0.8442999997880634
1.1221999997183048
1.2966999996745017
2.5747999993536723
1.1957999996998296
1.619799999593397
2.392799999399358
1.0068999997472474
0.8311999997913517
1.6783999995786871
1.0775999997295003
0.8697999997816623
0.8703999997815117
1.1891999997014864
1.0648999997326882
2.00389999949698
2.1824999994521477
1.5105999996208084
0.8493999997867832
1.4146999996448812
2.219399999442885
0.9851999997526946
1.9778999995035065
1.1566999997096445
1.5081999996214108
1.5152999996196286
1.5850999996021073
1.5537999996099643
1.1819999997032937
1.1261999997173007
1.9173999995186932
1.699199999573466
1.5182999996188755
0.8680999997820891
1.5293999996160892
1.4821999996279374
1.3918999996506045
2.214499999444115
1.0057999997475235
2.1638999994568167
1.2652999996823837
1.159099999709042
1.5518999996104412
1.4448999996373004
1.5821999996028353
1.441499999638154
1.6789999995785365
2.196799999448558
1.4631999996327067
1.6096999995959322
1.3533999996602688
1.0859999997273917
1.5094999996210845
1.4851999996271843
1.4899999996259794
1.4620999996329829
1.6134999995949784
0.9924999997508621
1.4500999996359951
1.52369999961752
1.5341999996148843
1.5357999996144827
1.527699999616516
1.5391999996136292
0.8694999997817376
1.4656999996320792
1.399199999648772
1.6360999995893053
1.4209999996432998
1.7708999995554677
1.9991999994981597
2.257799999433246
0.8192999997943389
1.086699999727216
0.9478999997620576
0.9542999997604511
2.485099999376189
1.1148999997201372
0.8158999997951923
1.0539999997354244
0.8989999997743325
0.8576999997846997
1.4415999996381288
1.6810999995780094
2.418499999392907
2.3510999994098256
1.5025999996229302
1.6146999995946771
0.9835999997530962
2.0689999994806385
0.9891999997516905
2.150799999460105
1.5264999996168171
2.1638999994568167
0.8793999997792525
1.5247999996172439
1.5553999996095627
1.0685999997317595
1.166999999707059
1.5250999996171686
1.6297999995908867
1.1754999997049254
0.8805999997789513
1.5260999996169176
0.8901999997765415
1.5426999996127506
2.6323999993392135
1.6731999995799924
0.8647999997829174
1.215999999694759
1.5173999996191014
0.8334999997907744
1.2263999996921484
1.1294999997164723
1.5709999996056467
1.319899999668678
1.6546999995846363
1.4097999996461112
2.1974999994483824
0.8815999997787003
1.5214999996180723
0.9177999997696134
1.501199999623168
1.528699999616265
1.4284999996414172
1.465799999632054
1.6076999995964343
1.439499999638656
1.001399999748628
1.4544999996348906
1.5434999996125498
1.4182999996439776
2.206599999446098
0.837799999789695
1.47959999962859
0.9997999997490297
1.4205999996434002
1.521699999618022
1.441499999638154
1.6563999995842096
2.3531999994092985
1.359999999658612
2.57209999935435
1.1615999997084145
1.5134999996200804
1.51879999961875
1.452099999635493
1.4987999996237704
2.2029999994470018
0.8899999997765917
0.9379999997645427
2.113499999469468
0.9713999997561586
2.1863999994511687
1.6224999995927192
1.3705999996559513
2.2138999994442656
1.5233999996175953
2.2716999994297566
0.8096999997967487
1.110099999721342
0.8644999997829927
0.910299999771496
1.5357999996144827
1.2069999996970182
0.9360999997650197
2.0757999994789316
0.9891999997516905
1.8768999995288596
1.2951999996748782
1.3322999996655653
1.5009999996232182
0.8531999997858293
1.3300999996661176
1.2039999996977713
2.749399999309844
1.307199999671866
2.5845999993512123
1.0654999997325376
0.966199999757464
0.8586999997844487
1.8638999995321228
2.310499999420017
2.2286999994405505
2.494699999373779
2.2582999994331203
1.5299999996159386
1.5233999996175953
1.4964999996243478
1.1619999997083141
2.645699999335875
1.498199999623921
1.2007999996985745
2.533999999363914
1.6806999995781098
2.283899999426694
1.2017999996983235
0.9128999997708434
1.6133999995950035
0.8123999997960709
1.1204999997187315
0.8410999997888666
1.531599999615537
0.9538999997605515
1.1597999997088664
0.8840999997780727
1.5303999996158382
1.5230999996176706
0.9045999997729268
1.5111999996206578
1.4424999996379029
1.4486999996363465
1.6111999995955557
1.5475999996115206
1.5904999996007518
2.1494999994604314
1.4860999996269584
1.7106999995705792
0.8418999997886658
1.151299999711
0.8666999997824405
1.5366999996142567
1.130799999716146
1.1988999996990515
1.5614999996080314
2.2954999994237824
1.426699999641869
1.5065999996218125
1.5904999996007518
1.3676999996566792
1.604999999597112
1.3850999996523115
1.678499999578662
0.9658999997575393
1.2653999996823586
1.5556999996094873
1.8220999995426155
1.0675999997320105
0.8854999997777213
0.8531999997858293
1.2370999996894625
1.5007999996232684
0.8561999997850762
1.2937999996752296
1.7575999995588063
0.9586999997593466
2.350699999409926
1.1916999997008588
0.8231999997933599
1.4229999996427978
1.4444999996374008
1.6456999995868955
1.526599999616792
0.8536999997857038
1.453099999635242
1.6660999995817747
2.2177999994432867
1.370799999655901
1.5115999996205574
1.4400999996385053
1.0890999997266135
1.5591999996086088
1.5377999996139806
1.4495999996361206
1.5191999996186496
1.5185999996188002
2.206499999446123
0.9889999997517407
2.1922999994496877
1.3114999996707866
1.1293999997164974
1.4764999996293682
1.5132999996201306
1.5773999996040402
1.5449999996121733
2.142799999462113
2.2433999994368605
2.005899999496478
1.1400999997138115
2.630999999339565
1.6301999995907863
1.0146999997452895
1.3880999996515584
1.4953999996246239
1.6437999995873724
1.1477999997118786
0.9088999997718474
1.6170999995940747
0.8130999997958952
1.1166999997196854
0.8378999997896699
1.5385999996137798
1.165099999707536
2.393699999399132
2.521399999367077
2.207599999445847
0.9351999997652456
0.8757999997801562
1.5211999996181476
1.515799999619503
1.2841999996776394
1.1900999997012605
1.2191999996939558
0.8491999997868334
1.479699999628565
2.247999999435706
1.529599999616039
1.5247999996172439
1.5033999996226157
1.333699999665214
2.4333999993891666
2.551499999359521
1.7256999995668139
1.6133999995950035
1.8396999995381975
1.2673999996818566
1.4547999996348153
1.6192999995935224
1.2125999996956125
0.9117999997711195
1.5420999996129012
0.8265999997925064
1.4456999996370996
1.4464999996368988
1.6140999995948278
1.5361999996143823
1.523599999617545
1.2202999996936796
2.3972999993982285
2.143199999462013
2.182199999452223
1.5346999996147588
1.5159999996194529
1.5064999996218376
0.8540999997856034
0.914199999770517
1.4122999996454837
1.4368999996393086
2.19479999944906
1.7613999995578524
1.4101999996460108
2.6647999993310805
1.4643999996324055
1.7024999995726375
1.5729999996051447
1.635399999589481
1.4181999996440027
1.6052999995970367
1.4475999996366227
1.5592999996085837
1.5593999996085586
1.213999999695261
1.1898999997013107
1.5401999996133782
2.205699999446324
1.6574999995839335
1.3102999996710878
1.0947999997251827
1.9661999995064434
2.4324999993893925
1.1766999997046241
0.821099999793887
1.2704999996810784
1.375699999654671
1.2193999996939056
1.5239999996174447
1.554999999609663
1.4434999996376519
1.5611999996081067
1.558999999608659
1.0165999997448125
1.3975999996491737
1.5653999996070525
1.4083999996464627
2.225299999441404
1.9345999995143757
1.0616999997334915
0.8439999997881387
0.9247999997678562
0.9918999997510127
0.8213999997938117
1.3092999996713388
1.5273999996165912
1.5249999996171937
1.7400999995631992
0.9428999997633127
1.1393999997139872
0.864299999783043
1.5420999996129012
1.1602999997087409
1.181799999703344
1.5311999996156374
1.438499999638907
2.174299999454206
0.885799999777646
1.5405999996132778
1.547299999611596
1.5820999996028604
2.040099999487893
