0.7209999999999979 0.698999999999923 0.8769999999999036
0.698999999999923 0.8769999999999036 0.6039999999999335
0.8769999999999036 0.6039999999999335 1.5110000000001507
0.6039999999999335 1.5110000000001507 1.3030000000004351
1.5110000000001507 1.3030000000004351 0.6760000000002258
1.3030000000004351 0.6760000000002258 0.575000000000192
0.6760000000002258 0.575000000000192 0.593000000000198
0.575000000000192 0.593000000000198 0.6029999999997884
0.593000000000198 0.6029999999997884 0.6089999999996625
0.6029999999997884 0.6089999999996625 0.6089999999996625
0.6089999999996625 0.6089999999996625 0.5869999999996747
0.6089999999996625 0.5869999999996747 0.4439999999997539
0.5869999999996747 0.4439999999997539 0.5659999999996863
0.4439999999997539 0.5659999999996863 0.6899999999996176
0.5659999999996863 0.6899999999996176 1.2549999999993044
0.6899999999996176 1.2549999999993044 0.5209999999997112
1.2549999999993044 0.5209999999997112 0.5749999999996813
0.5209999999997112 0.5749999999996813 0.6199999999996564
0.5749999999996813 0.6199999999996564 0.6519999999996386
0.6199999999996564 0.6519999999996386 0.6960000000001259
0.6519999999996386 0.6960000000001259 0.8460000000010339
0.6960000000001259 0.8460000000010339 0.6810000000008323
0.8460000000010339 0.6810000000008323 1.5830000000019346
0.6810000000008323 1.5830000000019346 0.7420000000009068
1.5830000000019346 0.7420000000009068 0.7550000000009227
0.7420000000009068 0.7550000000009227 0.8100000000009899
0.7550000000009227 0.8100000000009899 0.8230000000010058
0.8100000000009899 0.8230000000010058 1.490000000001821
0.8230000000010058 1.490000000001821 0.2980000000003642
1.490000000001821 0.2980000000003642 1.3180000000016108
0.2980000000003642 1.3180000000016108 1.4170000000017318
1.3180000000016108 1.4170000000017318 1.4850000000018149
1.4170000000017318 1.4850000000018149 0.7120000000008702
1.4850000000018149 0.7120000000008702 1.4920000000018234
0.7120000000008702 1.4920000000018234 0.8070000000009863
1.4920000000018234 0.8070000000009863 1.3869999999983733
0.8070000000009863 1.3869999999983733 0.29199999999931947
1.3869999999983733 0.29199999999931947 1.424999999996679
0.29199999999931947 1.424999999996679 0.7899999999981588
1.424999999996679 0.7899999999981588 1.44599999999663
0.7899999999981588 1.44599999999663 0.6319999999985271
1.44599999999663 0.6319999999985271 1.357999999996835
0.6319999999985271 1.357999999996835 0.4999999999988347
1.357999999996835 0.4999999999988347 1.4069999999967209
0.4999999999988347 1.4069999999967209 0.8549999999980074
1.4069999999967209 0.8549999999980074 1.3839999999967745
0.8549999999980074 1.3839999999967745 0.8819999999979444
1.3839999999967745 0.8819999999979444 0.8139999999981029
0.8819999999979444 0.8139999999981029 1.4179999999966952
0.8139999999981029 1.4179999999966952 0.7959999999981449
1.4179999999966952 0.7959999999981449 0.8759999999979584
0.7959999999981449 0.8759999999979584 1.339999999996877
0.8759999999979584 1.339999999996877 1.0349999999975878
1.339999999996877 1.0349999999975878 0.7339999999982894
1.0349999999975878 0.7339999999982894 1.4079999999967185
0.7339999999982894 1.4079999999967185 1.5049999999964925
1.4079999999967185 1.5049999999964925 0.7129999999983383
1.5049999999964925 0.7129999999983383 0.722999999998315
0.7129999999983383 0.722999999998315 1.2419999999971054
0.722999999998315 1.2419999999971054 0.3949999999990794
1.2419999999971054 0.3949999999990794 0.8709999999979701
0.3949999999990794 0.8709999999979701 1.2729999999970332
0.8709999999979701 1.2729999999970332 1.4629999999965904
1.2729999999970332 1.4629999999965904 0.9699999999977393
1.4629999999965904 0.9699999999977393 1.218999999997159
0.9699999999977393 1.218999999997159 1.4809999999978274
1.218999999997159 1.4809999999978274 1.1360000000054242
1.4809999999978274 1.1360000000054242 0.7810000000037292
1.1360000000054242 0.7810000000037292 1.6670000000079597
0.7810000000037292 1.6670000000079597 1.439000000006871
1.6670000000079597 1.439000000006871 1.6240000000077544
1.439000000006871 1.6240000000077544 0.7100000000033901
1.6240000000077544 0.7100000000033901 0.6860000000032755
0.7100000000033901 0.6860000000032755 0.7890000000037674
0.6860000000032755 0.7890000000037674 0.7290000000034809
0.7890000000037674 0.7290000000034809 1.3230000000063171
0.7290000000034809 1.3230000000063171 0.42800000000204363
1.3230000000063171 0.42800000000204363 0.6870000000032803
0.42800000000204363 0.6870000000032803 1.3420000000064078
0.6870000000032803 1.3420000000064078 0.6090000000029079
1.3420000000064078 0.6090000000029079 0.43200000000206273
0.6090000000029079 0.43200000000206273 1.5930000000076063
0.43200000000206273 1.5930000000076063 0.6780000000032373
1.5930000000076063 0.6780000000032373 0.6420000000030655
0.6780000000032373 0.6420000000030655 0.6740000000032182
0.6420000000030655 0.6740000000032182 0.7420000000035429
0.6740000000032182 0.7420000000035429 0.8210000000039201
0.7420000000035429 0.8210000000039201 0.795000000003796
0.8210000000039201 0.795000000003796 0.924000000004412
0.795000000003796 0.924000000004412 0.7020000000033519
0.924000000004412 0.7020000000033519 0.6820000000032564
0.7020000000033519 0.6820000000032564 0.8210000000039201
0.6820000000032564 0.8210000000039201 0.7690000000036719
0.8210000000039201 0.7690000000036719 1.559000000007444
0.7690000000036719 1.559000000007444 0.6810000000032517
1.559000000007444 0.6810000000032517 1.4450000000068997
0.6810000000032517 1.4450000000068997 1.408000000006723
1.4450000000068997 1.408000000006723 0.5540000000026453
1.408000000006723 0.5540000000026453 0.4380000000020914
0.5540000000026453 0.4380000000020914 0.7360000000035143
0.4380000000020914 0.7360000000035143 1.7180000000082032
0.7360000000035143 1.7180000000082032 0.6420000000030655
1.7180000000082032 0.6420000000030655 0.6060000000028936
0.6420000000030655 0.6060000000028936 0.6080000000029031
0.6060000000028936 0.6080000000029031 0.5970000000028506
0.6080000000029031 0.5970000000028506 0.5080000000024256
0.5970000000028506 0.5080000000024256 0.484000000002311
0.5080000000024256 0.484000000002311 0.644000000003075
0.484000000002311 0.644000000003075 0.7520000000035907
0.644000000003075 0.7520000000035907 1.2690000000060593
0.7520000000035907 1.2690000000060593 0.41200000000196724
1.2690000000060593 0.41200000000196724 1.3850000000066132
0.41200000000196724 1.3850000000066132 1.4780000000070572
1.3850000000066132 1.4780000000070572 0.5580000000026644
1.4780000000070572 0.5580000000026644 0.47200000000225373
0.5580000000026644 0.47200000000225373 0.5460000000026071
0.47200000000225373 0.5460000000026071 0.6200000000029604
0.5460000000026071 0.6200000000029604 0.6630000000031657
0.6200000000029604 0.6630000000031657 0.7300000000034856
0.6630000000031657 0.7300000000034856 0.8830000000042162
0.7300000000034856 0.8830000000042162 0.7230000000034522
0.8830000000042162 0.7230000000034522 0.7430000000035477
0.7230000000034522 0.7430000000035477 0.8610000000041111
0.7430000000035477 0.8610000000041111 0.7610000000036337
0.8610000000041111 0.7610000000036337 1.3710000000065463
0.7610000000036337 1.3710000000065463 0.9650000000046077
1.3710000000065463 0.9650000000046077 0.6920000000033042
0.9650000000046077 0.6920000000033042 0.6390000000030511
0.6920000000033042 0.6390000000030511 0.653000000003118
0.6390000000030511 0.653000000003118 0.62200000000297
0.653000000003118 0.62200000000297 0.38800000000185264
0.62200000000297 0.38800000000185264 1.359000000006489
0.38800000000185264 1.359000000006489 0.813000000003882
1.359000000006489 0.813000000003882 0.3030000000014468
0.813000000003882 0.3030000000014468 1.408000000006723
0.3030000000014468 1.408000000006723 0.8610000000041111
1.408000000006723 0.8610000000041111 1.3030000000062216
0.8610000000041111 1.3030000000062216 1.452000000006933
1.3030000000062216 1.452000000006933 0.9410000000044931
1.452000000006933 0.9410000000044931 1.2690000000060593
0.9410000000044931 1.2690000000060593 1.4800000000070668
1.2690000000060593 1.4800000000070668 0.8800000000042019
1.4800000000070668 0.8800000000042019 1.3270000000063362
0.8800000000042019 1.3270000000063362 1.0560000000050422
1.3270000000063362 1.0560000000050422 0.715000000003414
1.0560000000050422 0.715000000003414 1.3930000000066514
0.715000000003414 1.3930000000066514 1.479000000007062
1.3930000000066514 1.479000000007062 0.7520000000035907
1.479000000007062 0.7520000000035907 1.3400000000063983
0.7520000000035907 1.3400000000063983 0.5500000000026262
1.3400000000063983 0.5500000000026262 0.4410000000021057
0.5500000000026262 0.4410000000021057 0.7250000000034618
0.4410000000021057 0.7250000000034618 1.4730000000070333
0.7250000000034618 1.4730000000070333 0.3170000000015136
1.4730000000070333 0.3170000000015136 1.8770000000089624
0.3170000000015136 1.8770000000089624 0.8220000000039249
1.8770000000089624 0.8220000000039249 0.884000000004221
0.8220000000039249 0.884000000004221 0.6610000000031562
0.884000000004221 0.6610000000031562 1.466000000007
0.6610000000031562 1.466000000007 1.3710000000065463
1.466000000007 1.3710000000065463 0.4780000000022824
1.3710000000065463 0.4780000000022824 0.5660000000027026
0.4780000000022824 0.5660000000027026 0.6300000000030082
0.5660000000027026 0.6300000000030082 0.675000000003223
0.6300000000030082 0.675000000003223 0.764000000003648
0.675000000003223 0.764000000003648 0.8010000000038247
0.764000000003648 0.8010000000038247 0.8760000000041828
0.8010000000038247 0.8760000000041828 1.3400000000063983
0.8760000000041828 1.3400000000063983 1.306000000006236
1.3400000000063983 1.306000000006236 0.4970000000023731
1.306000000006236 0.4970000000023731 0.6000000000028649
0.4970000000023731 0.6000000000028649 0.6610000000031562
0.6000000000028649 0.6610000000031562 0.7410000000035382
0.6610000000031562 0.7410000000035382 0.8560000000040873
0.7410000000035382 0.8560000000040873 0.7560000000036098
0.8560000000040873 0.7560000000036098 1.3310000000063553
0.7560000000036098 1.3310000000063553 0.5050000000024113
1.3310000000063553 0.5050000000024113 0.4890000000023349
0.5050000000024113 0.4890000000023349 0.7220000000034474
0.4890000000023349 0.7220000000034474 1.3970000000066705
0.7220000000034474 1.3970000000066705 0.3380000000016139
1.3970000000066705 0.3380000000016139 1.7200000000082127
0.3380000000016139 1.7200000000082127 0.6580000000031418
1.7200000000082127 0.6580000000031418 0.5870000000028028
0.6580000000031418 0.5870000000028028 0.5970000000028506
0.5870000000028028 0.5970000000028506 0.6030000000028792
0.5970000000028506 0.6030000000028792 0.604000000002884
0.6030000000028792 0.604000000002884 0.5890000000028124
0.604000000002884 0.5890000000028124 0.493000000002354
0.5890000000028124 0.493000000002354 0.502000000002397
0.493000000002354 0.502000000002397 0.6370000000030416
0.502000000002397 0.6370000000030416 0.7210000000034427
0.6370000000030416 0.7210000000034427 0.9300000000044406
0.7210000000034427 0.9300000000044406 0.6960000000033233
0.9300000000044406 0.6960000000033233 0.7250000000034618
0.6960000000033233 0.7250000000034618 1.368000000006532
0.7250000000034618 1.368000000006532 0.32000000000152795
1.368000000006532 0.32000000000152795 1.3670000000065272
0.32000000000152795 1.3670000000065272 0.7800000000037244
1.3670000000065272 0.7800000000037244 1.0920000000052141
0.7800000000037244 1.0920000000052141 1.1400000000054433
1.0920000000052141 1.1400000000054433 1.395000000006661
1.1400000000054433 1.395000000006661 1.4130000000067469
1.395000000006661 1.4130000000067469 1.568000000007487
1.4130000000067469 1.568000000007487 0.6340000000030273
1.568000000007487 0.6340000000030273 1.5240000000072769
0.6340000000030273 1.5240000000072769 0.8830000000042162
1.5240000000072769 0.8830000000042162 0.7870000000037578
0.8830000000042162 0.7870000000037578 1.4130000000067469
0.7870000000037578 1.4130000000067469 0.8110000000038724
1.4130000000067469 0.8110000000038724 0.6240000000029795
0.8110000000038724 0.6240000000029795 1.3710000000065463
0.6240000000029795 1.3710000000065463 0.5050000000024113
1.3710000000065463 0.5050000000024113 1.3790000000065845
0.5050000000024113 1.3790000000065845 1.439000000006871
1.3790000000065845 1.439000000006871 0.582000000002779
1.439000000006871 0.582000000002779 0.43900000000209616
0.582000000002779 0.43900000000209616 0.5770000000027551
0.43900000000209616 0.5770000000027551 0.693000000003309
0.5770000000027551 0.693000000003309 1.2320000000058826
0.693000000003309 1.2320000000058826 0.5190000000024781
1.2320000000058826 0.5190000000024781 0.5840000000027885
0.5190000000024781 0.5840000000027885 0.6320000000030177
0.5840000000027885 0.6320000000030177 0.6730000000032135
0.6320000000030177 0.6730000000032135 0.7500000000035811
0.6730000000032135 0.7500000000035811 0.8220000000039249
0.7500000000035811 0.8220000000039249 0.7960000000038008
0.8220000000039249 0.7960000000038008 1.266000000006045
0.7960000000038008 1.266000000006045 0.37200000000177624
1.266000000006045 0.37200000000177624 1.3530000000064604
0.37200000000177624 1.3530000000064604 0.7620000000036384
1.3530000000064604 0.7620000000036384 0.66600000000318
0.7620000000036384 0.66600000000318 1.3230000000063171
0.66600000000318 1.3230000000063171 0.6670000000031848
1.3230000000063171 0.6670000000031848 0.5930000000028315
0.6670000000031848 0.5930000000028315 0.6080000000029031
0.5930000000028315 0.6080000000029031 0.6190000000029556
0.6080000000029031 0.6190000000029556 0.6280000000029986
0.6190000000029556 0.6280000000029986 0.6300000000030082
0.6280000000029986 0.6300000000030082 0.533000000002545
0.6300000000030082 0.533000000002545 0.46400000000221553
0.533000000002545 0.46400000000221553 0.8330000000039774
0.46400000000221553 0.8330000000039774 1.306000000006236
0.8330000000039774 1.306000000006236 1.5520000000074106
1.306000000006236 1.5520000000074106 0.5360000000025593
1.5520000000074106 0.5360000000025593 1.683000000008036
0.5360000000025593 1.683000000008036 0.7970000000038056
1.683000000008036 0.7970000000038056 0.7790000000037196
0.7970000000038056 0.7790000000037196 0.755000000003605
0.7790000000037196 0.755000000003605 1.3290000000063458
0.755000000003605 1.3290000000063458 0.5010000000023922
1.3290000000063458 0.5010000000023922 0.5830000000027837
0.5010000000023922 0.5830000000027837 0.6370000000030416
0.5830000000027837 0.6370000000030416 0.684000000003266
0.6370000000030416 0.684000000003266 0.7930000000037865
0.684000000003266 0.7930000000037865 0.7600000000036289
0.7930000000037865 0.7600000000036289 1.4180000000067707
0.7600000000036289 1.4180000000067707 0.684000000003266
1.4180000000067707 0.684000000003266 0.3350000000015996
0.684000000003266 0.3350000000015996 1.3980000000066752
0.3350000000015996 1.3980000000066752 0.7830000000037387
1.3980000000066752 0.7830000000037387 0.915000000004369
0.7830000000037387 0.915000000004369 1.2330000000058874
0.915000000004369 1.2330000000058874 1.0780000000051473
1.2330000000058874 1.0780000000051473 0.7090000000033854
1.0780000000051473 0.7090000000033854 1.3700000000065415
0.7090000000033854 1.3700000000065415 0.582000000002779
1.3700000000065415 0.582000000002779 0.43100000000205796
0.582000000002779 0.43100000000205796 0.5930000000028315
0.43100000000205796 0.5930000000028315 0.7160000000034188
0.5930000000028315 0.7160000000034188 1.2800000000061118
0.7160000000034188 1.2800000000061118 0.37500000000179057
1.2800000000061118 0.37500000000179057 0.7560000000036098
0.37500000000179057 0.7560000000036098 1.3970000000066705
0.7560000000036098 1.3970000000066705 0.8760000000041828
1.3970000000066705 0.8760000000041828 1.3360000000063792
0.8760000000041828 1.3360000000063792 0.9900000000047271
1.3360000000063792 0.9900000000047271 0.7350000000035095
0.9900000000047271 0.7350000000035095 1.4340000000068471
0.7350000000035095 1.4340000000068471 1.435000000006852
1.4340000000068471 1.435000000006852 0.6160000000029413
1.435000000006852 0.6160000000029413 0.5290000000025259
0.6160000000029413 0.5290000000025259 0.4610000000022012
0.5290000000025259 0.4610000000022012 0.6990000000033376
0.4610000000022012 0.6990000000033376 1.3379999999792176
0.6990000000033376 1.3379999999792176 0.49799999998822386
1.3379999999792176 0.49799999998822386 0.5879999999860956
0.49799999998822386 0.5879999999860956 1.3809999999673437
0.5879999999860956 1.3809999999673437 1.4729999999651682
1.3809999999673437 1.4729999999651682 0.540999999987207
1.4729999999651682 0.540999999987207 0.4739999999887914
0.540999999987207 0.4739999999887914 0.5659999999866159
0.4739999999887914 0.5659999999866159 0.6239999999852444
0.5659999999866159 0.6239999999852444 0.6629999999843221
0.6239999999852444 0.6629999999843221 0.7259999999828324
0.6629999999843221 0.7259999999828324 0.9049999999785996
0.7259999999828324 0.9049999999785996 0.707999999983258
0.9049999999785996 0.707999999983258 0.6989999999834708
0.707999999983258 0.6989999999834708 0.9179999999782922
0.6989999999834708 0.9179999999782922 0.6859999999837783
0.9179999999782922 0.6859999999837783 1.4069999999667289
0.6859999999837783 1.4069999999667289 1.5279999999638676
1.4069999999667289 1.5279999999638676 0.6939999999835891
1.5279999999638676 0.6939999999835891 1.7259999999591855
0.6939999999835891 1.7259999999591855 0.6659999999842512
1.7259999999591855 0.6659999999842512 0.6269999999851734
0.6659999999842512 0.6269999999851734 0.636999999984937
0.6269999999851734 0.636999999984937 0.6329999999850315
0.636999999984937 0.6329999999850315 0.3859999999908723
0.6329999999850315 0.3859999999908723 0.6749999999840384
0.3859999999908723 0.6749999999840384 1.4869999999648371
0.6749999999840384 1.4869999999648371 0.6549999999845113
1.4869999999648371 0.6549999999845113 1.5529999999632764
0.6549999999845113 1.5529999999632764 0.7969999999811535
1.5529999999632764 0.7969999999811535 0.9619999999772517
0.7969999999811535 0.9619999999772517 0.6859999999837783
0.9619999999772517 0.6859999999837783 0.6479999999846768
0.6859999999837783 0.6479999999846768 0.6939999999835891
0.6479999999846768 0.6939999999835891 0.8359999999802312
0.6939999999835891 0.8359999999802312 0.707999999983258
0.8359999999802312 0.707999999983258 1.681999999960226
0.707999999983258 1.681999999960226 0.6749999999840384
1.681999999960226 0.6749999999840384 0.6419999999848187
0.6749999999840384 0.6419999999848187 0.6659999999842512
0.6419999999848187 0.6659999999842512 0.7129999999831398
0.6659999999842512 0.7129999999831398 0.7799999999815554
0.7129999999831398 0.7799999999815554 0.8519999999798529
0.7799999999815554 0.8519999999798529 0.7649999999819102
0.8519999999798529 0.7649999999819102 0.7689999999818156
0.7649999999819102 0.7689999999818156 0.9539999999774409
0.7689999999818156 0.9539999999774409 0.7749999999816737
0.9539999999774409 0.7749999999816737 1.4399999999659485
0.7749999999816737 1.4399999999659485 0.8649999999795455
1.4399999999659485 0.8649999999795455 1.3299999999685497
0.8649999999795455 1.3299999999685497 1.5089999999643169
1.3299999999685497 1.5089999999643169 0.7089999999832344
1.5089999999643169 0.7089999999832344 1.4109999999666343
0.7089999999832344 1.4109999999666343 0.3419999999919128
1.4109999999666343 0.3419999999919128 1.3529999999680058
0.3419999999919128 1.3529999999680058 0.8519999999798529
1.3529999999680058 0.8519999999798529 0.5659999999866159
0.8519999999798529 0.5659999999866159 1.6039999999620704
0.5659999999866159 1.6039999999620704 0.8509999999798765
1.6039999999620704 0.8509999999798765 0.8469999999799711
0.8509999999798765 0.8469999999799711 0.7599999999820284
0.8469999999799711 0.7599999999820284 1.2579999999702522
0.7599999999820284 1.2579999999702522 0.4759999999887441
1.2579999999702522 0.4759999999887441 0.5869999999861193
0.4759999999887441 0.5869999999861193 0.6529999999845586
0.5869999999861193 0.6529999999845586 0.721999999982927
0.6529999999845586 0.721999999982927 0.9159999999783395
0.721999999982927 0.9159999999783395 0.7059999999833053
0.9159999999783395 0.7059999999833053 0.6939999999835891
0.7059999999833053 0.6939999999835891 0.9919999999765423
0.6939999999835891 0.9919999999765423 0.7289999999827614
0.9919999999765423 0.7289999999827614 1.5729999999628035
0.7289999999827614 1.5729999999628035 1.712999999959493
1.5729999999628035 1.712999999959493 0.8849999999790725
1.712999999959493 0.8849999999790725 0.8049999999809643
0.8849999999790725 0.8049999999809643 0.8729999999793563
0.8049999999809643 0.8729999999793563 1.3439999999682186
0.8729999999793563 1.3439999999682186 1.3519999999680294
1.3439999999682186 1.3519999999680294 0.4459999999894535
1.3519999999680294 0.4459999999894535 0.5959999999859065
0.4459999999894535 0.5959999999859065 0.6899999999836837
0.5959999999859065 0.6899999999836837 1.0209999999758566
0.6899999999836837 1.0209999999758566 0.7569999999820993
1.0209999999758566 0.7569999999820993 1.6949999999599186
0.7569999999820993 1.6949999999599186 1.4889999999647898
1.6949999999599186 1.4889999999647898 1.347999999968124
1.4889999999647898 1.347999999968124 0.3969999999906122
1.347999999968124 0.3969999999906122 0.7829999999814845
0.3969999999906122 0.7829999999814845 1.3669999999676747
0.7829999999814845 1.3669999999676747 1.4209999999663978
1.3669999999676747 1.4209999999663978 0.4889999999884367
1.4209999999663978 0.4889999999884367 0.5339999999873726
0.4889999999884367 0.5339999999873726 0.6039999999857173
0.5339999999873726 0.6039999999857173 0.6409999999848424
0.6039999999857173 0.6409999999848424 0.6789999999839438
0.6409999999848424 0.6789999999839438 0.7639999999819338
0.6789999999839438 0.7639999999819338 0.7879999999813663
0.7639999999819338 0.7879999999813663 0.8929999999788834
0.7879999999813663 0.8929999999788834 1.2849999999696138
0.8929999999788834 1.2849999999696138 1.160999999972546
1.2849999999696138 1.160999999972546 0.6819999999838728
1.160999999972546 0.6819999999838728 0.6149999999854572
0.6819999999838728 0.6149999999854572 0.6479999999846768
0.6149999999854572 0.6479999999846768 0.6889999999837073
0.6479999999846768 0.6889999999837073 0.8029999999810116
0.6889999999837073 0.8029999999810116 0.7309999999827141
0.8029999999810116 0.7309999999827141 1.4249999999663032
0.7309999999827141 1.4249999999663032 0.36799999999129795
1.4249999999663032 0.36799999999129795 1.3129999999689517
0.36799999999129795 1.3129999999689517 0.6289999999851261
1.3129999999689517 0.6289999999851261 0.6119999999855281
0.6289999999851261 0.6119999999855281 0.3929999999907068
0.6119999999855281 0.3929999999907068 0.6629999999843221
0.3929999999907068 0.6629999999843221 1.3569999999679112
0.6629999999843221 1.3569999999679112 0.758999999982052
1.3569999999679112 0.758999999982052 0.30799999999271677
0.758999999982052 0.30799999999271677 1.3949999999670126
0.30799999999271677 1.3949999999670126 0.9829999999767551
1.3949999999670126 0.9829999999767551 1.2469999999705124
0.9829999999767551 1.2469999999705124 1.4049999999667762
1.2469999999705124 1.4049999999667762 1.6639999999606516
1.4049999999667762 1.6639999999606516 0.5919999999860011
1.6639999999606516 0.5919999999860011 1.4079999999667052
0.5919999999860011 1.4079999999667052 1.460999999965452
1.4079999999667052 1.460999999965452 1.4219999999663742
1.460999999965452 1.4219999999663742 0.4929999999883421
1.4219999999663742 0.4929999999883421 0.5399999999872307
0.4929999999883421 0.5399999999872307 0.6009999999857882
0.5399999999872307 0.6009999999857882 0.6319999999850552
0.6009999999857882 0.6319999999850552 0.6619999999843458
0.6319999999850552 0.6619999999843458 0.7139999999831161
0.6619999999843458 0.7139999999831161 1.0089999999761403
0.7139999999831161 1.0089999999761403 0.6639999999842985
1.0089999999761403 0.6639999999842985 0.6289999999851261
0.6639999999842985 0.6289999999851261 0.6439999999847714
0.6289999999851261 0.6439999999847714 0.6619999999843458
0.6439999999847714 0.6619999999843458 0.6219999999852917
0.6619999999843458 0.6219999999852917 0.4119999999902575
0.6219999999852917 0.4119999999902575 1.6189999999617157
0.4119999999902575 1.6189999999617157 0.6119999999855281
1.6189999999617157 0.6119999999855281 1.3839999999672727
0.6119999999855281 1.3839999999672727 1.4199999999664215
1.3839999999672727 1.4199999999664215 1.4579999999655229
1.4199999999664215 1.4579999999655229 0.8129999999807751
1.4579999999655229 0.8129999999807751 0.8089999999808697
0.8129999999807751 0.8089999999808697 0.9039999999786232
0.8089999999808697 0.9039999999786232 0.7109999999831871
0.9039999999786232 0.7109999999831871 0.704999999983329
0.7109999999831871 0.704999999983329 1.04199999997536
0.704999999983329 1.04199999997536 0.6789999999839438
1.04199999997536 0.6789999999839438 0.6069999999856464
0.6789999999839438 0.6069999999856464 0.6349999999849842
0.6069999999856464 0.6349999999849842 0.6639999999842985
0.6349999999849842 0.6639999999842985 0.7149999999830925
0.6639999999842985 0.7149999999830925 0.9709999999770389
0.7149999999830925 0.9709999999770389 0.6779999999839674
0.9709999999770389 0.6779999999839674 0.6439999999847714
0.6779999999839674 0.6439999999847714 0.6689999999841802
0.6439999999847714 0.6689999999841802 0.7199999999829743
0.6689999999841802 0.7199999999829743 0.3429999999918891
0.7199999999829743 0.3429999999918891 1.310999999968999
0.3429999999918891 1.310999999968999 0.8879999999790016
1.310999999968999 0.8879999999790016 0.7199999999829743
0.8879999999790016 0.7199999999829743 0.724999999982856
0.7199999999829743 0.724999999982856 0.9079999999785286
0.724999999982856 0.9079999999785286 0.7089999999832344
0.9079999999785286 0.7089999999832344 0.6999999999834472
0.7089999999832344 0.6999999999834472 1.1139999999736574
0.6999999999834472 1.1139999999736574 0.6779999999839674
1.1139999999736574 0.6779999999839674 1.3889999999671545
0.6779999999839674 1.3889999999671545 1.6889999999600604
1.3889999999671545 1.6889999999600604 1.4679999999652864
1.6889999999600604 1.4679999999652864 1.4089999999666816
1.4679999999652864 1.4089999999666816 0.3419999999919128
1.4089999999666816 0.3419999999919128 1.3409999999682896
0.3419999999919128 1.3409999999682896 0.6789999999839438
1.3409999999682896 0.6789999999839438 0.7299999999827378
0.6789999999839438 0.7299999999827378 0.3439999999918655
0.7299999999827378 0.3439999999918655 1.384999999967249
0.3439999999918655 1.384999999967249 1.4589999999654992
1.384999999967249 1.4589999999654992 0.5799999999862848
1.4589999999654992 0.5799999999862848 0.4719999999888387
0.5799999999862848 0.4719999999888387 0.5299999999874672
0.4719999999888387 0.5299999999874672 0.639999999984866
0.5299999999874672 0.639999999984866 0.7139999999831161
0.639999999984866 0.7139999999831161 0.9509999999775118
0.7139999999831161 0.9509999999775118 0.6939999999835891
0.9509999999775118 0.6939999999835891 0.6589999999844167
0.6939999999835891 0.6589999999844167 0.7549999999821466
0.6589999999844167 0.7549999999821466 0.8499999999799002
0.7549999999821466 0.8499999999799002 0.8109999999808224
0.8499999999799002 0.8109999999808224 1.4179999999664687
0.8109999999808224 1.4179999999664687 0.8189999999806332
1.4179999999664687 0.8189999999806332 1.4999999999645297
0.8189999999806332 1.4999999999645297 0.26999999999361535
1.4999999999645297 0.26999999999361535 1.3369999999683841
0.26999999999361535 1.3369999999683841 1.4239999999663269
1.3369999999683841 1.4239999999663269 1.3749999999674856
1.4239999999663269 1.3749999999674856 0.7639999999819338
1.3749999999674856 0.7639999999819338 0.7599999999820284
0.7639999999819338 0.7599999999820284 0.9779999999768734
0.7599999999820284 0.9779999999768734 0.7489999999822885
0.9779999999768734 0.7489999999822885 1.4309999999661613
0.7489999999822885 1.4309999999661613 1.4229999999663505
1.4309999999661613 1.4229999999663505 0.6299999999851025
1.4229999999663505 0.6299999999851025 0.5869999999861193
0.6299999999851025 0.5869999999861193 0.404999999990423
0.5869999999861193 0.404999999990423 0.7299999999827378
0.404999999990423 0.7299999999827378 1.6299999999614556
0.7299999999827378 1.6299999999614556 0.6649999999842748
1.6299999999614556 0.6649999999842748 0.6289999999851261
0.6649999999842748 0.6289999999851261 0.6449999999847478
0.6289999999851261 0.6449999999847478 0.6629999999843221
0.6449999999847478 0.6629999999843221 0.6209999999853153
0.6629999999843221 0.6209999999853153 0.4159999999901629
0.6209999999853153 0.4159999999901629 1.6809999999602496
0.4159999999901629 1.6809999999602496 0.656999999984464
1.6809999999602496 0.656999999984464 0.6129999999855045
0.656999999984464 0.6129999999855045 0.6249999999852207
0.6129999999855045 0.6249999999852207 0.636999999984937
0.6249999999852207 0.636999999984937 0.6449999999847478
0.636999999984937 0.6449999999847478 0.523999999987609
0.6449999999847478 0.523999999987609 0.4929999999883421
0.523999999987609 0.4929999999883421 1.3629999999677693
0.4929999999883421 1.3629999999677693 0.8339999999802785
1.3629999999677693 0.8339999999802785 0.26099999999382817
0.8339999999802785 0.26099999999382817 1.398999999966918
0.26099999999382817 1.398999999966918 1.3749999999674856
1.398999999966918 1.3749999999674856 0.9249999999781267
1.3749999999674856 0.9249999999781267 0.6969999999835181
0.9249999999781267 0.6969999999835181 0.6759999999840147
0.6969999999835181 0.6759999999840147 0.755999999982123
0.6759999999840147 0.755999999982123 0.8049999999809643
0.755999999982123 0.8049999999809643 0.8339999999802785
0.8049999999809643 0.8339999999802785 1.593999999962307
0.8339999999802785 1.593999999962307 0.6959999999835418
1.593999999962307 0.6959999999835418 0.6139999999854808
0.6959999999835418 0.6139999999854808 0.6029999999857409
0.6139999999854808 0.6029999999857409 0.48299999998857857
0.6029999999857409 0.48299999998857857 0.5119999999878928
0.48299999998857857 0.5119999999878928 0.6859999999837783
0.5119999999878928 0.6859999999837783 1.3019999999692118
0.6859999999837783 1.3019999999692118 0.46199999998907515
1.3019999999692118 0.46199999998907515 0.5629999999866868
0.46199999998907515 0.5629999999866868 0.6469999999847005
0.5629999999866868 0.6469999999847005 0.7199999999829743
0.6469999999847005 0.7199999999829743 0.9249999999781267
0.7199999999829743 0.9249999999781267 0.7029999999833763
0.9249999999781267 0.7029999999833763 0.6859999999837783
0.7029999999833763 0.6859999999837783 0.9169999999783158
0.6859999999837783 0.9169999999783158 0.7689999999818156
0.9169999999783158 0.7689999999818156 1.7929999999576012
0.7689999999818156 1.7929999999576012 1.1889999999718839
1.7929999999576012 1.1889999999718839 0.6819999999838728
1.1889999999718839 0.6819999999838728 1.3769999999674383
0.6819999999838728 1.3769999999674383 1.4339999999660904
1.3769999999674383 1.4339999999660904 1.435999999966043
1.4339999999660904 1.435999999966043 0.6149999999854572
1.435999999966043 0.6149999999854572 0.5369999999873016
0.6149999999854572 0.5369999999873016 0.4519999999893116
0.5369999999873016 0.4519999999893116 0.6849999999838019
0.4519999999893116 0.6849999999838019 1.3239999999686916
0.6849999999838019 1.3239999999686916 0.47899999998867315
1.3239999999686916 0.47899999998867315 0.5219999999876563
0.47899999998867315 0.5219999999876563 0.7789999999815791
0.5219999999876563 0.7789999999815791 1.409999999966658
0.7789999999815791 1.409999999966658 0.8219999999805623
1.409999999966658 0.8219999999805623 0.8519999999798529
0.8219999999805623 0.8519999999798529 0.7889999999813426
0.8519999999798529 0.7889999999813426 1.593999999962307
0.7889999999813426 1.593999999962307 0.6769999999839911
1.593999999962307 0.6769999999839911 0.6449999999847478
0.6769999999839911 0.6449999999847478 0.6749999999840384
0.6449999999847478 0.6749999999840384 0.7439999999824067
0.6749999999840384 0.7439999999824067 0.789999999981319
0.7439999999824067 0.789999999981319 0.8499999999799002
0.789999999981319 0.8499999999799002 0.8259999999804677
0.8499999999799002 0.8259999999804677 0.8029999999810116
0.8259999999804677 0.8029999999810116 1.4749999999651209
0.8029999999810116 1.4749999999651209 0.2629999999937809
1.4749999999651209 0.2629999999937809 1.8439999999563952
0.2629999999937809 1.8439999999563952 0.9309999999779848
1.8439999999563952 0.9309999999779848 0.8129999999807751
0.9309999999779848 0.8129999999807751 0.8219999999805623
0.8129999999807751 0.8219999999805623 1.7009999999597767
0.8219999999805623 1.7009999999597767 0.6459999999847241
1.7009999999597767 0.6459999999847241 0.6009999999857882
0.6459999999847241 0.6009999999857882 0.5929999999859774
0.6009999999857882 0.5929999999859774 0.5419999999871834
0.5929999999859774 0.5419999999871834 0.45799999998916974
0.5419999999871834 0.45799999998916974 0.5939999999859538
0.45799999998916974 0.5939999999859538 0.6649999999842748
0.5939999999859538 0.6649999999842748 0.7599999999820852
0.6649999999842748 0.7599999999820852 0.8299999999803731
0.7599999999820852 0.8299999999803731 0.8449999999800184
0.8299999999803731 0.8449999999800184 1.3709999999675802
0.8449999999800184 1.3709999999675802 1.4319999999661377
1.3709999999675802 1.4319999999661377 0.49999999998817657
1.4319999999661377 0.49999999998817657 0.503999999988082
0.49999999998817657 0.503999999988082 0.6049999999856936
0.503999999988082 0.6049999999856936 0.6529999999845586
0.6049999999856936 0.6529999999845586 0.7109999999831871
0.6529999999845586 0.7109999999831871 1.0379999999754546
0.7109999999831871 1.0379999999754546 0.6669999999842275
1.0379999999754546 0.6669999999842275 0.6169999999854099
0.6669999999842275 0.6169999999854099 0.6359999999849606
0.6169999999854099 0.6359999999849606 0.6579999999844404
0.6359999999849606 0.6579999999844404 0.6939999999835891
0.6579999999844404 0.6939999999835891 0.8949999999788361
0.6939999999835891 0.8949999999788361 0.285999999993237
0.8949999999788361 0.285999999993237 1.324999999968668
0.285999999993237 1.324999999968668 1.4289999999662086
1.324999999968668 1.4289999999662086 1.4649999999653573
1.4289999999662086 1.4649999999653573 0.7159999999830688
1.4649999999653573 0.7159999999830688 1.4929999999646952
0.7159999999830688 1.4929999999646952 0.7999999999810825
1.4929999999646952 0.7999999999810825 1.3599999999678403
0.7999999999810825 1.3599999999678403 0.3049999999927877
1.3599999999678403 0.3049999999927877 1.6179999999617394
0.3049999999927877 1.6179999999617394 0.6389999999848897
1.6179999999617394 0.6389999999848897 1.367999999967651
0.6389999999848897 1.367999999967651 1.398999999966918
1.367999999967651 1.398999999966918 2.0089999999524935
1.398999999966918 2.0089999999524935 0.5219999999876563
2.0089999999524935 0.5219999999876563 1.3769999999674383
0.5219999999876563 1.3769999999674383 1.3599999999678403
1.3769999999674383 1.3599999999678403 1.568999999962898
1.3599999999678403 1.568999999962898 1.4869999999648371
1.568999999962898 1.4869999999648371 1.4079999999667052
1.4869999999648371 1.4079999999667052 1.5399999999635838
1.4079999999667052 1.5399999999635838 0.7599999999820284
1.5399999999635838 0.7599999999820284 0.9199999999782449
0.7599999999820284 0.9199999999782449 0.7109999999831871
0.9199999999782449 0.7109999999831871 1.4009999999668707
0.7109999999831871 1.4009999999668707 1.5779999999626853
1.4009999999668707 1.5779999999626853 0.670999999984133
1.5779999999626853 0.670999999984133 1.4199999999664215
0.670999999984133 1.4199999999664215 1.4729999999651682
1.4199999999664215 1.4729999999651682 0.7639999999819338
1.4729999999651682 0.7639999999819338 0.9299999999780084
0.7639999999819338 0.9299999999780084 0.7599999999820284
0.9299999999780084 0.7599999999820284 1.7569999999584525
0.7599999999820284 1.7569999999584525 0.5999999999858119
1.7569999999584525 0.5999999999858119 1.3629999999677693
0.5999999999858119 1.3629999999677693 1.3689999999676274
1.3629999999677693 1.3689999999676274 1.4059999999667525
1.3689999999676274 1.4059999999667525 1.4799999999650026
1.4059999999667525 1.4799999999650026 0.7339999999826432
1.4799999999650026 0.7339999999826432 1.4869999999648371
0.7339999999826432 1.4869999999648371 0.7259999999828324
1.4869999999648371 0.7259999999828324 1.191999999971813
0.7259999999828324 1.191999999971813 0.6779999999839674
1.191999999971813 0.6779999999839674 0.5989999999858355
0.6779999999839674 0.5989999999858355 0.6239999999852444
0.5989999999858355 0.6239999999852444 0.6469999999847005
0.6239999999852444 0.6469999999847005 0.6779999999839674
0.6469999999847005 0.6779999999839674 0.7519999999822176
0.6779999999839674 0.7519999999822176 0.7409999999824777
0.7519999999822176 0.7409999999824777 0.9619999999772517
0.7409999999824777 0.9619999999772517 0.7449999999823831
0.9619999999772517 0.7449999999823831 1.7279999999591382
0.7449999999823831 1.7279999999591382 0.5839999999861902
1.7279999999591382 0.5839999999861902 1.378999999967391
0.5839999999861902 1.378999999967391 1.3839999999672727
1.378999999967391 1.3839999999672727 1.4729999999651682
1.3839999999672727 1.4729999999651682 0.843999999980042
1.4729999999651682 0.843999999980042 1.4199999999664215
0.843999999980042 1.4199999999664215 0.8009999999810589
1.4199999999664215 0.8009999999810589 0.8969999999787888
0.8009999999810589 0.8969999999787888 0.7169999999830452
0.8969999999787888 0.7169999999830452 0.7309999999827141
0.7169999999830452 0.7309999999827141 1.2249999999710326
0.7309999999827141 1.2249999999710326 0.4069999999903757
1.2249999999710326 0.4069999999903757 1.3569999999679112
0.4069999999903757 1.3569999999679112 0.6479999999846768
1.3569999999679112 0.6479999999846768 0.4839999999885549
0.6479999999846768 0.4839999999885549 0.5459999999870888
0.4839999999885549 0.5459999999870888 1.4109999999666343
0.5459999999870888 1.4109999999666343 0.7679999999818392
1.4109999999666343 0.7679999999818392 0.9659999999771571
0.7679999999818392 0.9659999999771571 0.7769999999816264
0.9659999999771571 0.7769999999816264 1.426999999966256
0.7769999999816264 1.426999999966256 1.3879999999671782
1.426999999966256 1.3879999999671782 0.6599999999843931
1.3879999999671782 0.6599999999843931 0.6839999999838255
0.6599999999843931 0.6839999999838255 0.3309999999921729
0.6839999999838255 0.3309999999921729 1.3409999999682896
0.3309999999921729 1.3409999999682896 0.7859999999814136
1.3409999999682896 0.7859999999814136 0.6999999999834472
0.7859999999814136 0.6999999999834472 1.0739999999746033
0.6999999999834472 1.0739999999746033 0.6889999999837073
1.0739999999746033 0.6889999999837073 0.7299999999827378
0.6889999999837073 0.7299999999827378 1.4119999999666106
0.7299999999827378 1.4119999999666106 0.2939999999930478
1.4119999999666106 0.2939999999930478 1.4399999999659485
0.2939999999930478 1.4399999999659485 0.7309999999827141
1.4399999999659485 0.7309999999827141 0.8599999999796637
0.7309999999827141 0.8599999999796637 1.2669999999700394
0.8599999999796637 1.2669999999700394 1.8479999999563006
1.2669999999700394 1.8479999999563006 0.6359999999849606
1.8479999999563006 0.6359999999849606 0.5959999999859065
0.6359999999849606 0.5959999999859065 0.5879999999860956
0.5959999999859065 0.5879999999860956 0.5469999999870652
0.5879999999860956 0.5469999999870652 0.4649999999890042
0.5469999999870652 0.4649999999890042 0.5689999999865449
0.4649999999890042 0.5689999999865449 0.6339999999850079
0.5689999999865449 0.6339999999850079 0.6849999999838019
0.6339999999850079 0.6849999999838019 0.8059999999809406
0.6849999999838019 0.8059999999809406 0.7539999999821703
0.8059999999809406 0.7539999999821703 1.449999999965712
0.7539999999821703 1.449999999965712 0.8469999999799711
1.449999999965712 0.8469999999799711 0.7639999999819338
0.8469999999799711 0.7639999999819338 0.8129999999807751
0.7639999999819338 0.8129999999807751 0.7349999999826196
0.8129999999807751 0.7349999999826196 1.4759999999650972
0.7349999999826196 1.4759999999650972 0.7459999999823594
1.4759999999650972 0.7459999999823594 0.9759999999769207
0.7459999999823594 0.9759999999769207 0.7359999999825959
0.9759999999769207 0.7359999999825959 1.4999999999645297
0.7359999999825959 1.4999999999645297 0.7669999999818629
1.4999999999645297 0.7669999999818629 1.299999999969259
0.7669999999818629 1.299999999969259 0.41299999999023385
1.299999999969259 0.41299999999023385 0.6149999999854572
0.41299999999023385 0.6149999999854572 1.4369999999660195
0.6149999999854572 1.4369999999660195 0.5179999999877509
1.4369999999660195 0.5179999999877509 0.5019999999881293
0.5179999999877509 0.5019999999881293 0.5679999999865686
0.5019999999881293 0.5679999999865686 0.6049999999856936
0.5679999999865686 0.6049999999856936 0.6269999999851734
0.6049999999856936 0.6269999999851734 0.6479999999846768
0.6269999999851734 0.6479999999846768 0.6779999999839674
0.6479999999846768 0.6779999999839674 0.7519999999822176
0.6779999999839674 0.7519999999822176 0.6289999999851261
0.7519999999822176 0.6289999999851261 1.1379999999730899
0.6289999999851261 1.1379999999730899 0.7059999999833053
1.1379999999730899 0.7059999999833053 1.4309999999661613
0.7059999999833053 1.4309999999661613 1.4169999999664924
1.4309999999661613 1.4169999999664924 0.6849999999838019
1.4169999999664924 0.6849999999838019 0.35699999999155807
0.6849999999838019 0.35699999999155807 1.3179999999688334
0.35699999999155807 1.3179999999688334 0.6379999999849133
1.3179999999688334 0.6379999999849133 0.6259999999851971
0.6379999999849133 0.6259999999851971 0.3759999999911088
0.6259999999851971 0.3759999999911088 0.7239999999828797
0.3759999999911088 0.7239999999828797 1.4899999999647662
0.7239999999828797 1.4899999999647662 0.7289999999827614
1.4899999999647662 0.7289999999827614 0.7499999999822649
0.7289999999827614 0.7499999999822649 0.8319999999803258
0.7499999999822649 0.8319999999803258 0.789999999981319
0.8319999999803258 0.789999999981319 1.3869999999672018
0.789999999981319 1.3869999999672018 0.33599999999205465
1.3869999999672018 0.33599999999205465 1.4119999999666106
0.33599999999205465 1.4119999999666106 0.7139999999831161
1.4119999999666106 0.7139999999831161 1.4869999999648371
0.7139999999831161 1.4869999999648371 0.8129999999807751
1.4869999999648371 0.8129999999807751 1.4699999999652391
0.8129999999807751 1.4699999999652391 0.2599999999938518
1.4699999999652391 0.2599999999938518 1.3669999999676747
0.2599999999938518 1.3669999999676747 1.6069999999619995
1.3669999999676747 1.6069999999619995 0.6829999999838492
1.6069999999619995 0.6829999999838492 0.6349999999849842
0.6829999999838492 0.6349999999849842 0.6719999999841093
0.6349999999849842 0.6719999999841093 0.7439999999824067
0.6719999999841093 0.7439999999824067 0.8339999999802785
0.7439999999824067 0.8339999999802785 0.7749999999816737
0.8339999999802785 0.7749999999816737 0.9729999999769916
0.7749999999816737 0.9729999999769916 0.6839999999838255
0.9729999999769916 0.6839999999838255 0.6479999999846768
0.6839999999838255 0.6479999999846768 0.738999999982525
0.6479999999846768 0.738999999982525 0.8979999999787651
0.738999999982525 0.8979999999787651 0.7269999999828087
0.8979999999787651 0.7269999999828087 1.361999999967793
0.7269999999828087 1.361999999967793 0.806999999980917
1.361999999967793 0.806999999980917 0.26999999999361535
0.806999999980917 0.26999999999361535 1.3899999999671309
0.26999999999361535 1.3899999999671309 1.409999999966658
1.3899999999671309 1.409999999966658 0.6469999999847005
1.409999999966658 0.6469999999847005 0.6339999999850079
0.6469999999847005 0.6339999999850079 0.36599999999134525
0.6339999999850079 0.36599999999134525 1.4339999999660904
0.36599999999134525 1.4339999999660904 0.5679999999865686
1.4339999999660904 0.5679999999865686 0.49799999998822386
0.5679999999865686 0.49799999998822386 0.5089999999879637
0.49799999998822386 0.5089999999879637 0.5949999999859301
0.5089999999879637 0.5949999999859301 0.6359999999849606
0.5949999999859301 0.6359999999849606 0.673999999984062
0.6359999999849606 0.673999999984062 0.7509999999822412
0.673999999984062 0.7509999999822412 0.8189999999806332
0.7509999999822412 0.8189999999806332 0.8009999999810589
0.8189999999806332 0.8009999999810589 1.2009999999716001
0.8009999999810589 1.2009999999716001 0.43199999998978456
1.2009999999716001 0.43199999998978456 1.3699999999676038
0.43199999998978456 1.3699999999676038 1.0719999999746506
1.3699999999676038 1.0719999999746506 0.6469999999847005
1.0719999999746506 0.6469999999847005 0.6089999999855991
0.6469999999847005 0.6089999999855991 0.6099999999855754
0.6089999999855991 0.6099999999855754 0.5909999999860247
0.6099999999855754 0.5909999999860247 0.4539999999892643
0.5909999999860247 0.4539999999892643 0.5499999999869942
0.4539999999892643 0.5499999999869942 0.6839999999838255
0.5499999999869942 0.6839999999838255 1.1989999999716474
0.6839999999838255 1.1989999999716474 0.7949999999812007
1.1989999999716474 0.7949999999812007 1.5899999999624015
0.7949999999812007 1.5899999999624015 1.3859999999672254
1.5899999999624015 1.3859999999672254 1.3709999999675802
1.3859999999672254 1.3709999999675802 1.4069999999667289
1.3709999999675802 1.4069999999667289 1.4959999999646243
1.4069999999667289 1.4959999999646243 0.7289999999827614
1.4959999999646243 0.7289999999827614 1.4339999999660904
0.7289999999827614 1.4339999999660904 0.3589999999915108
1.4339999999660904 0.3589999999915108 1.2879999999695428
0.3589999999915108 1.2879999999695428 0.7059999999833053
1.2879999999695428 0.7059999999833053 1.0379999999754546
0.7059999999833053 1.0379999999754546 0.6609999999843694
1.0379999999754546 0.6609999999843694 0.6139999999854808
0.6609999999843694 0.6139999999854808 0.6129999999855045
0.6139999999854808 0.6129999999855045 0.5699999999865213
0.6129999999855045 0.5699999999865213 0.4249999999899501
0.5699999999865213 0.4249999999899501 0.6339999999850079
0.4249999999899501 0.6339999999850079 0.7949999999812007
0.6339999999850079 0.7949999999812007 1.38199999996732
0.7949999999812007 1.38199999996732 0.8559999999797583
1.38199999996732 0.8559999999797583 0.8109999999808224
0.8559999999797583 0.8109999999808224 0.8949999999788361
0.8109999999808224 0.8949999999788361 1.310999999968999
0.8949999999788361 1.310999999968999 1.5609999999630872
1.310999999968999 1.5609999999630872 0.6089999999855991
1.5609999999630872 0.6089999999855991 1.5759999999627325
0.6089999999855991 1.5759999999627325 0.8289999999803968
1.5759999999627325 0.8289999999803968 0.8819999999791435
0.8289999999803968 0.8819999999791435 0.7239999999828797
0.8819999999791435 0.7239999999828797 0.7479999999823121
0.7239999999828797 0.7479999999823121 0.8599999999796637
0.7479999999823121 0.8599999999796637 0.7769999999816264
0.8599999999796637 0.7769999999816264 1.5809999999626143
0.7769999999816264 1.5809999999626143 0.5879999999860956
1.5809999999626143 0.5879999999860956 1.4249999999663032
0.5879999999860956 1.4249999999663032 1.5159999999641514
1.4249999999663032 1.5159999999641514 0.8109999999808224
1.5159999999641514 0.8109999999808224 0.8719999999793799
0.8109999999808224 0.8719999999793799 0.7489999999822885
0.8719999999793799 0.7489999999822885 1.3579999999678876
0.7489999999822885 1.3579999999678876 0.7579999999820757
1.3579999999678876 0.7579999999820757 0.2949999999930242
0.7579999999820757 0.2949999999930242 1.4319999999661377
0.2949999999930242 1.4319999999661377 0.7779999999816027
1.4319999999661377 0.7779999999816027 1.3709999999675802
0.7779999999816027 1.3709999999675802 0.8089999999808697
1.3709999999675802 0.8089999999808697 0.8199999999806096
0.8089999999808697 0.8199999999806096 0.7859999999814136
0.8199999999806096 0.7859999999814136 0.741999999982454
0.7859999999814136 0.741999999982454 1.3389999999683369
0.741999999982454 1.3389999999683369 0.4309999999898082
1.3389999999683369 0.4309999999898082 0.6329999999850315
0.4309999999898082 0.6329999999850315 0.789999999981319
0.6329999999850315 0.789999999981319 1.3939999999670363
0.789999999981319 1.3939999999670363 0.8309999999803495
1.3939999999670363 0.8309999999803495 0.8519999999798529
0.8309999999803495 0.8519999999798529 0.755999999982123
0.8519999999798529 0.755999999982123 1.3059999999691172
0.755999999982123 1.3059999999691172 0.4629999999890515
1.3059999999691172 0.4629999999890515 0.5589999999867814
0.4629999999890515 0.5589999999867814 0.6449999999847478
0.5589999999867814 0.6449999999847478 0.7149999999830925
0.6449999999847478 0.7149999999830925 0.9489999999775591
0.7149999999830925 0.9489999999775591 0.6939999999835891
0.9489999999775591 0.6939999999835891 0.656999999984464
0.6939999999835891 0.656999999984464 0.7349999999826196
0.656999999984464 0.7349999999826196 0.8719999999793799
0.7349999999826196 0.8719999999793799 0.7379999999825486
0.8719999999793799 0.7379999999825486 0.9129999999784104
0.7379999999825486 0.9129999999784104 1.2059999999714819
0.9129999999784104 1.2059999999714819 1.4729999999651682
1.2059999999714819 1.4729999999651682 1.3269999999686206
1.4729999999651682 1.3269999999686206 0.45999999998912244
1.3269999999686206 0.45999999998912244 0.6099999999855754
0.45999999998912244 0.6099999999855754 0.6959999999835418
0.6099999999855754 0.6959999999835418 1.140999999973019
0.6959999999835418 1.140999999973019 0.6799999999839201
1.140999999973019 0.6799999999839201 0.5789999999863085
0.6799999999839201 0.5789999999863085 0.6029999999857409
0.5789999999863085 0.6029999999857409 0.6179999999853862
0.6029999999857409 0.6179999999853862 0.6319999999850552
0.6179999999853862 0.6319999999850552 0.6459999999847241
0.6319999999850552 0.6459999999847241 0.6559999999844877
0.6459999999847241 0.6559999999844877 0.37699999999108513
0.6559999999844877 0.37699999999108513 0.7339999999826432
0.37699999999108513 0.7339999999826432 1.3659999999676984
0.7339999999826432 1.3659999999676984 1.4169999999664924
1.3659999999676984 1.4169999999664924 0.6149999999854572
1.4169999999664924 0.6149999999854572 0.38299999999094325
0.6149999999854572 0.38299999999094325 0.7139999999831161
0.38299999999094325 0.7139999999831161 1.749999999958618
0.7139999999831161 1.749999999958618 0.636999999984937
1.749999999958618 0.636999999984937 0.6009999999857882
0.636999999984937 0.6009999999857882 0.6029999999857409
0.6009999999857882 0.6029999999857409 0.5959999999859065
0.6029999999857409 0.5959999999859065 0.5429999999871598
0.5959999999859065 0.5429999999871598 0.4549999999892407
0.5429999999871598 0.4549999999892407 0.6019999999857646
0.4549999999892407 0.6019999999857646 0.6779999999839674
0.6019999999857646 0.6779999999839674 0.8199999999806096
0.6779999999839674 0.8199999999806096 0.7859999999814136
0.8199999999806096 0.7859999999814136 1.542999999963513
0.7859999999814136 1.542999999963513 0.6899999999836837
1.542999999963513 0.6899999999836837 1.4409999999659249
0.6899999999836837 1.4409999999659249 1.4149999999665397
1.4409999999659249 1.4149999999665397 0.6039999999857173
1.4149999999665397 0.6039999999857173 0.3899999999907777
0.6039999999857173 0.3899999999907777 0.7279999999827851
0.3899999999907777 0.7279999999827851 1.5739999999627798
0.7279999999827851 1.5739999999627798 0.6839999999838255
1.5739999999627798 0.6839999999838255 0.6549999999845113
0.6839999999838255 0.6549999999845113 0.6939999999835891
0.6549999999845113 0.6939999999835891 0.8329999999803022
0.6939999999835891 0.8329999999803022 0.5769999999863558
0.8329999999803022 0.5769999999863558 1.687999999960084
0.5769999999863558 1.687999999960084 0.7629999999819574
1.687999999960084 0.7629999999819574 0.6949999999835654
0.7629999999819574 0.6949999999835654 0.8479999999799475
0.6949999999835654 0.8479999999799475 0.2599999999938518
0.8479999999799475 0.2599999999938518 1.8249999999568445
0.2599999999938518 1.8249999999568445 0.9649999999771808
1.8249999999568445 0.9649999999771808 0.7839999999814609
0.9649999999771808 0.7839999999814609 1.2529999999703705
0.7839999999814609 1.2529999999703705 1.1059999999738466
1.2529999999703705 1.1059999999738466 1.3719999999675565
1.1059999999738466 1.3719999999675565 1.3569999999679112
1.3719999999675565 1.3569999999679112 1.3889999999671545
1.3569999999679112 1.3889999999671545 1.8249999999568445
1.3889999999671545 1.8249999999568445 1.0909999999742013
1.8249999999568445 1.0909999999742013 0.7029999999833763
1.0909999999742013 0.7029999999833763 1.4069999999667289
0.7029999999833763 1.4069999999667289 1.4899999999647662
1.4069999999667289 1.4899999999647662 0.7339999999826432
1.4899999999647662 0.7339999999826432 1.4229999999663505
0.7339999999826432 1.4229999999663505 0.39399999999068314
1.4229999999663505 0.39399999999068314 1.3579999999678876
0.39399999999068314 1.3579999999678876 0.5869999999861193
1.3579999999678876 0.5869999999861193 0.5479999999870415
0.5869999999861193 0.5479999999870415 0.46799999998893327
0.5479999999870415 0.46799999998893327 0.5619999999867105
0.46799999998893327 0.5619999999867105 0.6279999999851498
0.5619999999867105 0.6279999999851498 0.6729999999840857
0.6279999999851498 0.6729999999840857 0.755999999982123
0.6729999999840857 0.755999999982123 0.8139999999807515
0.755999999982123 0.8139999999807515 0.8229999999805386
0.8139999999807515 0.8229999999805386 1.5949999999622833
0.8229999999805386 1.5949999999622833 0.6779999999839674
1.5949999999622833 0.6779999999839674 0.6359999999849606
0.6779999999839674 0.6359999999849606 0.6509999999846059
0.6359999999849606 0.6509999999846059 0.6559999999844877
0.6509999999846059 0.6559999999844877 0.3499999999917236
0.6559999999844877 0.3499999999917236 1.3879999999671782
0.3499999999917236 1.3879999999671782 0.5959999999859065
1.3879999999671782 0.5959999999859065 0.5279999999875145
0.5959999999859065 0.5279999999875145 0.4649999999890042
0.5279999999875145 0.4649999999890042 0.619999999985339
0.4649999999890042 0.619999999985339 0.7009999999834235
0.619999999985339 0.7009999999834235 1.0499999999751708
0.7009999999834235 1.0499999999751708 0.6809999999838965
1.0499999999751708 0.6809999999838965 0.5999999999858119
0.6809999999838965 0.5999999999858119 0.6339999999850079
0.5999999999858119 0.6339999999850079 0.6669999999842275
0.6339999999850079 0.6669999999842275 0.7259999999828324
0.6669999999842275 0.7259999999828324 0.8979999999787651
0.7259999999828324 0.8979999999787651 0.7129999999831398
0.8979999999787651 0.7129999999831398 0.704999999983329
0.7129999999831398 0.704999999983329 0.95699999997737
0.704999999983329 0.95699999997737 0.6339999999850079
0.95699999997737 0.6339999999850079 1.3949999999670126
0.6339999999850079 1.3949999999670126 1.4919999999647189
1.3949999999670126 1.4919999999647189 0.823999999980515
1.4919999999647189 0.823999999980515 1.5359999999636784
0.823999999980515 1.5359999999636784 0.2939999999930478
1.5359999999636784 0.2939999999930478 1.310999999968999
0.2939999999930478 1.310999999968999 1.7069999999596348
1.310999999968999 1.7069999999596348 1.4619999999654283
1.7069999999596348 1.4619999999654283 0.5839999999861902
1.4619999999654283 0.5839999999861902 1.2889999999695192
0.5839999999861902 1.2889999999695192 1.3969999999669653
1.2889999999695192 1.3969999999669653 1.5529999999632764
1.3969999999669653 1.5529999999632764 0.7039999999833526
1.5529999999632764 0.7039999999833526 0.6869999999837546
0.7039999999833526 0.6869999999837546 0.8599999999796637
0.6869999999837546 0.8599999999796637 0.7489999999822885
0.8599999999796637 0.7489999999822885 1.4719999999651918
0.7489999999822885 1.4719999999651918 0.7949999999812007
1.4719999999651918 0.7949999999812007 1.4889999999647898
0.7949999999812007 1.4889999999647898 0.5369999999873016
1.4889999999647898 0.5369999999873016 1.610999999961905
0.5369999999873016 1.610999999961905 0.8909999999789306
1.610999999961905 0.8909999999789306 0.7879999999813663
0.8909999999789306 0.7879999999813663 1.452999999965641
0.7879999999813663 1.452999999965641 0.5679999999865686
1.452999999965641 0.5679999999865686 0.4549999999892407
0.5679999999865686 0.4549999999892407 0.5619999999867105
0.4549999999892407 0.5619999999867105 0.6509999999846059
0.5619999999867105 0.6509999999846059 0.7329999999826668
0.6509999999846059 0.7329999999826668 0.8839999999790962
0.7329999999826668 0.8839999999790962 0.7299999999827378
0.8839999999790962 0.7299999999827378 0.8959999999788124
0.7299999999827378 0.8959999999788124 1.2379999999707252
0.8959999999788124 1.2379999999707252 1.483999999964908
1.2379999999707252 1.483999999964908 0.9439999999776774
1.483999999964908 0.9439999999776774 0.9449999999776537
0.9439999999776774 0.9449999999776537 1.494999999964648
0.9449999999776537 1.494999999964648 0.6869999999837546
1.494999999964648 0.6869999999837546 1.3049999999691408
0.6869999999837546 1.3049999999691408 1.446999999965783
1.3049999999691408 1.446999999965783 1.0029999999762822
1.446999999965783 1.0029999999762822 1.2349999999707961
1.0029999999762822 1.2349999999707961 1.3939999999670363
1.2349999999707961 1.3939999999670363 1.5469999999634183
1.3939999999670363 1.5469999999634183 0.7339999999826432
1.5469999999634183 0.7339999999826432 0.7779999999816027
0.7339999999826432 0.7779999999816027 0.809999999980846
0.7779999999816027 0.809999999980846 1.4219999999663742
0.809999999980846 1.4219999999663742 0.6319999999850552
1.4219999999663742 0.6319999999850552 0.5849999999861666
0.6319999999850552 0.5849999999861666 0.4069999999903757
0.5849999999861666 0.4069999999903757 0.7549999999821466
0.4069999999903757 0.7549999999821466 1.4429999999658776
0.7549999999821466 1.4429999999658776 0.7749999999816737
1.4429999999658776 0.7749999999816737 0.9949999999764714
0.7749999999816737 0.9949999999764714 0.6849999999838019
0.9949999999764714 0.6849999999838019 0.6259999999851971
0.6849999999838019 0.6259999999851971 0.6669999999842275
0.6259999999851971 0.6669999999842275 0.7379999999825486
0.6669999999842275 0.7379999999825486 0.8559999999797583
0.7379999999825486 0.8559999999797583 0.7469999999823358
0.8559999999797583 0.7469999999823358 0.8709999999794036
0.7469999999823358 0.8709999999794036 0.7839999999814609
0.8709999999794036 0.7839999999814609 1.432999999966114
0.7839999999814609 1.432999999966114 0.9239999999781503
1.432999999966114 0.9239999999781503 1.2859999999695901
0.9239999999781503 1.2859999999695901 1.4229999999663505
1.2859999999695901 1.4229999999663505 1.4199999999664215
1.4229999999663505 1.4199999999664215 0.792999999981248
1.4199999999664215 0.792999999981248 0.29299999999307147