0.7740000000000006 0.5379999999999456 0.3569999999999607
0.5379999999999456 0.3569999999999607 0.8399999999999077
0.3569999999999607 0.8399999999999077 0.7099999999999218
0.8399999999999077 0.7099999999999218 1.3950000000001994
0.7099999999999218 1.3950000000001994 1.2580000000004201
1.3950000000001994 1.2580000000004201 0.617000000000206
1.2580000000004201 0.617000000000206 0.5410000000001807
0.617000000000206 0.5410000000001807 0.554000000000185
0.5410000000001807 0.554000000000185 0.5099999999999252
0.554000000000185 0.5099999999999252 0.37899999999978995
0.5099999999999252 0.37899999999978995 0.533999999999704
0.37899999999978995 0.533999999999704 0.5859999999996752
0.533999999999704 0.5859999999996752 0.5879999999996741
0.5859999999996752 0.5879999999996741 0.38599999999978607
0.5879999999996741 0.38599999999978607 0.49699999999972455
0.38599999999978607 0.49699999999972455 0.6779999999996242
0.49699999999972455 0.6779999999996242 1.015999999999437
0.6779999999996242 1.015999999999437 0.6239999999996542
1.015999999999437 0.6239999999996542 0.5789999999996791
0.6239999999996542 0.5789999999996791 0.5119999999997162
0.5789999999996791 0.5119999999997162 0.35899999999980103
0.5119999999997162 0.35899999999980103 0.6009999999996669
0.35899999999980103 0.6009999999996669 0.6670000000001295
0.6009999999996669 0.6670000000001295 0.7980000000009753
0.6670000000001295 0.7980000000009753 0.20700000000025298
0.7980000000009753 0.20700000000025298 1.3210000000016144
0.20700000000025298 1.3210000000016144 1.3290000000016242
1.3210000000016144 1.3290000000016242 0.31000000000037886
1.3290000000016242 0.31000000000037886 0.7050000000008616
0.31000000000037886 0.7050000000008616 0.8130000000009936
0.7050000000008616 0.8130000000009936 0.7720000000009435
0.8130000000009936 0.7720000000009435 0.8400000000010266
0.7720000000009435 0.8400000000010266 0.9010000000011011
0.8400000000010266 0.9010000000011011 1.1630000000014213
0.9010000000011011 1.1630000000014213 1.3470000000016462
1.1630000000014213 1.3470000000016462 0.959000000001172
1.3470000000016462 0.959000000001172 0.85100000000104
0.959000000001172 0.85100000000104 1.1990000000014653
0.85100000000104 1.1990000000014653 0.9850000000012038
1.1990000000014653 0.9850000000012038 0.7650000000009349
0.9850000000012038 0.7650000000009349 0.835999999999661
0.7650000000009349 0.835999999999661 0.7759999999981915
0.835999999999661 0.7759999999981915 1.3509999999968514
0.7759999999981915 1.3509999999968514 0.8359999999980516
1.3509999999968514 0.8359999999980516 0.7509999999982497
0.8359999999980516 0.7509999999982497 0.8729999999979654
0.7509999999982497 0.8729999999979654 0.6989999999983709
0.8729999999979654 0.6989999999983709 1.439999999996644
0.6989999999983709 1.439999999996644 0.25699999999940104
1.439999999996644 0.25699999999940104 1.3619999999968257
0.25699999999940104 1.3619999999968257 0.861999999997991
1.3619999999968257 0.861999999997991 0.710999999998343
0.861999999997991 0.710999999998343 1.457999999996602
0.710999999998343 1.457999999996602 0.2259999999994733
1.457999999996602 0.2259999999994733 1.3849999999967721
0.2259999999994733 1.3849999999967721 0.7979999999981402
1.3849999999967721 0.7979999999981402 0.7759999999981915
0.7979999999981402 0.7759999999981915 0.849999999998019
0.7759999999981915 0.849999999998019 0.7359999999982847
0.849999999998019 0.7359999999982847 1.584999999996306
0.7359999999982847 1.584999999996306 0.18499999999956884
1.584999999996306 0.18499999999956884 1.2689999999970425
0.18499999999956884 1.2689999999970425 1.3709999999968048
1.2689999999970425 1.3709999999968048 1.3449999999968654
1.3709999999968048 1.3449999999968654 0.2979999999993055
1.3449999999968654 0.2979999999993055 0.6809999999984129
0.2979999999993055 0.6809999999984129 0.8509999999980167
0.6809999999984129 0.8509999999980167 0.7059999999983546
0.8509999999980167 0.7059999999983546 0.8939999999979165
0.7059999999983546 0.8939999999979165 0.6469999999984921
0.8939999999979165 0.6469999999984921 1.354999999996842
0.6469999999984921 1.354999999996842 1.4929999999965204
1.354999999996842 1.4929999999965204 0.30199999999929616
1.4929999999965204 0.30199999999929616 1.2239999999971474
0.30199999999929616 1.2239999999971474 1.4119999999977466
1.2239999999971474 1.4119999999977466 1.141000000005448
1.4119999999977466 1.141000000005448 0.5590000000026691
1.141000000005448 0.5590000000026691 1.2940000000061787
0.5590000000026691 1.2940000000061787 1.3180000000062932
1.2940000000061787 1.3180000000062932 1.3570000000064795
1.3180000000062932 1.3570000000064795 1.0820000000051664
1.3570000000064795 1.0820000000051664 0.6690000000031944
1.0820000000051664 0.6690000000031944 0.6570000000031371
0.6690000000031944 0.6570000000031371 0.7420000000035429
0.6570000000031371 0.7420000000035429 0.22100000000105524
0.7420000000035429 0.22100000000105524 1.4630000000069856
0.22100000000105524 1.4630000000069856 0.6960000000033233
1.4630000000069856 0.6960000000033233 0.7030000000033567
0.6960000000033233 0.7030000000033567 0.7870000000037578
0.7030000000033567 0.7870000000037578 0.7620000000036384
0.7870000000037578 0.7620000000036384 0.6960000000033233
0.7620000000036384 0.6960000000033233 0.2550000000012176
0.6960000000033233 0.2550000000012176 1.5620000000074583
0.2550000000012176 1.5620000000074583 0.6450000000030798
1.5620000000074583 0.6450000000030798 0.5900000000028172
0.6450000000030798 0.5900000000028172 0.34400000000164255
0.5900000000028172 0.34400000000164255 0.5500000000026262
0.34400000000164255 0.5500000000026262 0.7130000000034045
0.5500000000026262 0.7130000000034045 0.8100000000038676
0.7130000000034045 0.8100000000038676 0.7500000000035811
0.8100000000038676 0.7500000000035811 0.8900000000042496
0.7500000000035811 0.8900000000042496 0.6730000000032135
0.8900000000042496 0.6730000000032135 0.6630000000031657
0.6730000000032135 0.6630000000031657 0.7630000000036432
0.6630000000031657 0.7630000000036432 0.2230000000010648
0.7630000000036432 0.2230000000010648 1.3530000000064604
0.2230000000010648 1.3530000000064604 0.9250000000044167
1.3530000000064604 0.9250000000044167 0.6860000000032755
0.9250000000044167 0.6860000000032755 1.390000000006637
0.6860000000032755 1.390000000006637 1.2360000000059017
1.390000000006637 1.2360000000059017 0.42000000000200544
1.2360000000059017 0.42000000000200544 0.6410000000030607
0.42000000000200544 0.6410000000030607 0.7510000000035859
0.6410000000030607 0.7510000000035859 0.7140000000034092
0.7510000000035859 0.7140000000034092 1.1720000000055961
0.7140000000034092 1.1720000000055961 0.6240000000029795
1.1720000000055961 0.6240000000029795 0.5690000000027169
0.6240000000029795 0.5690000000027169 0.5570000000026596
0.5690000000027169 0.5570000000026596 0.38400000000183354
0.5570000000026596 0.38400000000183354 0.4940000000023588
0.38400000000183354 0.4940000000023588 0.6090000000029079
0.4940000000023588 0.6090000000029079 0.6450000000030798
0.6090000000029079 0.6450000000030798 0.6190000000029556
0.6450000000030798 0.6190000000029556 0.32000000000152795
0.6190000000029556 0.32000000000152795 1.4070000000067182
0.32000000000152795 1.4070000000067182 0.22100000000105524
1.4070000000067182 0.22100000000105524 1.3390000000063935
0.22100000000105524 1.3390000000063935 1.1350000000054195
1.3390000000063935 1.1350000000054195 0.6230000000029747
1.1350000000054195 0.6230000000029747 0.5690000000027169
0.6230000000029747 0.5690000000027169 0.5870000000028028
0.5690000000027169 0.5870000000028028 0.5370000000025641
0.5870000000028028 0.5370000000025641 0.3370000000016091
0.5370000000025641 0.3370000000016091 0.6120000000029222
0.3370000000016091 0.6120000000029222 0.7030000000033567
0.6120000000029222 0.7030000000033567 0.8410000000040156
0.7030000000033567 0.8410000000040156 0.7090000000033854
0.8410000000040156 0.7090000000033854 0.7090000000033854
0.7090000000033854 0.7090000000033854 0.24800000000118416
0.7090000000033854 0.24800000000118416 1.3300000000063505
0.24800000000118416 1.3300000000063505 0.7210000000034427
1.3300000000063505 0.7210000000034427 0.8380000000040013
0.7210000000034427 0.8380000000040013 0.9260000000044215
0.8380000000040013 0.9260000000044215 0.6550000000031275
0.9260000000044215 0.6550000000031275 0.5440000000025975
0.6550000000031275 0.5440000000025975 0.33200000000158525
0.5440000000025975 0.33200000000158525 0.6120000000029222
0.33200000000158525 0.6120000000029222 0.7090000000033854
0.6120000000029222 0.7090000000033854 0.8220000000039249
0.7090000000033854 0.8220000000039249 0.7280000000034761
0.8220000000039249 0.7280000000034761 0.7930000000037865
0.7280000000034761 0.7930000000037865 0.21400000000102182
0.7930000000037865 0.21400000000102182 1.3440000000064174
0.21400000000102182 1.3440000000064174 0.9350000000044645
1.3440000000064174 0.9350000000044645 0.7340000000035047
0.9350000000044645 0.7340000000035047 1.3230000000063171
0.7340000000035047 1.3230000000063171 1.5660000000074774
1.3230000000063171 1.5660000000074774 0.18800000000089767
1.5660000000074774 0.18800000000089767 1.2740000000060832
0.18800000000089767 1.2740000000060832 1.4180000000067707
1.2740000000060832 1.4180000000067707 0.8550000000040825
1.4180000000067707 0.8550000000040825 0.7260000000034665
0.8550000000040825 0.7260000000034665 1.599000000007635
0.7260000000034665 1.599000000007635 0.18200000000086902
1.599000000007635 0.18200000000086902 1.2600000000060163
0.18200000000086902 1.2600000000060163 1.364000000006513
1.2600000000060163 1.364000000006513 1.377000000006575
1.364000000006513 1.377000000006575 0.262000000001251
1.377000000006575 0.262000000001251 1.2930000000061739
0.262000000001251 1.2930000000061739 0.31600000000150885
1.2930000000061739 0.31600000000150885 0.604000000002884
0.31600000000150885 0.604000000002884 0.7380000000035238
0.604000000002884 0.7380000000035238 0.7600000000036289
0.7380000000035238 0.7600000000036289 0.8880000000042401
0.7600000000036289 0.8880000000042401 0.7000000000033424
0.8880000000042401 0.7000000000033424 1.4930000000071288
0.7000000000033424 1.4930000000071288 0.7340000000035047
1.4930000000071288 0.7340000000035047 0.8540000000040777
0.7340000000035047 0.8540000000040777 0.20100000000095974
0.8540000000040777 0.20100000000095974 1.2890000000061548
0.20100000000095974 1.2890000000061548 1.6510000000078833
1.2890000000061548 1.6510000000078833 0.6300000000030082
1.6510000000078833 0.6300000000030082 0.5830000000027837
0.6300000000030082 0.5830000000027837 0.453000000002163
0.5830000000027837 0.453000000002163 0.42000000000200544
0.453000000002163 0.42000000000200544 0.6380000000030464
0.42000000000200544 0.6380000000030464 0.7370000000035191
0.6380000000030464 0.7370000000035191 0.7310000000034904
0.7370000000035191 0.7310000000034904 0.9090000000043403
0.7310000000034904 0.9090000000043403 0.6710000000032039
0.9090000000043403 0.6710000000032039 1.62100000000774
0.6710000000032039 1.62100000000774 0.6690000000031944
1.62100000000774 0.6690000000031944 0.5210000000024877
0.6690000000031944 0.5210000000024877 0.35100000000167597
0.5210000000024877 0.35100000000167597 0.6230000000029747
0.35100000000167597 0.6230000000029747 0.7170000000034236
0.6230000000029747 0.7170000000034236 0.7920000000037817
0.7170000000034236 0.7920000000037817 0.7670000000036623
0.7920000000037817 0.7670000000036623 0.8940000000042687
0.7670000000036623 0.8940000000042687 0.6700000000031991
0.8940000000042687 0.6700000000031991 0.6360000000030368
0.6700000000031991 0.6360000000030368 0.3850000000018383
0.6360000000030368 0.3850000000018383 0.55500000000265
0.3850000000018383 0.55500000000265 1.2940000000061787
0.55500000000265 1.2940000000061787 0.29600000000141335
1.2940000000061787 0.29600000000141335 1.7780000000084897
0.29600000000141335 1.7780000000084897 0.5780000000027599
1.7780000000084897 0.5780000000027599 0.5000000000023874
0.5780000000027599 0.5000000000023874 0.39600000000189084
0.5000000000023874 0.39600000000189084 0.5180000000024734
0.39600000000189084 0.5180000000024734 0.5660000000027026
0.5180000000024734 0.5660000000027026 0.5610000000026787
0.5660000000027026 0.5610000000026787 0.4210000000020102
0.5610000000026787 0.4210000000020102 0.45100000000215346
0.4210000000020102 0.45100000000215346 0.6000000000028649
0.45100000000215346 0.6000000000028649 0.6370000000030416
0.6000000000028649 0.6370000000030416 0.6400000000030559
0.6370000000030416 0.6400000000030559 0.2740000000013083
0.6400000000030559 0.2740000000013083 1.2910000000061643
0.2740000000013083 1.2910000000061643 0.28800000000137516
1.2910000000061643 0.28800000000137516 0.6880000000032851
0.28800000000137516 0.6880000000032851 0.8320000000039727
0.6880000000032851 0.8320000000039727 0.7440000000035525
0.8320000000039727 0.7440000000035525 1.146000000005472
0.7440000000035525 1.146000000005472 0.4410000000021057
1.146000000005472 0.4410000000021057 1.6010000000076445
0.4410000000021057 1.6010000000076445 0.2150000000010266
1.6010000000076445 0.2150000000010266 1.186000000005663
0.2150000000010266 1.186000000005663 1.306000000006236
1.186000000005663 1.306000000006236 1.359000000006489
1.306000000006236 1.359000000006489 1.2120000000057871
1.359000000006489 1.2120000000057871 0.5450000000026023
1.2120000000057871 0.5450000000026023 1.2620000000060259
0.5450000000026023 1.2620000000060259 0.9600000000045839
1.2620000000060259 0.9600000000045839 0.746000000003562
0.9600000000045839 0.746000000003562 1.412000000006742
0.746000000003562 1.412000000006742 0.7490000000035764
1.412000000006742 0.7490000000035764 0.7630000000036432
0.7490000000035764 0.7630000000036432 0.22000000000105047
0.7630000000036432 0.22000000000105047 1.3630000000065081
0.22000000000105047 1.3630000000065081 0.8690000000041493
1.3630000000065081 0.8690000000041493 0.7140000000034092
0.8690000000041493 0.7140000000034092 1.639000000007826
0.7140000000034092 1.639000000007826 0.6390000000030511
1.639000000007826 0.6390000000030511 0.5870000000028028
0.6390000000030511 0.5870000000028028 0.373000000001781
0.5870000000028028 0.373000000001781 0.5120000000024447
0.373000000001781 0.5120000000024447 0.6800000000032469
0.5120000000024447 0.6800000000032469 0.9910000000047319
0.6800000000032469 0.9910000000047319 0.6310000000030129
0.9910000000047319 0.6310000000030129 0.5880000000028076
0.6310000000030129 0.5880000000028076 0.5230000000024972
0.5880000000028076 0.5230000000024972 0.3490000000016664
0.5230000000024972 0.3490000000016664 0.6250000000029843
0.3490000000016664 0.6250000000029843 0.7230000000034522
0.6250000000029843 0.7230000000034522 0.7780000000037148
0.7230000000034522 0.7780000000037148 0.7940000000037912
0.7780000000037148 0.7940000000037912 0.7960000000038008
0.7940000000037912 0.7960000000038008 0.7680000000036671
0.7960000000038008 0.7680000000036671 0.84400000000403
0.7680000000036671 0.84400000000403 0.7070000000033758
0.84400000000403 0.7070000000033758 0.7490000000035764
0.7070000000033758 0.7490000000035764 0.6960000000033233
0.7490000000035764 0.6960000000033233 1.2160000000058062
0.6960000000033233 1.2160000000058062 0.6170000000029461
1.2160000000058062 0.6170000000029461 0.5630000000026882
0.6170000000029461 0.5630000000026882 0.5360000000025593
0.5630000000026882 0.5360000000025593 0.3700000000017667
0.5360000000025593 0.3700000000017667 0.5220000000024925
0.3700000000017667 0.5220000000024925 0.5980000000028554
0.5220000000024925 0.5980000000028554 0.6160000000029413
0.5980000000028554 0.6160000000029413 0.484000000002311
0.6160000000029413 0.484000000002311 0.41200000000196724
0.484000000002311 0.41200000000196724 0.835000000003987
0.41200000000196724 0.835000000003987 0.7050000000033663
0.835000000003987 0.7050000000033663 1.417000000006766
0.7050000000033663 1.417000000006766 0.8790000000041971
1.417000000006766 0.8790000000041971 0.7110000000033949
0.8790000000041971 0.7110000000033949 1.5070000000071957
0.7110000000033949 1.5070000000071957 0.7130000000034045
1.5070000000071957 0.7130000000034045 0.7490000000035764
0.7130000000034045 0.7490000000035764 0.5410000000025832
0.7490000000035764 0.5410000000025832 1.2580000000060068
0.5410000000025832 1.2580000000060068 0.6360000000030368
1.2580000000060068 0.6360000000030368 0.595000000002841
0.6360000000030368 0.595000000002841 0.5710000000027264
0.595000000002841 0.5710000000027264 0.3130000000014945
0.5710000000027264 0.3130000000014945 0.6190000000029556
0.3130000000014945 0.6190000000029556 0.7660000000036575
0.6190000000029556 0.7660000000036575 0.7190000000034331
0.7660000000036575 0.7190000000034331 1.2000000000057298
0.7190000000034331 1.2000000000057298 0.4420000000021105
1.2000000000057298 0.4420000000021105 0.7160000000034188
0.4420000000021105 0.7160000000034188 0.8000000000038199
0.7160000000034188 0.8000000000038199 0.7820000000037339
0.8000000000038199 0.7820000000037339 0.7980000000038103
0.7820000000037339 0.7980000000038103 0.8480000000040491
0.7980000000038103 0.8480000000040491 1.1820000000056439
0.8480000000040491 1.1820000000056439 1.026000000004899
1.1820000000056439 1.026000000004899 0.7280000000034761
1.026000000004899 0.7280000000034761 0.9630000000045982
0.7280000000034761 0.9630000000045982 0.6450000000030798
0.9630000000045982 0.6450000000030798 0.6090000000029079
0.6450000000030798 0.6090000000029079 0.626000000002989
0.6090000000029079 0.626000000002989 0.34000000000162345
0.626000000002989 0.34000000000162345 0.5890000000028124
0.34000000000162345 0.5890000000028124 1.1420000000054529
0.5890000000028124 1.1420000000054529 0.41900000000200066
1.1420000000054529 0.41900000000200066 0.7820000000037339
0.41900000000200066 0.7820000000037339 0.7320000000034952
0.7820000000037339 0.7320000000034952 1.479000000007062
0.7320000000034952 1.479000000007062 0.21000000000100272
1.479000000007062 0.21000000000100272 1.3520000000064556
0.21000000000100272 1.3520000000064556 0.9030000000043117
1.3520000000064556 0.9030000000043117 0.7250000000034618
0.9030000000043117 0.7250000000034618 1.3790000000065845
0.7250000000034618 1.3790000000065845 1.337000000006384
1.3790000000065845 1.337000000006384 0.3610000000017237
1.337000000006384 0.3610000000017237 0.5830000000027837
0.3610000000017237 0.5830000000027837 0.6410000000030607
0.5830000000027837 0.6410000000030607 0.6890000000032899
0.6410000000030607 0.6890000000032899 0.24500000000116984
0.6890000000032899 0.24500000000116984 1.3109999999777529
0.24500000000116984 1.3109999999777529 0.32799999999224383
1.3109999999777529 0.32799999999224383 0.6789999999839438
0.32799999999224383 0.6789999999839438 1.3009999999692354
0.6789999999839438 1.3009999999692354 1.1529999999727352
1.3009999999692354 1.1529999999727352 0.6269999999851734
1.1529999999727352 0.6269999999851734 0.5759999999863794
0.6269999999851734 0.5759999999863794 0.5629999999866868
0.5759999999863794 0.5629999999866868 0.36199999999143984
0.5629999999866868 0.36199999999143984 0.5219999999876563
0.36199999999143984 0.5219999999876563 0.6329999999850315
0.5219999999876563 0.6329999999850315 0.6929999999836127
0.6329999999850315 0.6929999999836127 0.8049999999809643
0.6929999999836127 0.8049999999809643 0.7449999999823831
0.8049999999809643 0.7449999999823831 0.5789999999863085
0.7449999999823831 0.5789999999863085 0.31699999999250394
0.5789999999863085 0.31699999999250394 0.8729999999793563
0.31699999999250394 0.8729999999793563 0.7109999999831871
0.8729999999793563 0.7109999999831871 1.3399999999683132
0.7109999999831871 1.3399999999683132 1.4889999999647898
1.3399999999683132 1.4889999999647898 0.20599999999512875
1.4889999999647898 0.20599999999512875 1.3389999999683369
0.20599999999512875 1.3389999999683369 1.3209999999687625
1.3389999999683369 1.3209999999687625 0.39999999999054126
1.3209999999687625 0.39999999999054126 0.5739999999864267
0.39999999999054126 0.5739999999864267 0.6149999999854572
0.5739999999864267 0.6149999999854572 0.619999999985339
0.6149999999854572 0.619999999985339 0.28299999999330794
0.619999999985339 0.28299999999330794 0.6899999999836837
0.28299999999330794 0.6899999999836837 0.8469999999799711
0.6899999999836837 0.8469999999799711 0.7979999999811298
0.8469999999799711 0.7979999999811298 1.2669999999700394
0.7979999999811298 1.2669999999700394 0.9589999999773227
1.2669999999700394 0.9589999999773227 0.7129999999831398
0.9589999999773227 0.7129999999831398 0.95699999997737
0.7129999999831398 0.95699999997737 0.6419999999848187
0.95699999997737 0.6419999999848187 0.6179999999853862
0.6419999999848187 0.6179999999853862 0.6609999999843694
0.6179999999853862 0.6609999999843694 0.6669999999842275
0.6609999999843694 0.6669999999842275 0.33199999999214924
0.6669999999842275 0.33199999999214924 1.3189999999688098
0.33199999999214924 1.3189999999688098 1.0569999999750053
1.3189999999688098 1.0569999999750053 0.6419999999848187
1.0569999999750053 0.6419999999848187 0.60599999998567
0.6419999999848187 0.60599999998567 0.6309999999850788
0.60599999998567 0.6309999999850788 0.4949999999882948
0.6309999999850788 0.4949999999882948 0.42399999998997373
0.4949999999882948 0.42399999998997373 1.2309999999708907
0.42399999998997373 1.2309999999708907 0.3349999999920783
1.2309999999708907 0.3349999999920783 0.7229999999829033
0.3349999999920783 0.7229999999829033 0.7869999999813899
0.7229999999829033 0.7869999999813899 0.8759999999792853
0.7869999999813899 0.8759999999792853 0.7989999999811062
0.8759999999792853 0.7989999999811062 1.344999999968195
0.7989999999811062 1.344999999968195 0.8729999999793563
1.344999999968195 0.8729999999793563 0.7769999999816264
0.8729999999793563 0.7769999999816264 1.3769999999674383
0.7769999999816264 1.3769999999674383 0.8179999999806569
1.3769999999674383 0.8179999999806569 0.7739999999816973
0.8179999999806569 0.7739999999816973 1.3889999999671545
0.7739999999816973 1.3889999999671545 0.7279999999827851
1.3889999999671545 0.7279999999827851 0.823999999980515
0.7279999999827851 0.823999999980515 0.7529999999821939
0.823999999980515 0.7529999999821939 0.26399999999375723
0.7529999999821939 0.26399999999375723 1.290999999969472
0.26399999999375723 1.290999999969472 1.2859999999695901
1.290999999969472 1.2859999999695901 0.36999999999125066
1.2859999999695901 0.36999999999125066 1.2849999999696138
0.36999999999125066 1.2849999999696138 0.28299999999330794
1.2849999999696138 0.28299999999330794 1.2809999999697084
0.28299999999330794 1.2809999999697084 0.3579999999915344
1.2809999999697084 0.3579999999915344 0.5779999999863321
0.3579999999915344 0.5779999999863321 0.636999999984937
0.5779999999863321 0.636999999984937 0.6799999999839201
0.636999999984937 0.6799999999839201 0.2539999999939937
0.6799999999839201 0.2539999999939937 1.2959999999693537
0.2539999999939937 1.2959999999693537 0.3579999999915344
1.2959999999693537 0.3579999999915344 0.5499999999869942
0.3579999999915344 0.5499999999869942 0.9639999999772044
0.5499999999869942 0.9639999999772044 0.6439999999847714
0.9639999999772044 0.6439999999847714 1.3069999999690936
0.6439999999847714 1.3069999999690936 1.3669999999676747
1.3069999999690936 1.3669999999676747 1.3179999999688334
1.3669999999676747 1.3179999999688334 0.34899999999174725
1.3179999999688334 0.34899999999174725 1.4049999999667762
0.34899999999174725 1.4049999999667762 0.22699999999463216
1.4049999999667762 0.22699999999463216 1.3289999999685733
0.22699999999463216 1.3289999999685733 1.1679999999723805
1.3289999999685733 1.1679999999723805 0.503999999988082
1.1679999999723805 0.503999999988082 0.6179999999853862
0.503999999988082 0.6179999999853862 0.6779999999839674
0.6179999999853862 0.6779999999839674 0.9509999999775118
0.6779999999839674 0.9509999999775118 0.2199999999947977
0.9509999999775118 0.2199999999947977 1.1909999999718366
0.2199999999947977 1.1909999999718366 1.3149999999689044
1.1909999999718366 1.3149999999689044 1.3829999999672964
1.3149999999689044 1.3829999999672964 0.9689999999770862
1.3829999999672964 0.9689999999770862 0.6889999999837073
0.9689999999770862 0.6889999999837073 0.8029999999810116
0.6889999999837073 0.8029999999810116 0.7029999999833763
0.8029999999810116 0.7029999999833763 1.712999999959493
0.7029999999833763 1.712999999959493 0.6139999999854808
1.712999999959493 0.6139999999854808 0.5399999999872307
0.6139999999854808 0.5399999999872307 0.3579999999915344
0.5399999999872307 0.3579999999915344 0.537999999987278
0.3579999999915344 0.537999999987278 0.6129999999855045
0.537999999987278 0.6129999999855045 0.639999999984866
0.6129999999855045 0.639999999984866 0.4199999999900683
0.639999999984866 0.4199999999900683 0.5249999999875854
0.4199999999900683 0.5249999999875854 1.3669999999676747
0.5249999999875854 1.3669999999676747 0.2619999999938045
1.3669999999676747 0.2619999999938045 1.3289999999685733
0.2619999999938045 1.3289999999685733 1.0779999999745087
1.3289999999685733 1.0779999999745087 0.6349999999849842
1.0779999999745087 0.6349999999849842 0.5929999999859774
0.6349999999849842 0.5929999999859774 0.6139999999854808
0.5929999999859774 0.6139999999854808 0.5449999999871125
0.6139999999854808 0.5449999999871125 0.3429999999918891
0.5449999999871125 0.3429999999918891 0.7599999999820284
0.3429999999918891 0.7599999999820284 0.7509999999822412
0.7599999999820284 0.7509999999822412 1.3879999999671782
0.7509999999822412 1.3879999999671782 0.26799999999366264
1.3879999999671782 0.26799999999366264 1.3019999999692118
0.26799999999366264 1.3019999999692118 0.3819999999909669
1.3019999999692118 0.3819999999909669 0.4969999999882475
0.3819999999909669 0.4969999999882475 0.6349999999849842
0.4969999999882475 0.6349999999849842 0.7059999999833053
0.6349999999849842 0.7059999999833053 0.7809999999815318
0.7059999999833053 0.7809999999815318 0.7689999999818156
0.7809999999815318 0.7689999999818156 0.7509999999822412
0.7689999999818156 0.7509999999822412 0.23799999999437205
0.7509999999822412 0.23799999999437205 1.344999999968195
0.23799999999437205 1.344999999968195 1.007999999976164
1.344999999968195 1.007999999976164 0.6509999999846059
1.007999999976164 0.6509999999846059 1.3199999999687861
0.6509999999846059 1.3199999999687861 1.415999999966516
1.3199999999687861 1.415999999966516 1.024999999975762
1.415999999966516 1.024999999975762 0.6269999999851734
1.024999999975762 0.6269999999851734 1.3219999999687388
0.6269999999851734 1.3219999999687388 1.4089999999666816
1.3219999999687388 1.4089999999666816 1.1489999999728298
1.4089999999666816 1.1489999999728298 0.6269999999851734
1.1489999999728298 0.6269999999851734 0.5739999999864267
0.6269999999851734 0.5739999999864267 0.5659999999866159
0.5739999999864267 0.5659999999866159 0.37899999999103784
0.5659999999866159 0.37899999999103784 0.49999999998817657
0.37899999999103784 0.49999999998817657 0.6269999999851734
0.49999999998817657 0.6269999999851734 0.6829999999838492
0.6269999999851734 0.6829999999838492 0.942999999977701
0.6829999999838492 0.942999999977701 0.6519999999845822
0.942999999977701 0.6519999999845822 0.4969999999882475
0.6519999999845822 0.4969999999882475 0.3739999999911561
0.4969999999882475 0.3739999999911561 0.5959999999859065
0.3739999999911561 0.5959999999859065 0.6519999999845822
0.5959999999859065 0.6519999999845822 0.7189999999829979
0.6519999999845822 0.7189999999829979 0.22999999999456122
0.7189999999829979 0.22999999999456122 1.5849999999625197
0.22999999999456122 1.5849999999625197 0.1749999999958618
1.5849999999625197 0.1749999999958618 1.2529999999703705
0.1749999999958618 1.2529999999703705 1.3179999999688334
1.2529999999703705 1.3179999999688334 1.4549999999655938
1.3179999999688334 1.4549999999655938 0.7799999999815554
1.4549999999655938 0.7799999999815554 0.8089999999808697
0.7799999999815554 0.8089999999808697 0.7519999999822176
0.8089999999808697 0.7519999999822176 0.8769999999792617
0.7519999999822176 0.8769999999792617 0.6819999999838728
0.8769999999792617 0.6819999999838728 0.6849999999838019
0.6819999999838728 0.6849999999838019 0.9929999999765187
0.6849999999838019 0.9929999999765187 0.622999999985268
0.9929999999765187 0.622999999985268 0.5469999999870652
0.622999999985268 0.5469999999870652 0.34699999999179454
0.5469999999870652 0.34699999999179454 0.5529999999869233
0.34699999999179454 0.5529999999869233 0.6319999999850552
0.5529999999869233 0.6319999999850552 0.6799999999839201
0.6319999999850552 0.6799999999839201 0.3349999999920783
0.6799999999839201 0.3349999999920783 1.2369999999707488
0.3349999999920783 1.2369999999707488 0.44099999998957173
1.2369999999707488 0.44099999998957173 0.43199999998978456
0.44099999998957173 0.43199999998978456 0.6339999999850079
0.43199999998978456 0.6339999999850079 0.7179999999830216
0.6339999999850079 0.7179999999830216 0.772999999981721
0.7179999999830216 0.772999999981721 0.789999999981319
0.772999999981721 0.789999999981319 0.8489999999799238
0.789999999981319 0.8489999999799238 0.7019999999833999
0.8489999999799238 0.7019999999833999 0.6819999999838728
0.7019999999833999 0.6819999999838728 0.25499999999397005
0.6819999999838728 0.25499999999397005 1.293999999969401
0.25499999999397005 1.293999999969401 0.3669999999913216
1.293999999969401 0.3669999999913216 0.540999999987207
0.3669999999913216 0.540999999987207 1.0829999999743904
0.540999999987207 1.0829999999743904 0.6189999999853626
1.0829999999743904 0.6189999999853626 1.2779999999697793
0.6189999999853626 1.2779999999697793 1.2959999999693537
1.2779999999697793 1.2959999999693537 1.333999999968455
1.2959999999693537 1.333999999968455 1.4759999999650972
1.333999999968455 1.4759999999650972 0.7849999999814372
1.4759999999650972 0.7849999999814372 0.8719999999793799
0.7849999999814372 0.8719999999793799 0.6839999999838255
0.8719999999793799 0.6839999999838255 0.6449999999847478
0.6839999999838255 0.6449999999847478 0.2799999999933789
0.6449999999847478 0.2799999999933789 0.738999999982525
0.2799999999933789 0.738999999982525 1.2699999999699685
0.738999999982525 1.2699999999699685 1.140999999973019
1.2699999999699685 1.140999999973019 0.6329999999850315
1.140999999973019 0.6329999999850315 0.5879999999860956
0.6329999999850315 0.5879999999860956 0.5729999999864503
0.5879999999860956 0.5729999999864503 0.3259999999922911
0.5729999999864503 0.3259999999922911 0.5779999999863321
0.3259999999922911 0.5779999999863321 0.6919999999836364
0.5779999999863321 0.6919999999836364 0.8949999999788361
0.6919999999836364 0.8949999999788361 0.6689999999841802
0.8949999999788361 0.6689999999841802 0.6419999999848187
0.6689999999841802 0.6419999999848187 0.5359999999873253
0.6419999999848187 0.5359999999873253 0.40399999999044667
0.5359999999873253 0.40399999999044667 1.3709999999675802
0.40399999999044667 1.3709999999675802 0.2429999999942538
1.3709999999675802 0.2429999999942538 1.378999999967391
0.2429999999942538 1.378999999967391 0.8109999999808224
1.378999999967391 0.8109999999808224 0.758999999982052
0.8109999999808224 0.758999999982052 0.9679999999771098
0.758999999982052 0.9679999999771098 0.6859999999837783
0.9679999999771098 0.6859999999837783 1.3289999999685733
0.6859999999837783 1.3289999999685733 1.514999999964175
1.3289999999685733 1.514999999964175 0.7139999999831161
1.514999999964175 0.7139999999831161 0.7329999999826668
0.7139999999831161 0.7329999999826668 0.24899999999411193
0.7329999999826668 0.24899999999411193 1.443999999965854
0.24899999999411193 1.443999999965854 0.5059999999880347
1.443999999965854 0.5059999999880347 1.0099999999761167
0.5059999999880347 1.0099999999761167 1.5729999999628035
1.0099999999761167 1.5729999999628035 0.6489999999846532
1.5729999999628035 0.6489999999846532 0.6149999999854572
0.6489999999846532 0.6149999999854572 0.588999999986072
0.6149999999854572 0.588999999986072 0.2989999999929296
0.588999999986072 0.2989999999929296 0.7279999999827851
0.2989999999929296 0.7279999999827851 0.7869999999813899
0.7279999999827851 0.7869999999813899 1.3889999999671545
0.7869999999813899 1.3889999999671545 0.3689999999912743
1.3889999999671545 0.3689999999912743 0.5159999999877982
0.3689999999912743 0.5159999999877982 0.6129999999855045
0.5159999999877982 0.6129999999855045 0.6479999999846768
0.6129999999855045 0.6479999999846768 0.5839999999861902
0.6479999999846768 0.5839999999861902 0.3669999999913216
0.5839999999861902 0.3669999999913216 1.6459999999610773
0.3669999999913216 1.6459999999610773 0.6129999999855045
1.6459999999610773 0.6129999999855045 0.5199999999877036
0.6129999999855045 0.5199999999877036 0.3629999999914162
0.5199999999877036 0.3629999999914162 0.5529999999869233
0.3629999999914162 0.5529999999869233 0.6099999999855754
0.5529999999869233 0.6099999999855754 0.6249999999852207
0.6099999999855754 0.6249999999852207 0.3289999999922202
0.6249999999852207 0.3289999999922202 0.6019999999857646
0.3289999999922202 0.6019999999857646 1.1179999999735628
0.6019999999857646 1.1179999999735628 0.4419999999895481
1.1179999999735628 0.4419999999895481 0.8189999999806332
0.4419999999895481 0.8189999999806332 0.7099999999832107
0.8189999999806332 0.7099999999832107 1.4679999999652864
0.7099999999832107 1.4679999999652864 0.7529999999821939
1.4679999999652864 0.7529999999821939 0.9009999999786942
0.7529999999821939 0.9009999999786942 0.6669999999842275
0.9009999999786942 0.6669999999842275 0.6449999999847478
0.6669999999842275 0.6449999999847478 0.656999999984464
0.6449999999847478 0.656999999984464 0.2749999999934971
0.656999999984464 0.2749999999934971 1.367999999967651
0.2749999999934971 1.367999999967651 0.22799999999460852
1.367999999967651 0.22799999999460852 1.616999999961763
0.22799999999460852 1.616999999961763 0.6239999999852444
1.616999999961763 0.6239999999852444 0.5729999999864503
0.6239999999852444 0.5729999999864503 0.421999999990021
0.5729999999864503 0.421999999990021 0.45099999998933527
0.421999999990021 0.45099999998933527 0.6239999999852444
0.45099999998933527 0.6239999999852444 0.6869999999837546
0.6239999999852444 0.6869999999837546 0.9319999999779611
0.6869999999837546 0.9319999999779611 0.6509999999846059
0.9319999999779611 0.6509999999846059 0.5429999999871598
0.6509999999846059 0.5429999999871598 0.3329999999921256
0.5429999999871598 0.3329999999921256 0.6069999999856464
0.3329999999921256 0.6069999999856464 0.6979999999834945
0.6069999999856464 0.6979999999834945 0.8679999999794745
0.6979999999834945 0.8679999999794745 0.6869999999837546
0.8679999999794745 0.6869999999837546 0.6609999999843694
0.6869999999837546 0.6609999999843694 0.2949999999930242
0.6609999999843694 0.2949999999930242 0.7979999999811298
0.2949999999930242 0.7979999999811298 1.1729999999722622
0.7979999999811298 1.1729999999722622 1.0029999999762822
1.1729999999722622 1.0029999999762822 1.5129999999642223
1.0029999999762822 1.5129999999642223 0.49199999998836574
1.5129999999642223 0.49199999998836574 1.2349999999707961
0.49199999998836574 1.2349999999707961 1.0769999999745323
1.2349999999707961 1.0769999999745323 1.599999999962165
1.0769999999745323 1.599999999962165 0.6419999999848187
1.599999999962165 0.6419999999848187 0.6039999999857173
0.6419999999848187 0.6039999999857173 0.5569999999868287
0.6039999999857173 0.5569999999868287 0.3219999999923857
0.5569999999868287 0.3219999999923857 0.673999999984062
0.3219999999923857 0.673999999984062 0.8979999999787651
0.673999999984062 0.8979999999787651 0.6689999999841802
0.8979999999787651 0.6689999999841802 0.6609999999843694
0.6689999999841802 0.6609999999843694 0.7689999999818156
0.6609999999843694 0.7689999999818156 0.21299999999496322
0.7689999999818156 0.21299999999496322 1.3859999999672254
0.21299999999496322 1.3859999999672254 0.7809999999815318
1.3859999999672254 0.7809999999815318 0.7969999999811535
0.7809999999815318 0.7969999999811535 0.7939999999812244
0.7969999999811535 0.7939999999812244 0.7879999999813663
0.7939999999812244 0.7879999999813663 1.3749999999674856
0.7879999999813663 1.3749999999674856 0.3669999999913216
1.3749999999674856 0.3669999999913216 0.5159999999877982
0.3669999999913216 0.5159999999877982 0.6409999999848424
0.5159999999877982 0.6409999999848424 0.7209999999829506
0.6409999999848424 0.7209999999829506 0.7189999999829979
0.7209999999829506 0.7189999999829979 0.86099999997964
0.7189999999829979 0.86099999997964 0.755999999982123
0.86099999997964 0.755999999982123 0.8299999999803731
0.755999999982123 0.8299999999803731 0.7489999999822885
0.8299999999803731 0.7489999999822885 0.9099999999784814
0.7489999999822885 0.9099999999784814 0.6799999999839201
0.9099999999784814 0.6799999999839201 1.4569999999655465
0.6799999999839201 1.4569999999655465 0.8029999999810116
1.4569999999655465 0.8029999999810116 0.7769999999816264
0.8029999999810116 0.7769999999816264 0.8129999999807751
0.7769999999816264 0.8129999999807751 0.755999999982123
0.8129999999807751 0.755999999982123 1.327999999968597
0.755999999982123 1.327999999968597 0.45999999998912244
1.327999999968597 0.45999999998912244 0.5529999999869233
0.45999999998912244 0.5529999999869233 0.5789999999863085
0.5529999999869233 0.5789999999863085 0.5519999999869469
0.5789999999863085 0.5519999999869469 0.3389999999919837
0.5519999999869469 0.3389999999919837 0.5649999999866395
0.3389999999919837 0.5649999999866395 0.6479999999846768
0.5649999999866395 0.6479999999846768 0.7279999999828419
0.6479999999846768 0.7279999999828419 0.24999999999408828
0.7279999999828419 0.24999999999408828 1.395999999966989
0.24999999999408828 1.395999999966989 0.5799999999862848
1.395999999966989 0.5799999999862848 0.9779999999768734
0.5799999999862848 0.9779999999768734 1.3979999999669417
0.9779999999768734 1.3979999999669417 0.3729999999911797
1.3979999999669417 0.3729999999911797 0.5159999999877982
0.3729999999911797 0.5159999999877982 0.6009999999857882
0.5159999999877982 0.6009999999857882 0.6239999999852444
0.6009999999857882 0.6239999999852444 0.5189999999877273
0.6239999999852444 0.5189999999877273 0.38499999999089596
0.5189999999877273 0.38499999999089596 1.180999999972073
0.38499999999089596 1.180999999972073 0.486999999988484
1.180999999972073 0.486999999988484 0.5729999999864503
0.486999999988484 0.5729999999864503 0.6009999999857882
0.5729999999864503 0.6009999999857882 0.5779999999863321
0.6009999999857882 0.5779999999863321 0.30599999999276406
0.5779999999863321 0.30599999999276406 0.6419999999848187
0.30599999999276406 0.6419999999848187 0.9379999999778192
0.6419999999848187 0.9379999999778192 0.6069999999856464
0.9379999999778192 0.6069999999856464 1.3269999999686206
0.6069999999856464 1.3269999999686206 1.415999999966516
1.3269999999686206 1.415999999966516 0.9619999999772517
1.415999999966516 0.9619999999772517 0.6329999999850315
0.9619999999772517 0.6329999999850315 1.432999999966114
0.6329999999850315 1.432999999966114 0.8689999999794509
1.432999999966114 0.8689999999794509 0.7509999999822412
0.8689999999794509 0.7509999999822412 0.8389999999801603
0.7509999999822412 0.8389999999801603 0.7359999999825959
0.8389999999801603 0.7359999999825959 1.0639999999748397
0.7359999999825959 1.0639999999748397 0.6159999999854335
1.0639999999748397 0.6159999999854335 1.3049999999691408
0.6159999999854335 1.3049999999691408 1.3529999999680058
1.3049999999691408 1.3529999999680058 1.4569999999655465
1.3529999999680058 1.4569999999655465 0.7429999999824304
1.4569999999655465 0.7429999999824304 1.0369999999754782
0.7429999999824304 1.0369999999754782 1.2759999999698266
1.0369999999754782 1.2759999999698266 1.279999999969732
1.2759999999698266 1.279999999969732 1.2869999999695665
1.279999999969732 1.2869999999695665 1.299999999969259
1.2869999999695665 1.299999999969259 1.3149999999689044
1.299999999969259 1.3149999999689044 0.9749999999769443
1.3149999999689044 0.9749999999769443 1.3699999999676038
0.9749999999769443 1.3699999999676038 0.4379999999896427
1.3699999999676038 0.4379999999896427 0.6449999999847478
0.4379999999896427 0.6449999999847478 1.2029999999715528
0.6449999999847478 1.2029999999715528 1.4049999999667762
1.2029999999715528 1.4049999999667762 1.0229999999758093
1.4049999999667762 1.0229999999758093 0.5929999999859774
1.0229999999758093 0.5929999999859774 1.3539999999679821
0.5929999999859774 1.3539999999679821 0.9749999999769443
1.3539999999679821 0.9749999999769443 0.7649999999819102
0.9749999999769443 0.7649999999819102 0.8399999999801366
0.7649999999819102 0.8399999999801366 0.7859999999814136
0.8399999999801366 0.7859999999814136 1.30799999996907
0.7859999999814136 1.30799999996907 1.1669999999724041
1.30799999996907 1.1669999999724041 0.5439999999871361
1.1669999999724041 0.5439999999871361 1.290999999969472
0.5439999999871361 1.290999999969472 1.3089999999690463
1.290999999969472 1.3089999999690463 1.3409999999682896
1.3089999999690463 1.3409999999682896 0.9779999999768734
1.3409999999682896 0.9779999999768734 0.8119999999807987
0.9779999999768734 0.8119999999807987 1.2049999999715055
0.8119999999807987 1.2049999999715055 0.9889999999766133
1.2049999999715055 0.9889999999766133 0.6999999999834472
0.9889999999766133 0.6999999999834472 1.1459999999729007
0.6999999999834472 1.1459999999729007 0.6279999999851498
1.1459999999729007 0.6279999999851498 0.5799999999862848
0.6279999999851498 0.5799999999862848 0.5669999999865922
0.5799999999862848 0.5669999999865922 0.35299999999165266
0.5669999999865922 0.35299999999165266 0.5339999999873726
0.35299999999165266 0.5339999999873726 0.6459999999847241
0.5339999999873726 0.6459999999847241 0.7319999999826905
0.6459999999847241 0.7319999999826905 0.6359999999849606
0.7319999999826905 0.6359999999849606 1.0029999999762822
0.6359999999849606 1.0029999999762822 0.6379999999849133
1.0029999999762822 0.6379999999849133 0.9439999999776774
0.6379999999849133 0.9439999999776774 1.0069999999761876
0.9439999999776774 1.0069999999761876 1.0839999999743668
1.0069999999761876 1.0839999999743668 1.29699999996933
1.0839999999743668 1.29699999996933 1.0089999999761403
1.29699999996933 1.0089999999761403 1.3599999999678403
1.0089999999761403 1.3599999999678403 0.8149999999807278
1.3599999999678403 0.8149999999807278 0.7859999999814136
0.8149999999807278 0.7859999999814136 1.3749999999674856
0.7859999999814136 1.3749999999674856 0.7849999999814372
1.3749999999674856 0.7849999999814372 0.7629999999819574
0.7849999999814372 0.7629999999819574 0.6359999999849606
0.7629999999819574 0.6359999999849606 0.28699999999321335
0.6359999999849606 0.28699999999321335 1.3159999999688807
0.28699999999321335 1.3159999999688807 0.25699999999392276
1.3159999999688807 0.25699999999392276 1.2959999999693537
0.25699999999392276 1.2959999999693537 0.3179999999924803
1.2959999999693537 0.3179999999924803 0.5949999999859301
0.3179999999924803 0.5949999999859301 0.7259999999828324
0.5949999999859301 0.7259999999828324 0.7819999999815082
0.7259999999828324 0.7819999999815082 0.8019999999810352
0.7819999999815082 0.8019999999810352 0.7689999999818156
0.8019999999810352 0.7689999999818156 0.908999999978505
0.7689999999818156 0.908999999978505 0.7179999999830216
0.908999999978505 0.7179999999830216 1.3769999999674383
0.7179999999830216 1.3769999999674383 1.330999999968526
1.3769999999674383 1.330999999968526 0.336999999992031
1.330999999968526 0.336999999992031 0.6119999999855281
0.336999999992031 0.6119999999855281 0.7069999999832817
0.6119999999855281 0.7069999999832817 0.8279999999804204
0.7069999999832817 0.8279999999804204 0.721999999982927
0.8279999999804204 0.721999999982927 0.7579999999820757
0.721999999982927 0.7579999999820757 0.22699999999463216
0.7579999999820757 0.22699999999463216 1.4349999999660668
0.22699999999463216 1.4349999999660668 0.6999999999834472
1.4349999999660668 0.6999999999834472 0.7329999999826668
0.6999999999834472 0.7329999999826668 0.7479999999823121
0.7329999999826668 0.7479999999823121 0.86099999997964
0.7479999999823121 0.86099999997964 0.7099999999832107
0.86099999997964 0.7099999999832107 1.2099999999713873
0.7099999999832107 1.2099999999713873 0.43199999998978456
1.2099999999713873 0.43199999998978456 0.843999999980042
0.43199999998978456 0.843999999980042 0.7009999999834235
0.843999999980042 0.7009999999834235 1.398999999966918
0.7009999999834235 1.398999999966918 1.194999999971742
1.398999999966918 1.194999999971742 0.6189999999853626
1.194999999971742 0.6189999999853626 0.5529999999869233
0.6189999999853626 0.5529999999869233 0.5679999999865686
0.5529999999869233 0.5679999999865686 0.5219999999876563
0.5679999999865686 0.5219999999876563 0.3579999999915344
0.5219999999876563 0.3579999999915344 0.5619999999867105
0.3579999999915344 0.5619999999867105 0.619999999985339
0.5619999999867105 0.619999999985339 0.6429999999847951
0.619999999985339 0.6429999999847951 0.2949999999930242
0.6429999999847951 0.2949999999930242 0.6949999999835654
0.2949999999930242 0.6949999999835654 1.350999999968053
0.6949999999835654 1.350999999968053 0.8209999999805859
1.350999999968053 0.8209999999805859 0.8129999999807751
0.8209999999805859 0.8129999999807751 0.7369999999825723
0.8129999999807751 0.7369999999825723 0.7659999999818865
0.7369999999825723 0.7659999999818865 0.21399999999493957
0.7659999999818865 0.21399999999493957 1.3839999999672727
0.21399999999493957 1.3839999999672727 0.792999999981248
1.3839999999672727 0.792999999981248 0.7789999999815791
0.792999999981248 0.7789999999815791 0.8699999999794272
0.7789999999815791 0.8699999999794272 0.7459999999823594
0.8699999999794272 0.7459999999823594 1.4409999999659249
0.7459999999823594 1.4409999999659249 0.7479999999823121
1.4409999999659249 0.7479999999823121 0.8809999999791671
0.7479999999823121 0.8809999999791671 0.6789999999839438
0.8809999999791671 0.6789999999839438 0.6819999999838728
0.6789999999839438 0.6819999999838728 1.1019999999739412
0.6819999999838728 1.1019999999739412 0.5909999999860247
1.1019999999739412 0.5909999999860247 0.5189999999877273
0.5909999999860247 0.5189999999877273 0.3839999999909196
0.5189999999877273 0.3839999999909196 0.5149999999878219
0.3839999999909196 0.5149999999878219 0.5779999999863321
0.5149999999878219 0.5779999999863321 0.5829999999862139
0.5779999999863321 0.5829999999862139 0.4479999999894062
0.5829999999862139 0.4479999999894062 0.4249999999899501
0.4479999999894062 0.4249999999899501 0.639999999984866
0.4249999999899501 0.639999999984866 0.741999999982454
0.639999999984866 0.741999999982454 0.7199999999829743
0.741999999982454 0.7199999999829743 0.9699999999770625
0.7199999999829743 0.9699999999770625 0.6309999999850788
0.9699999999770625 0.6309999999850788 1.3899999999671309
0.6309999999850788 1.3899999999671309 0.9989999999763768
1.3899999999671309 0.9989999999763768 0.6759999999840147
0.9989999999763768 0.6759999999840147 0.6889999999837073
0.6759999999840147 0.6889999999837073 0.9329999999779375
0.6889999999837073 0.9329999999779375 0.6499999999846295
0.9329999999779375 0.6499999999846295 0.6079999999856227
0.6499999999846295 0.6079999999856227 0.44299999998952444
0.6079999999856227 0.44299999998952444 0.4479999999894062
0.44299999998952444 0.4479999999894062 0.7569999999820993
0.4479999999894062 0.7569999999820993 0.7479999999823121
0.7569999999820993 0.7479999999823121 1.3599999999678403
0.7479999999823121 1.3599999999678403 0.285999999993237
1.3599999999678403 0.285999999993237 0.6809999999838965
0.285999999993237 0.6809999999838965 0.8419999999800893
0.6809999999838965 0.8419999999800893 0.7329999999826668
0.8419999999800893 0.7329999999826668 1.2059999999714819
0.7329999999826668 1.2059999999714819 0.37699999999108513
1.2059999999714819 0.37699999999108513 1.4249999999663032
0.37699999999108513 1.4249999999663032 0.22699999999463216
1.4249999999663032 0.22699999999463216 1.293999999969401
0.22699999999463216 1.293999999969401 1.3879999999671782
1.293999999969401 1.3879999999671782 0.27399999999352076
1.3879999999671782 0.27399999999352076 1.4689999999652628
0.27399999999352076 1.4689999999652628 0.19999999999527063
1.4689999999652628 0.19999999999527063 1.2819999999696847
0.19999999999527063 1.2819999999696847 1.6299999999614556
1.2819999999696847 1.6299999999614556 0.6449999999847478
1.6299999999614556 0.6449999999847478 0.5839999999861902
0.6449999999847478 0.5839999999861902 0.32799999999224383
0.5839999999861902 0.32799999999224383 0.5729999999864503
0.32799999999224383 0.5729999999864503 0.7139999999831161
0.5729999999864503 0.7139999999831161 0.8089999999808697
0.7139999999831161 0.8089999999808697 0.7499999999822649
0.8089999999808697 0.7499999999822649 0.9049999999785996
0.7499999999822649 0.9049999999785996 0.6649999999842748
0.9049999999785996 0.6649999999842748 0.6439999999847714
0.6649999999842748 0.6439999999847714 0.6679999999842039
0.6439999999847714 0.6679999999842039 0.2579999999938991
0.6679999999842039 0.2579999999938991 1.3379999999683605
0.2579999999938991 1.3379999999683605 0.24399999999423017
1.3379999999683605 0.24399999999423017 1.313999999968928
0.24399999999423017 1.313999999968928 0.2969999999929769
1.313999999968928 0.2969999999929769 0.7189999999829979
0.2969999999929769 0.7189999999829979 1.279999999969732
0.7189999999829979 1.279999999969732 1.0499999999751708
1.279999999969732 1.0499999999751708 0.6549999999845113
1.0499999999751708 0.6549999999845113 0.6299999999851025
0.6549999999845113 0.6299999999851025 0.6649999999842748
0.6299999999851025 0.6649999999842748 0.2669999999936863
0.6649999999842748 0.2669999999936863 1.3599999999678403
0.2669999999936863 1.3599999999678403 0.39199999999073043
1.3599999999678403 0.39199999999073043 0.5009999999881529
0.39199999999073043 0.5009999999881529 0.574999999986403
0.5009999999881529 0.574999999986403 0.5849999999861666
0.574999999986403 0.5849999999861666 0.4889999999884367
0.5849999999861666 0.4889999999884367 0.38299999999094325
0.4889999999884367 0.38299999999094325 0.6299999999851025
0.38299999999094325 0.6299999999851025 0.7229999999829033
0.6299999999851025 0.7229999999829033 0.7699999999817919
0.7229999999829033 0.7699999999817919 0.8039999999809879
0.7699999999817919 0.8039999999809879 0.7869999999813899
0.8039999999809879 0.7869999999813899 0.7809999999815318
0.7869999999813899 0.7809999999815318 0.8149999999807278
0.7809999999815318 0.8149999999807278 0.7399999999825013
0.8149999999807278 0.7399999999825013 1.0489999999751944
0.7399999999825013 1.0489999999751944 0.6159999999854335
1.0489999999751944 0.6159999999854335 0.5679999999865686
0.6159999999854335 0.5679999999865686 0.49399999998831845
0.5679999999865686 0.49399999998831845 0.3779999999910615
0.49399999998831845 0.3779999999910615 0.5809999999862612
0.3779999999910615 0.5809999999862612 0.6299999999851025
0.5809999999862612 0.6299999999851025 0.6529999999845586
0.6299999999851025 0.6529999999845586 0.2599999999938518
0.6529999999845586 0.2599999999938518 1.1349999999731608
0.2599999999938518 1.1349999999731608 0.772999999981721
1.1349999999731608 0.772999999981721 1.2529999999703705
0.772999999981721 1.2529999999703705 1.2499999999704414
1.2529999999703705 1.2499999999704414 1.2609999999701813
1.2499999999704414 1.2609999999701813 1.299999999969259
1.2609999999701813 1.299999999969259 1.4219999999663742
1.299999999969259 1.4219999999663742 0.8309999999803495
1.4219999999663742 0.8309999999803495 0.7439999999824067
0.8309999999803495 0.7439999999824067 1.395999999966989
0.7439999999824067 1.395999999966989 0.25299999999401734
1.395999999966989 0.25299999999401734 1.29699999996933
0.25299999999401734 1.29699999996933 0.3609999999914635
1.29699999996933 0.3609999999914635 0.5499999999869942
0.3609999999914635 0.5499999999869942 1.0409999999753836
0.5499999999869942 1.0409999999753836 0.6279999999851498
1.0409999999753836 0.6279999999851498 0.5759999999863794
0.6279999999851498 0.5759999999863794 0.5929999999859774
0.5759999999863794 0.5929999999859774 0.5289999999874908
0.5929999999859774 0.5289999999874908 0.34499999999184183
0.5289999999874908 0.34499999999184183 0.6409999999848424
0.34499999999184183 0.6409999999848424 0.7869999999813899
0.6409999999848424 0.7869999999813899 0.6829999999838492
0.7869999999813899 0.6829999999838492 0.9789999999768497
0.6829999999838492 0.9789999999768497 0.7019999999833999
0.9789999999768497 0.7019999999833999 1.4029999999668235
0.7019999999833999 1.4029999999668235 0.2559999999939464
1.4029999999668235 0.2559999999939464 1.2759999999698266
0.2559999999939464 1.2759999999698266 1.4489999999657357
1.2759999999698266 1.4489999999657357 0.28299999999330794
1.4489999999657357 0.28299999999330794 1.2899999999694955
0.28299999999330794 1.2899999999694955 1.2129999999713164
1.2899999999694955 1.2129999999713164 0.44099999998957173
1.2129999999713164 0.44099999998957173 1.2269999999709853
0.44099999998957173 1.2269999999709853 0.33999999999196007
1.2269999999709853 0.33999999999196007 0.7109999999831871
0.33999999999196007 0.7109999999831871 0.8049999999809643
0.7109999999831871 0.8049999999809643 0.7799999999815554
0.8049999999809643 0.7799999999815554 0.8109999999808224
0.7799999999815554 0.8109999999808224 0.9199999999782449
0.8109999999808224 0.9199999999782449 1.1419999999729953
0.9199999999782449 1.1419999999729953 1.2809999999697084
1.1419999999729953 1.2809999999697084 1.0739999999746033
1.2809999999697084 1.0739999999746033 0.7569999999820993
1.0739999999746033 0.7569999999820993 0.8349999999802549
0.7569999999820993 0.8349999999802549 0.7309999999827141
0.8349999999802549 0.7309999999827141 0.8909999999789306
0.7309999999827141 0.8909999999789306 0.6669999999842275
0.8909999999789306 0.6669999999842275 0.77599999998165
0.6669999999842275 0.77599999998165 0.7279999999827851
0.77599999998165 0.7279999999827851 1.4059999999667525
0.7279999999827851 1.4059999999667525 0.2409999999943011
1.4059999999667525 0.2409999999943011 1.3409999999682896
0.2409999999943011 1.3409999999682896 0.25699999999392276
1.3409999999682896 0.25699999999392276 1.293999999969401
0.25699999999392276 1.293999999969401 0.44499999998947715
1.293999999969401 0.44499999998947715 0.5179999999877509
0.44499999998947715 0.5179999999877509 1.4799999999650026
0.5179999999877509 1.4799999999650026 0.6919999999836364
1.4799999999650026 0.6919999999836364 0.6179999999853862
0.6919999999836364 0.6179999999853862 0.2779999999934262
0.6179999999853862 0.2779999999934262 0.7459999999823594
0.2779999999934262 0.7459999999823594 0.7889999999813426
0.7459999999823594 0.7889999999813426 1.378999999967391
0.7889999999813426 1.378999999967391 0.7479999999823121
1.378999999967391 0.7479999999823121 0.8109999999808224
0.7479999999823121 0.8109999999808224 0.9379999999778192
0.8109999999808224 0.9379999999778192 0.6469999999847005
0.9379999999778192 0.6469999999847005 0.5499999999869942
0.6469999999847005 0.5499999999869942 0.3289999999922202
0.5499999999869942 0.3289999999922202 0.6009999999857882
0.3289999999922202 0.6009999999857882 0.6929999999836127
0.6009999999857882 0.6929999999836127 0.8989999999787415
0.6929999999836127 0.8989999999787415 0.6669999999842275
0.8989999999787415 0.6669999999842275 0.6279999999851498
0.6669999999842275 0.6279999999851498 0.34899999999174725
0.6279999999851498 0.34899999999174725 0.5809999999862612
0.34899999999174725 0.5809999999862612 1.1719999999722859
0.5809999999862612 1.1719999999722859 0.38899999999080137
1.1719999999722859 0.38899999999080137 0.8929999999788834
0.38899999999080137 0.8929999999788834 0.6869999999837546
0.8929999999788834 0.6869999999837546 1.3359999999684078
0.6869999999837546 1.3359999999684078 1.596999999962236
1.3359999999684078 1.596999999962236 0.6599999999843931
1.596999999962236 0.6599999999843931 0.6099999999855754
0.6599999999843931 0.6099999999855754 0.32099999999240936
0.6099999999855754 0.32099999999240936 0.5959999999859065
0.32099999999240936 0.5959999999859065 1.1059999999738466
0.5959999999859065 1.1059999999738466 0.6249999999852207
1.1059999999738466 0.6249999999852207 0.5599999999867578
0.6249999999852207 0.5599999999867578 0.5619999999867105
0.5599999999867578 0.5619999999867105 0.4629999999890515
0.5619999999867105 0.4629999999890515 0.4069999999903757
0.4629999999890515 0.4069999999903757 0.5839999999861902
0.4069999999903757 0.5839999999861902 0.6219999999852917
0.5839999999861902 0.6219999999852917 0.6249999999852207
0.6219999999852917 0.6249999999852207 0.27399999999352076
0.6249999999852207 0.27399999999352076 0.7779999999816027
0.27399999999352076 0.7779999999816027 0.7829999999814845
0.7779999999816027 0.7829999999814845 1.5099999999642932
0.7829999999814845 1.5099999999642932 0.6689999999841802
1.5099999999642932 0.6689999999841802 0.6529999999845586
0.6689999999841802 0.6529999999845586 0.7099999999832107
0.6529999999845586 0.7099999999832107 0.23799999999437205
0.7099999999832107 0.23799999999437205 1.7169999999593983
0.23799999999437205 1.7169999999593983 0.5959999999859065
1.7169999999593983 0.5959999999859065 0.5349999999873489
0.5959999999859065 0.5349999999873489 0.39399999999068314
0.5349999999873489 0.39399999999068314 0.48999999998841304
0.39399999999068314 0.48999999998841304 0.5779999999863321
0.48999999998841304 0.5779999999863321 0.5929999999859774
0.5779999999863321 0.5929999999859774 0.5189999999877273
0.5929999999859774 0.5189999999877273 0.35499999999160536
0.5189999999877273 0.35499999999160536 0.6449999999847478
0.35499999999160536 0.6449999999847478 0.7999999999810825
0.6449999999847478 0.7999999999810825 0.6669999999842275
0.7999999999810825 0.6669999999842275 1.0189999999759038
0.6669999999842275 1.0189999999759038 0.7609999999820047
1.0189999999759038 0.7609999999820047 1.2339999999708198
0.7609999999820047 1.2339999999708198 1.4939999999646716
1.2339999999708198 1.4939999999646716 0.7829999999814845
1.4939999999646716 0.7829999999814845 0.5349999999873489
0.7829999999814845 0.5349999999873489 0.35099999999169995
0.5349999999873489 0.35099999999169995 0.7409999999824777
0.35099999999169995 0.7409999999824777 0.7669999999818629
0.7409999999824777 0.7669999999818629 1.3639999999677457
0.7669999999818629 1.3639999999677457 0.33399999999210195
1.3639999999677457 0.33399999999210195 0.5699999999865213
0.33399999999210195 0.5699999999865213 0.6649999999842748
0.5699999999865213 0.6649999999842748 0.809999999980846
0.6649999999842748 0.809999999980846 0.2109999999950105
0.809999999980846 0.2109999999950105 1.3219999999687388
0.2109999999950105 1.3219999999687388 1.3579999999678876
1.3219999999687388 1.3579999999678876 0.30599999999276406