0.7935999999999126 0.6758999999999257 0.7151000000007808
0.6758999999999257 0.7151000000007808 0.36300000000076604
0.7151000000007808 0.36300000000076604 1.3035000000025123
0.36300000000076604 1.3035000000025123 1.8752999999956295
1.3035000000025123 1.8752999999956295 0.6063999999985867
1.8752999999956295 0.6063999999985867 0.5677999999986767
0.6063999999985867 0.5677999999986767 0.5399999999987415
0.5677999999986767 0.5399999999987415 0.4509999999989489
0.5399999999987415 0.4509999999989489 0.5044999999988242
0.4509999999989489 0.5044999999988242 0.5795999999986492
0.5044999999988242 0.5795999999986492 0.6059999999985877
0.5795999999986492 0.6059999999985877 0.6189999999985574
0.6059999999985877 0.6189999999985574 0.6124999999985725
0.6189999999985574 0.6124999999985725 0.3614999999991575
0.6124999999985725 0.3614999999991575 0.612699999998572
0.3614999999991575 0.612699999998572 1.2990999999969723
0.612699999998572 1.2990999999969723 0.44899999999895357
1.2990999999969723 0.44899999999895357 0.5604999999986937
0.44899999999895357 0.5604999999986937 0.609699999998579
0.5604999999986937 0.609699999998579 0.6359999999985178
0.609699999998579 0.6359999999985178 0.6613999999984603
0.6359999999985178 0.6613999999984603 0.6455999999984954
0.6613999999984603 0.6455999999984954 0.3565999999991689
0.6455999999984954 0.3565999999991689 1.499199999996506
0.3565999999991689 1.499199999996506 0.7012999999983656
1.499199999996506 0.7012999999983656 0.697699999998374
0.7012999999983656 0.697699999998374 1.1703999999972723
0.697699999998374 1.1703999999972723 0.6088999999985809
1.1703999999972723 0.6088999999985809 0.5699999999986716
0.6088999999985809 0.5699999999986716 0.5441999999987317
0.5699999999986716 0.5441999999987317 0.4518999999989468
0.5441999999987317 0.4518999999989468 0.5000999999988345
0.4518999999989468 0.5000999999988345 0.5812999999986452
0.5000999999988345 0.5812999999986452 0.6097999999985788
0.5812999999986452 0.6097999999985788 0.6254999999985422
0.6097999999985788 0.6254999999985422 0.625599999998542
0.6254999999985422 0.625599999998542 0.35139999999918103
0.625599999998542 0.35139999999918103 0.638899999998511
0.35139999999918103 0.638899999998511 1.3252999999969113
0.638899999998511 1.3252999999969113 0.30749999999928335
1.3252999999969113 0.30749999999928335 0.962399999997757
0.30749999999928335 0.962399999997757 1.178699999997253
0.962399999997757 1.178699999997253 1.3478000000148214
1.178699999997253 1.3478000000148214 1.3894000000461233
1.3478000000148214 1.3894000000461233 1.5353000000509667
1.3894000000461233 1.5353000000509667 0.23090000000766508
1.5353000000509667 0.23090000000766508 1.343600000044603
0.23090000000766508 1.343600000044603 1.4095000000467905
1.343600000044603 1.4095000000467905 0.9240000000306736
1.4095000000467905 0.9240000000306736 0.6841000000227098
0.9240000000306736 0.6841000000227098 0.6342000000210533
0.6841000000227098 0.6342000000210533 0.6058000000201105
0.6342000000210533 0.6058000000201105 0.3404000000113001
0.6058000000201105 0.3404000000113001 0.8544000000283631
0.3404000000113001 0.8544000000283631 1.2275000000407488
0.8544000000283631 1.2275000000407488 1.5130000000502264
1.2275000000407488 1.5130000000502264 0.8067000000267797
1.5130000000502264 0.8067000000267797 0.8792000000291864
0.8067000000267797 0.8792000000291864 0.7047000000233936
0.8792000000291864 0.7047000000233936 0.7082000000235098
0.7047000000233936 0.7082000000235098 0.9249000000307035
0.7082000000235098 0.9249000000307035 0.6780000000225073
0.9249000000307035 0.6780000000225073 0.6523000000216541
0.6780000000225073 0.6523000000216541 0.696700000023128
0.6523000000216541 0.696700000023128 0.809300000026866
0.696700000023128 0.809300000026866 0.7936000000263448
0.809300000026866 0.7936000000263448 0.6414000000212923
0.7936000000263448 0.6414000000212923 0.38430000001275744
0.6414000000212923 0.38430000001275744 0.6098000000202433
0.38430000001275744 0.6098000000202433 1.4197000000471292
0.6098000000202433 1.4197000000471292 0.25320000000840537
1.4197000000471292 0.25320000000840537 1.4017000000465316
0.25320000000840537 1.4017000000465316 0.7633000000253389
1.4017000000465316 0.7633000000253389 1.2765000000423754
0.7633000000253389 1.2765000000423754 0.3297000000109449
1.2765000000423754 0.3297000000109449 1.3473000000447257
0.3297000000109449 1.3473000000447257 0.4837000000160572
1.3473000000447257 0.4837000000160572 0.4491000000149086
0.4837000000160572 0.4491000000149086 0.6320000000209802
0.4491000000149086 0.6320000000209802 0.7177000000238252
0.6320000000209802 0.7177000000238252 0.8660000000287411
0.7177000000238252 0.8660000000287411 0.7155000000237521
0.8660000000287411 0.7155000000237521 0.7549000000250601
0.7155000000237521 0.7549000000250601 0.784600000026046
0.7549000000250601 0.784600000026046 0.9175000000304578
0.784600000026046 0.9175000000304578 1.2017000000398923
0.9175000000304578 1.2017000000398923 1.581400000052497
1.2017000000398923 1.581400000052497 0.7719000000256244
1.581400000052497 0.7719000000256244 0.6570000000218101
0.7719000000256244 0.6570000000218101 0.3959000000131425
0.6570000000218101 0.3959000000131425 0.6364000000211263
0.3959000000131425 0.6364000000211263 1.3969000000463723
0.6364000000211263 1.3969000000463723 0.8224000000273008
1.3969000000463723 0.8224000000273008 0.8003000000265672
0.8224000000273008 0.8003000000265672 0.9915000000329144
0.8003000000265672 0.9915000000329144 1.1903000000395139
0.9915000000329144 1.1903000000395139 1.3767000000457017
1.1903000000395139 1.3767000000457017 1.51160000005018
1.3767000000457017 1.51160000005018 0.7794000000258734
1.51160000005018 0.7794000000258734 0.9317000000309292
0.7794000000258734 0.9317000000309292 0.6760000000224409
0.9317000000309292 0.6760000000224409 0.650700000021601
0.6760000000224409 0.650700000021601 0.7025000000233206
0.650700000021601 0.7025000000233206 0.9269000000307699
0.7025000000233206 0.9269000000307699 0.6830000000226732
0.9269000000307699 0.6830000000226732 0.631000000020947
0.6830000000226732 0.631000000020947 0.594400000019732
0.631000000020947 0.594400000019732 0.34930000001159556
0.594400000019732 0.34930000001159556 0.8058000000267498
0.34930000001159556 0.8058000000267498 1.284800000042651
0.8058000000267498 1.284800000042651 1.1690000000388068
1.284800000042651 1.1690000000388068 0.534000000017727
1.1690000000388068 0.534000000017727 1.475000000048965
0.534000000017727 1.475000000048965 0.49480000001642566
1.475000000048965 0.49480000001642566 0.5274000000175079
0.49480000001642566 0.5274000000175079 0.5622000000186631
0.5274000000175079 0.5622000000186631 0.5732000000190283
0.5622000000186631 0.5732000000190283 0.567500000018839
0.5732000000190283 0.567500000018839 0.5231000000173651
0.567500000018839 0.5231000000173651 0.4351000000144438
0.5231000000173651 0.4351000000144438 0.5418000000179859
0.4351000000144438 0.5418000000179859 0.5978000000198449
0.5418000000179859 0.5978000000198449 0.6221000000206516
0.5978000000198449 0.6221000000206516 0.6387000000212026
0.6221000000206516 0.6387000000212026 0.6240000000207147
0.6387000000212026 0.6240000000207147 0.3262000000108287
0.6240000000207147 0.3262000000108287 1.1608000000385346
0.3262000000108287 1.1608000000385346 1.062400000035268
1.1608000000385346 1.062400000035268 1.3525000000448983
1.062400000035268 1.3525000000448983 1.333300000044261
1.3525000000448983 1.333300000044261 1.3416000000445365
1.333300000044261 1.3416000000445365 1.3826000000458976
1.3416000000445365 1.3826000000458976 1.5778000000523775
1.3826000000458976 1.5778000000523775 0.2249000000074659
1.5778000000523775 0.2249000000074659 1.3432000000445896
0.2249000000074659 1.3432000000445896 1.4668000000486927
1.3432000000445896 1.4668000000486927 0.716100000023772
1.4668000000486927 0.716100000023772 0.7833000000260029
0.716100000023772 0.7833000000260029 0.7691000000255315
0.7833000000260029 0.7691000000255315 1.408100000046744
0.7691000000255315 1.408100000046744 1.1058000000367088
1.408100000046744 1.1058000000367088 0.6206000000206018
1.1058000000367088 0.6206000000206018 0.5596000000185768
0.6206000000206018 0.5596000000185768 0.4803000000159443
0.5596000000185768 0.4803000000159443 0.4629000000153667
0.4803000000159443 0.4629000000153667 0.5737000000190449
0.4629000000153667 0.5737000000190449 0.611600000020303
0.5737000000190449 0.611600000020303 0.6336000000210333
0.611600000020303 0.6336000000210333 0.6508000000216043
0.6336000000210333 0.6508000000216043 0.44540000001478575
0.6508000000216043 0.44540000001478575 0.5562000000184639
0.44540000001478575 0.5562000000184639 1.6710000000554714
0.5562000000184639 1.6710000000554714 0.6340000000210466
1.6710000000554714 0.6340000000210466 0.5939000000197154
0.6340000000210466 0.5939000000197154 0.5751000000190913
0.5939000000197154 0.5751000000190913 0.42000000001394255
0.5751000000190913 0.42000000001394255 0.5230000000173618
0.42000000001394255 0.5230000000173618 0.6441000000213819
0.5230000000173618 0.6441000000213819 0.7271000000241372
0.6441000000213819 0.7271000000241372 0.8367000000277756
0.7271000000241372 0.8367000000277756 0.7449000000247281
0.8367000000277756 0.7449000000247281 1.0032000000333028
0.7449000000247281 1.0032000000333028 0.6420000000213122
1.0032000000333028 0.6420000000213122 1.3371000000443871
0.6420000000213122 1.3371000000443871 1.3732000000455855
1.3371000000443871 1.3732000000455855 1.679300000055747
1.3732000000455855 1.679300000055747 0.651000000021611
1.679300000055747 0.651000000021611 0.6143000000203926
0.651000000021611 0.6143000000203926 0.616900000020479
0.6143000000203926 0.616900000020479 0.49420000001640574
0.616900000020479 0.49420000001640574 0.44740000001485214
0.49420000001640574 0.44740000001485214 0.7538000000250236
0.44740000001485214 0.7538000000250236 1.445000000047969
0.7538000000250236 1.445000000047969 0.7503000000249074
1.445000000047969 0.7503000000249074 0.6757000000224309
0.7503000000249074 0.6757000000224309 0.5276000000175145
0.6757000000224309 0.5276000000175145 0.604100000020054
0.5276000000175145 0.604100000020054 1.260400000041841
0.604100000020054 1.260400000041841 1.423400000047252
1.260400000041841 1.423400000047252 1.3588000000451075
1.423400000047252 1.3588000000451075 0.38190000001267776
1.3588000000451075 0.38190000001267776 0.5978000000198449
0.38190000001267776 0.5978000000198449 0.704500000023387
0.5978000000198449 0.704500000023387 0.9084000000301558
0.704500000023387 0.9084000000301558 0.6886000000228591
0.9084000000301558 0.6886000000228591 0.680100000022577
0.6886000000228591 0.680100000022577 0.8552000000283897
0.680100000022577 0.8552000000283897 0.6730000000223413
0.8552000000283897 0.6730000000223413 1.4761000000490014
0.6730000000223413 1.4761000000490014 0.8449000000280478
1.4761000000490014 0.8449000000280478 0.7741000000256975
0.8449000000280478 0.7741000000256975 1.3975000000463922
0.7741000000256975 1.3975000000463922 0.5256000000174481
1.3975000000463922 0.5256000000174481 0.4112000000136504
0.5256000000174481 0.4112000000136504 0.7143000000237123
0.4112000000136504 0.7143000000237123 1.225700000040689
0.7143000000237123 1.225700000040689 0.3872000000128537
1.225700000040689 0.3872000000128537 1.4323000000475474
0.3872000000128537 1.4323000000475474 0.5879000000195163
1.4323000000475474 0.5879000000195163 1.0581000000351253
0.5879000000195163 1.0581000000351253 0.7759000000257572
1.0581000000351253 0.7759000000257572 1.7182000000570383
0.7759000000257572 1.7182000000570383 0.6204000000205951
1.7182000000570383 0.6204000000205951 0.5764000000191345
0.6204000000205951 0.5764000000191345 0.5326000000176805
0.5764000000191345 0.5326000000176805 0.42100000001397575
0.5326000000176805 0.42100000001397575 0.5527000000183477
0.42100000001397575 0.5527000000183477 0.6160000000204491
0.5527000000183477 0.6160000000204491 0.6509000000216076
0.6160000000204491 0.6509000000216076 0.6985000000231878
0.6509000000216076 0.6985000000231878 0.9196000000305276
0.6985000000231878 0.9196000000305276 0.6943000000230484
0.9196000000305276 0.6943000000230484 0.6209000000206117
0.6943000000230484 0.6209000000206117 0.5138000000170564
0.6209000000206117 0.5138000000170564 0.42860000001422804
0.5138000000170564 0.42860000001422804 0.7738000000256875
0.42860000001422804 0.7738000000256875 1.3513000000448585
0.7738000000256875 1.3513000000448585 0.8592000000285225
1.3513000000448585 0.8592000000285225 0.792400000026305
0.8592000000285225 0.792400000026305 0.8269000000274502
0.792400000026305 0.8269000000274502 0.8051000000267265
0.8269000000274502 0.8051000000267265 1.3985000000464254
0.8051000000267265 1.3985000000464254 0.5809000000192839
1.3985000000464254 0.5809000000192839 0.363200000012057
0.5809000000192839 0.363200000012057 0.6264000000207943
0.363200000012057 0.6264000000207943 0.8053000000267332
0.6264000000207943 0.8053000000267332 0.769900000025558
0.8053000000267332 0.769900000025558 1.562000000051853
0.769900000025558 1.562000000051853 0.6237000000207047
1.562000000051853 0.6237000000207047 1.4053000000466511
0.6237000000207047 1.4053000000466511 1.4517000000481914
1.4053000000466511 1.4517000000481914 0.2899000000096237
1.4517000000481914 0.2899000000096237 1.4144000000469532
0.2899000000096237 1.4144000000469532 0.7855000000260759
1.4144000000469532 0.7855000000260759 0.8660000000287482
0.7855000000260759 0.8660000000287482 0.7329000000243298
0.8660000000287482 0.7329000000243298 1.335200000044324
0.7329000000243298 1.335200000044324 0.31050000001030753
1.335200000044324 0.31050000001030753 1.3863000000460204
0.31050000001030753 1.3863000000460204 0.5185000000172124
1.3863000000460204 0.5185000000172124 0.4315000000143243
0.5185000000172124 0.4315000000143243 0.5563000000184672
0.4315000000143243 0.5563000000184672 0.60940000002023
0.5563000000184672 0.60940000002023 0.6371000000211495
0.60940000002023 0.6371000000211495 0.6648000000220691
0.6371000000211495 0.6648000000220691 0.6784000000225205
0.6648000000220691 0.6784000000225205 0.3293000000109316
0.6784000000225205 0.3293000000109316 1.4516000000481881
0.3293000000109316 1.4516000000481881 0.7378000000244924
1.4516000000481881 0.7378000000244924 0.8470000000281175
0.7378000000244924 0.8470000000281175 0.6929000000230019
0.8470000000281175 0.6929000000230019 1.4927000000495525
0.6929000000230019 1.4927000000495525 0.7856000000260792
1.4927000000495525 0.7856000000260792 0.8592000000285225
0.7856000000260792 0.8592000000285225 0.7237000000240243
0.8592000000285225 0.7237000000240243 0.8291000000275233
0.7237000000240243 0.8291000000275233 0.740800000024592
0.8291000000275233 0.740800000024592 1.521300000050502
0.740800000024592 1.521300000050502 0.7145000000237189
1.521300000050502 0.7145000000237189 0.748000000024831
0.7145000000237189 0.748000000024831 0.7932000000263315
0.748000000024831 0.7932000000263315 0.8464000000280976
0.7932000000263315 0.8464000000280976 1.3110000000435207
0.8464000000280976 1.3110000000435207 0.9096000000301956
1.3110000000435207 0.9096000000301956 0.7596000000252161
0.9096000000301956 0.7596000000252161 1.1874000000394176
0.7596000000252161 1.1874000000394176 0.7177000000238252
1.1874000000394176 0.7177000000238252 1.3672000000453863
0.7177000000238252 1.3672000000453863 1.5690000000520854
1.3672000000453863 1.5690000000520854 1.4401000000478064
1.5690000000520854 1.4401000000478064 1.625800000053971
1.4401000000478064 1.625800000053971 0.7612000000252692
1.625800000053971 0.7612000000252692 0.587200000019493
0.7612000000252692 0.587200000019493 0.4146000000137633
0.587200000019493 0.4146000000137633 0.528700000017551
0.4146000000137633 0.528700000017551 0.6731000000223446
0.528700000017551 0.6731000000223446 0.8826000000292993
0.6731000000223446 0.8826000000292993 0.6875000000228226
0.8826000000292993 0.6875000000228226 1.4086000000467607
0.6875000000228226 1.4086000000467607 1.391200000046183
1.4086000000467607 1.391200000046183 0.35530000001179474
1.391200000046183 0.35530000001179474 0.6511000000216143
0.35530000001179474 0.6511000000216143 1.5190000000504256
0.6511000000216143 1.5190000000504256 0.21500000000713726
1.5190000000504256 0.21500000000713726 1.3212000000438593
0.21500000000713726 1.3212000000438593 1.4279000000474014
1.3212000000438593 1.4279000000474014 0.8148000000270486
1.4279000000474014 0.8148000000270486 1.4289000000474346
0.8148000000270486 1.4289000000474346 0.7631000000253323
1.4289000000474346 0.7631000000253323 0.8472000000281241
0.7631000000253323 0.8472000000281241 0.6223000000206582
0.8472000000281241 0.6223000000206582 1.5072000000500339
0.6223000000206582 1.5072000000500339 0.848400000028164
1.5072000000500339 0.848400000028164 0.8151000000270585
0.848400000028164 0.8151000000270585 0.7745000000257107
0.8151000000270585 0.7745000000257107 0.8865000000294287
0.7745000000257107 0.8865000000294287 0.7014000000232841
0.8865000000294287 0.7014000000232841 0.7219000000239646
0.7014000000232841 0.7219000000239646 0.8504000000282304
0.7219000000239646 0.8504000000282304 0.733900000024363
0.8504000000282304 0.733900000024363 1.0498000000348497
0.733900000024363 1.0498000000348497 0.6878000000228326
1.0498000000348497 0.6878000000228326 1.329900000044148
0.6878000000228326 1.329900000044148 1.3457000000446726
1.329900000044148 1.3457000000446726 1.373399999870884
1.3457000000446726 1.373399999870884 1.3885999996514329
1.373399999870884 1.3885999996514329 0.7655999998078187
1.3885999996514329 0.7655999998078187 0.2518999999367679
0.7655999998078187 0.2518999999367679 1.4065999996469145
0.2518999999367679 1.4065999996469145 0.7908999998014679
1.4065999996469145 0.7908999998014679 1.2793999996788443
0.7908999998014679 1.2793999996788443 0.36799999990762444
1.2793999996788443 0.36799999990762444 1.3860999996520604
0.36799999990762444 1.3860999996520604 0.8625999997834697
1.3860999996520604 0.8625999997834697 0.8113999997963219
0.8625999997834697 0.8113999997963219 1.463899999632531
0.8113999997963219 1.463899999632531 0.6812999998289797
1.463899999632531 0.6812999998289797 1.5370999996141563
0.6812999998289797 1.5370999996141563 0.7472999998124124
1.5370999996141563 0.7472999998124124 0.8068999997974515
0.7472999998124124 0.8068999997974515 0.6845999998281513
0.8068999997974515 0.6845999998281513 1.4263999996419443
0.6845999998281513 1.4263999996419443 0.32839999991756486
1.4263999996419443 0.32839999991756486 1.392499999650454
0.32839999991756486 1.392499999650454 0.8404999997890172
1.392499999650454 0.8404999997890172 0.8321999997911007
0.8404999997890172 0.8321999997911007 1.3558999996596413
0.8321999997911007 1.3558999996596413 1.0165999997448125
1.3558999996596413 1.0165999997448125 0.6421999998387946
1.0165999997448125 0.6421999998387946 0.6001999998493375
0.6421999998387946 0.6001999998493375 0.5762999998553369
0.6001999998493375 0.5762999998553369 0.38729999990277975
0.5762999998553369 0.38729999990277975 0.5711999998566171
0.38729999990277975 0.5711999998566171 0.6857999998278501
0.5711999998566171 0.6857999998278501 1.4915999996255778
0.6857999998278501 1.4915999996255778 0.6187999998446685
1.4915999996255778 0.6187999998446685 0.5505999998617881
0.6187999998446685 0.5505999998617881 0.5482999998623654
0.5505999998617881 0.5482999998623654 0.5262999998678879
0.5482999998623654 0.5262999998678879 0.4811999998792089
0.5262999998678879 0.4811999998792089 0.49459999987584524
0.4811999998792089 0.49459999987584524 0.5433999998635954
0.49459999987584524 0.5433999998635954 0.564399999858324
0.5433999998635954 0.564399999858324 0.5674999998575458
0.564399999858324 0.5674999998575458 0.5499999998619387
0.5674999998575458 0.5499999998619387 0.4780999998799871
0.5499999998619387 0.4780999998799871 0.4719999998815183
0.4780999998799871 0.4719999998815183 0.5629999998586754
0.4719999998815183 0.5629999998586754 0.5956999998504671
0.5629999998586754 0.5956999998504671 0.6096999998469528
0.5956999998504671 0.6096999998469528 0.608499999847254
0.6096999998469528 0.608499999847254 0.4780999998799871
0.608499999847254 0.4780999998799871 0.45989999988455565
0.4780999998799871 0.45989999988455565 0.7096999998218507
0.45989999988455565 0.7096999998218507 1.0181999997444109
0.7096999998218507 1.0181999997444109 0.5772999998550858
1.0181999997444109 0.5772999998550858 1.3191999996688537
0.5772999998550858 1.3191999996688537 0.39749999990021934
1.3191999996688537 0.39749999990021934 0.5530999998611605
0.39749999990021934 0.5530999998611605 0.6968999998250638
0.5530999998611605 0.6968999998250638 0.9287999997668521
0.6968999998250638 0.9287999997668521 0.6794999998294315
0.9287999997668521 0.6794999998294315 0.6609999998340754
0.6794999998294315 0.6609999998340754 0.7657999998077685
0.6609999998340754 0.7657999998077685 0.7600999998091993
0.7657999998077685 0.7600999998091993 1.369899999656127
0.7600999998091993 1.369899999656127 0.4676999998825977
1.369899999656127 0.4676999998825977 0.5576999998600058
0.4676999998825977 0.5576999998600058 0.6005999998492371
0.5576999998600058 0.6005999998492371 0.6207999998441665
0.6005999998492371 0.6207999998441665 0.6318999998413801
0.6207999998441665 0.6318999998413801 0.5641999998583742
0.6318999998413801 0.5641999998583742 0.3837999999036583
0.5641999998583742 0.3837999999036583 0.9329999997657978
0.3837999999036583 0.9329999997657978 1.144399999712732
0.9329999997657978 1.144399999712732 1.4072999996467388
1.144399999712732 1.4072999996467388 1.6330999995900584
1.4072999996467388 1.6330999995900584 0.7055999998228799
1.6330999995900584 0.7055999998228799 0.6305999998417064
0.7055999998228799 0.6305999998417064 0.5169999998702224
0.6305999998417064 0.5169999998702224 0.43559999989065545
0.5169999998702224 0.43559999989065545 1.4027999996478684
0.43559999989065545 1.4027999996478684 0.457599999885133
1.4027999996478684 0.457599999885133 0.5225999998688167
0.457599999885133 0.5225999998688167 0.5775999998550105
0.5225999998688167 0.5775999998550105 0.5973999998500403
0.5775999998550105 0.5973999998500403 0.6028999998486597
0.5973999998500403 0.6028999998486597 0.5757999998554624
0.6028999998486597 0.5757999998554624 0.37699999990536526
0.5757999998554624 0.37699999990536526 0.5923999998512954
0.37699999990536526 0.5923999998512954 0.7119999998212734
0.5923999998512954 0.7119999998212734 0.875999999780106
0.7119999998212734 0.875999999780106 0.7096999998218507
0.875999999780106 0.7096999998218507 0.7669999998074672
0.7096999998218507 0.7669999998074672 0.7904999998015683
0.7669999998074672 0.7904999998015683 1.3917999996506296
0.7904999998015683 1.3917999996506296 0.6146999998456977
1.3917999996506296 0.6146999998456977 0.3305999999170126
0.6146999998456977 0.3305999999170126 0.750599999811584
0.3305999999170126 0.750599999811584 1.3940999996500523
0.750599999811584 1.3940999996500523 0.8107999997964725
1.3940999996500523 0.8107999997964725 0.8316999997912262
0.8107999997964725 0.8316999997912262 0.7522999998111572
0.8316999997912262 0.7522999998111572 0.9864999997523682
0.7522999998111572 0.9864999997523682 0.6640999998332973
0.9864999997523682 0.6640999998332973 0.617299999845045
0.6640999998332973 0.617299999845045 0.6539999998358326
0.617299999845045 0.6539999998358326 0.7071999998224783
0.6539999998358326 0.7071999998224783 0.8609999997838713
0.7071999998224783 0.8609999997838713 0.7301999998167048
0.8609999997838713 0.7301999998167048 0.6797999998293562
0.7301999998167048 0.6797999998293562 0.7506999998115589
0.6797999998293562 0.7506999998115589 0.3699999999071224
0.7506999998115589 0.3699999999071224 1.2710999996809278
0.3699999999071224 1.2710999996809278 1.4287999996413419
1.2710999996809278 1.4287999996413419 1.3905999996509308
1.4287999996413419 1.3905999996509308 0.4388999998898271
1.3905999996509308 0.4388999998898271 0.5505999998617881
0.4388999998898271 0.5505999998617881 0.6060999998478565
0.5505999998617881 0.6060999998478565 0.6332999998410287
0.6060999998478565 0.6332999998410287 0.6582999998347532
0.6332999998410287 0.6582999998347532 0.6669999998325693
0.6582999998347532 0.6669999998325693 0.3167999999204767
0.6669999998325693 0.3167999999204767 1.4801999996284394
0.3167999999204767 1.4801999996284394 0.5869999998526509
1.4801999996284394 0.5869999998526509 1.4986999996237955
0.5869999998526509 1.4986999996237955 0.9114999997711948
1.4986999996237955 0.9114999997711948 0.7538999998107556
0.9114999997711948 0.7538999998107556 1.3328999996654147
0.7538999998107556 1.3328999996654147 0.44499999988829586
1.3328999996654147 0.44499999988829586 0.5786999998547344
0.44499999988829586 0.5786999998547344 0.6310999998415809
0.5786999998547344 0.6310999998415809 0.6719999998313142
0.6310999998415809 0.6719999998313142 0.7633999998083709
0.6719999998313142 0.7633999998083709 0.31889999991994955
0.7633999998083709 0.31889999991994955 1.436599999639384
0.31889999991994955 1.436599999639384 0.6821999998287538
1.436599999639384 0.6821999998287538 0.6626999998336487
0.6821999998287538 0.6626999998336487 0.7548999998105046
0.6626999998336487 0.7548999998105046 0.7673999998073668
0.7548999998105046 0.7673999998073668 0.9147999997703664
0.7673999998073668 0.9147999997703664 0.7418999998137679
0.9147999997703664 0.7418999998137679 1.4617999996330582
0.7418999998137679 1.4617999996330582 0.7731999998059109
1.4617999996330582 0.7731999998059109 1.1837999997028419
0.7731999998059109 1.1837999997028419 0.41569999989565076
1.1837999997028419 0.41569999989565076 1.3268999996669208
0.41569999989565076 1.3268999996669208 0.437999999890053
1.3268999996669208 0.437999999890053 0.5129999998712265
0.437999999890053 0.5129999998712265 0.8208999997939372
0.5129999998712265 0.8208999997939372 1.2182999996941817
0.8208999997939372 1.2182999996941817 1.0399999997389386
1.2182999996941817 1.0399999997389386 0.7210999998189891
1.0399999997389386 0.7210999998189891 0.9726999997558323
0.7210999998189891 0.9726999997558323 0.7498999998117597
0.9726999997558323 0.7498999998117597 1.360999999658361
0.7498999998117597 1.360999999658361 1.343399999662779
1.360999999658361 1.343399999662779 1.4083999996464627
1.343399999662779 1.4083999996464627 0.758399999809626
1.4083999996464627 0.758399999809626 0.9716999997560833
0.758399999809626 0.9716999997560833 0.7174999998198928
0.9716999997560833 0.7174999998198928 1.3782999996540184
0.7174999998198928 1.3782999996540184 1.4597999996335602
1.3782999996540184 1.4597999996335602 0.7176999998198426
1.4597999996335602 0.7176999998198426 1.0844999997277682
0.7176999998198426 1.0844999997277682 0.6658999998328454
1.0844999997277682 0.6658999998328454 0.6229999998436142
0.6658999998328454 0.6229999998436142 0.6670999998325442
0.6229999998436142 0.6670999998325442 0.7503999998116342
0.6670999998325442 0.7503999998116342 0.7349999998154999
0.7503999998116342 0.7349999998154999 0.9606999997588446
0.7349999998154999 0.9606999997588446 0.6979999998247877
0.9606999997588446 0.6979999998247877 1.4781999996289414
0.6979999998247877 1.4781999996289414 0.8028999997984556
1.4781999996289414 0.8028999997984556 0.8255999997927574
0.8028999997984556 0.8255999997927574 0.7970999997999115
0.8255999997927574 0.7970999997999115 1.4872999996266572
0.7970999997999115 1.4872999996266572 0.7131999998209722
1.4872999996266572 0.7131999998209722 0.6958999998253148
0.7131999998209722 0.6958999998253148 1.0585999997342697
0.6958999998253148 1.0585999997342697 0.630999999841606
1.0585999997342697 0.630999999841606 0.5768999998551863
0.630999999841606 0.5768999998551863 0.509499999872105
0.5768999998551863 0.509499999872105 0.4284999998924377
0.509499999872105 0.4284999998924377 0.5830999998536299
0.4284999998924377 0.5830999998536299 0.6375999998399493
0.5830999998536299 0.6375999998399493 0.6852999998279756
0.6375999998399493 0.6852999998279756 0.844699999787963
0.6852999998279756 0.844699999787963 0.23749999994038262
0.844699999787963 0.23749999994038262 1.341499999663256
0.23749999994038262 1.341499999663256 1.4264999996419192
1.341499999663256 1.4264999996419192 0.740799999814044
1.4264999996419192 0.740799999814044 1.1119999997208652
0.740799999814044 1.1119999997208652 0.6375999998399493
1.1119999997208652 0.6375999998399493 0.6046999998482079
0.6375999998399493 0.6046999998482079 0.652599999836184
0.6046999998482079 0.652599999836184 0.7136999998208466
0.652599999836184 0.7136999998208466 0.8727999997809093
0.7136999998208466 0.8727999997809093 0.7125999998211228
0.8727999997809093 0.7125999998211228 0.6978999998248128
0.7125999998211228 0.6978999998248128 1.017099999744687
0.6978999998248128 1.017099999744687 0.6434999998384683
1.017099999744687 0.6434999998384683 0.5915999998514962
0.6434999998384683 0.5915999998514962 0.5355999998655534
0.5915999998514962 0.5355999998655534 0.4004999998994663
0.5355999998655534 0.4004999998994663 0.6021999998488354
0.4004999998994663 0.6021999998488354 0.6812999998289797
0.6021999998488354 0.6812999998289797 0.869099999781838
0.6812999998289797 0.869099999781838 0.6657999998328705
0.869099999781838 0.6657999998328705 1.4445999996373757
0.6657999998328705 1.4445999996373757 1.147499999711954
1.4445999996373757 1.147499999711954 0.6870999998275238
1.147499999711954 0.6870999998275238 1.329699999666218
0.6870999998275238 1.329699999666218 1.3484999996614988
1.329699999666218 1.3484999996614988 1.353099999660344
1.3484999996614988 1.353099999660344 1.4858999996270086
1.353099999660344 1.4858999996270086 0.6724999998311887
1.4858999996270086 0.6724999998311887 1.5097999996210092
0.6724999998311887 1.5097999996210092 0.7854999998028234
1.5097999996210092 0.7854999998028234 0.9038999997731025
0.7854999998028234 0.9038999997731025 0.6893999998269464
0.9038999997731025 0.6893999998269464 0.6769999998300591
0.6893999998269464 0.6769999998300591 0.7978999997997107
0.6769999998300591 0.7978999997997107 0.6787999998296073
0.7978999997997107 0.6787999998296073 1.2157999996948092
0.6787999998296073 1.2157999996948092 0.5165999998703228
1.2157999996948092 0.5165999998703228 1.4402999996384551
0.5165999998703228 1.4402999996384551 0.26589999993325364
1.4402999996384551 0.26589999993325364 1.354199999660068
0.26589999993325364 1.354199999660068 0.8824999997784744
1.354199999660068 0.8824999997784744 1.2715999996808023
0.8824999997784744 1.2715999996808023 1.6106999995956812
1.2715999996808023 1.6106999995956812 0.6928999998260679
1.6106999995956812 0.6928999998260679 0.6579999998348285
0.6928999998260679 0.6579999998348285 0.6918999998263189
0.6579999998348285 0.6918999998263189 0.28419999992865996
0.6918999998263189 0.28419999992865996 1.382499999652964
0.28419999992865996 1.382499999652964 0.7586999998095507
1.382499999652964 0.7586999998095507 0.883899999778123
0.7586999998095507 0.883899999778123 0.743699999813316
0.883899999778123 0.743699999813316 1.4115999996456594
0.743699999813316 1.4115999996456594 0.38769999990267934
1.4115999996456594 0.38769999990267934 1.3729999996553488
0.38769999990267934 1.3729999996553488 0.5178999998699965
1.3729999996553488 0.5178999998699965 0.45019999988699055
0.5178999998699965 0.45019999988699055 0.5292999998671348
0.45019999988699055 0.5292999998671348 0.5794999998545336
0.5292999998671348 0.5794999998545336 0.597699999849965
0.5794999998545336 0.597699999849965 0.6016999998489609
0.597699999849965 0.6016999998489609 0.5675999998575207
0.6016999998489609 0.5675999998575207 0.37709999990534016
0.5675999998575207 0.37709999990534016 0.6030999998486095
0.37709999990534016 0.6030999998486095 0.7159999998202693
0.6030999998486095 0.7159999998202693 0.8654999997827417
0.7159999998202693 0.8654999997827417 0.7186999998195915
0.8654999997827417 0.7186999998195915 0.8146999997954936
0.7186999998195915 0.8146999997954936 0.7577999998097766
0.8146999997954936 0.7577999998097766 1.6532999995849877
0.7577999998097766 1.6532999995849877 0.6540999998358075
1.6532999995849877 0.6540999998358075 0.6147999998456726
0.6540999998358075 0.6147999998456726 0.6298999998418822
0.6147999998456726 0.6298999998418822 0.6235999998434636
0.6298999998418822 0.6235999998434636 0.32779999991771547
0.6235999998434636 0.32779999991771547 0.7151999998204701
0.32779999991771547 0.7151999998204701 1.538299999613855
0.7151999998204701 1.538299999613855 0.6832999998284777
1.538299999613855 0.6832999998284777 0.6429999998385938
0.6832999998284777 0.6429999998385938 0.6461999998377905
0.6429999998385938 0.6461999998377905 0.30919999992238445
0.6461999998377905 0.30919999992238445 1.3643999996575076
0.30919999992238445 1.3643999996575076 0.49919999987469055
1.3643999996575076 0.49919999987469055 0.43579999989060525
0.49919999987469055 0.43579999989060525 0.5991999998495885
0.43579999989060525 0.5991999998495885 0.6565999998351799
0.5991999998495885 0.6565999998351799 0.7311999998164538
0.6565999998351799 0.7311999998164538 0.8147999997954685
0.7311999998164538 0.8147999997954685 0.7723999998061117
0.8147999997954685 0.7723999998061117 0.9398999997640658
0.7723999998061117 0.9398999997640658 0.6734999998309377
0.9398999997640658 0.6734999998309377 0.6453999998379913
0.6734999998309377 0.6453999998379913 0.6929999998260428
0.6453999998379913 0.6929999998260428 1.0134999997455907
0.6929999998260428 1.0134999997455907 0.20599999994828977
1.0134999997455907 0.20599999994828977 1.2742999996801245
0.20599999994828977 1.2742999996801245 1.3395999996637329
1.2742999996801245 1.3395999996637329 1.362999999657859
1.3395999996637329 1.362999999657859 1.503199999622666
1.362999999657859 1.503199999622666 0.664399999833222
1.503199999622666 0.664399999833222 1.516899999619227
0.664399999833222 1.516899999619227 0.7855999998027983
1.516899999619227 0.7855999998027983 0.9480999997620074
0.7855999998027983 0.9480999997620074 0.6684999998321928
0.9480999997620074 0.6684999998321928 0.6384999998397234
0.6684999998321928 0.6384999998397234 0.6697999998318664
0.6384999998397234 0.6697999998318664 0.7215999998188636
0.6697999998318664 0.7215999998188636 0.29549999992582343
0.7215999998188636 0.29549999992582343 1.405099999647291
0.29549999992582343 1.405099999647291 0.8049999997979285
1.405099999647291 0.8049999997979285 0.8536999997857038
0.8049999997979285 0.8536999997857038 0.8386999997894691
0.8536999997857038 0.8386999997894691 1.2920999996756564
0.8386999997894691 1.2920999996756564 1.9267999995163336
1.2920999996756564 1.9267999995163336 0.5950999998506177
1.9267999995163336 0.5950999998506177 0.5561999998603824
0.5950999998506177 0.5561999998603824 0.5126999998713018
0.5561999998603824 0.5126999998713018 0.4531999998862375
0.5126999998713018 0.4531999998862375 0.5309999998667081
0.4531999998862375 0.5309999998667081 0.5778999998549352
0.5309999998667081 0.5778999998549352 0.5945999998507432
0.5778999998549352 0.5945999998507432 0.596699999850216
0.5945999998507432 0.596699999850216 0.5578999998599556
0.596699999850216 0.5578999998599556 0.3858999999031312
0.5578999998599556 0.3858999999031312 0.5940999998508687
0.3858999999031312 0.5940999998508687 0.6883999998271975
0.5940999998508687 0.6883999998271975 1.1295999997164472
0.6883999998271975 1.1295999997164472 0.5778999998549352
1.1295999997164472 0.5778999998549352 1.3272999996668204
0.5778999998549352 1.3272999996668204 1.3290999996663686
1.3272999996668204 1.3290999996663686 1.349199999661323
1.3290999996663686 1.349199999661323 1.4244999996424212
1.349199999661323 1.4244999996424212 1.412899999645333
1.4244999996424212 1.412899999645333 0.4322999998914838
1.412899999645333 0.4322999998914838 0.532999999866206
0.4322999998914838 0.532999999866206 0.6038999998484087
0.532999999866206 0.6038999998484087 0.6352999998405267
0.6038999998484087 0.6352999998405267 0.6658999998328454
0.6352999998405267 0.6658999998328454 0.7178999998197924
0.6658999998328454 0.7178999998197924 0.277299999930392
0.7178999998197924 0.277299999930392 1.5514999996105416
0.277299999930392 1.5514999996105416 0.6722999998312389
1.5514999996105416 0.6722999998312389 0.6445999998381922
0.6722999998312389 0.6445999998381922 0.6841999998282517
0.6445999998381922 0.6841999998282517 0.8470999997873605
0.6841999998282517 0.8470999997873605 0.26559999993332895
0.8470999997873605 0.26559999993332895 1.2831999996778904
0.26559999993332895 1.2831999996778904 1.4273999996416933
1.2831999996778904 1.4273999996416933 1.2006999996985996
1.4273999996416933 1.2006999996985996 0.9021999997735293
1.2006999996985996 0.9021999997735293 1.4643999996324055
0.9021999997735293 1.4643999996324055 1.3657999996571561
1.4643999996324055 1.3657999996571561 1.3703999996560015
1.3657999996571561 1.3703999996560015 1.458099999633987
1.3703999996560015 1.458099999633987 0.9407999997638399
1.458099999633987 0.9407999997638399 0.7195999998193656
0.9407999997638399 0.7195999998193656 1.429699999641116
0.7195999998193656 1.429699999641116 0.9437999997630868
1.429699999641116 0.9437999997630868 1.1828999997030678
0.9437999997630868 1.1828999997030678 1.4761999996294435
1.1828999997030678 1.4761999996294435 0.9646999997578405
1.4761999996294435 0.9646999997578405 0.6965999998251391
0.9646999997578405 0.6965999998251391 1.4895999996260798
0.6965999998251391 1.4895999996260798 0.7857999998027481
1.4895999996260798 0.7857999998027481 0.8560999997851013
0.7857999998027481 0.8560999997851013 0.728099999817232
0.8560999997851013 0.728099999817232 0.9101999997715211
0.728099999817232 0.9101999997715211 0.7224999998186377
0.9101999997715211 0.7224999998186377 1.3626999996579343
0.7224999998186377 1.3626999996579343 1.6350999995895563
1.3626999996579343 1.6350999995895563 0.6595999998344269
1.6350999995895563 0.6595999998344269 0.6232999998435389
0.6595999998344269 0.6232999998435389 0.6442999998382675
0.6232999998435389 0.6442999998382675 0.654599999835682
0.6442999998382675 0.654599999835682 0.30389999992371486
0.654599999835682 0.30389999992371486 1.3563999996595157
0.30389999992371486 1.3563999996595157 0.518399999869871
1.3563999996595157 0.518399999869871 0.41589999989560056
0.518399999869871 0.41589999989560056 0.604599999848233
0.41589999989560056 0.604599999848233 0.6746999998306364
0.604599999848233 0.6746999998306364 0.8102999997965981
0.6746999998306364 0.8102999997965981 0.7020999998237585
0.8102999997965981 0.7020999998237585 1.5110999996206829
0.7020999998237585 1.5110999996206829 0.24639999993814854
1.5110999996206829 0.24639999993814854 1.355099999659842
0.24639999993814854 1.355099999659842 1.395399999649726
1.355099999659842 1.395399999649726 0.5198999998694944
1.395399999649726 0.5198999998694944 0.42219999989401913
0.5198999998694944 0.42219999989401913 0.7698999998067393
0.42219999989401913 0.7698999998067393 1.3643999996575076
0.7698999998067393 1.3643999996575076 0.8369999997898958
1.3643999996575076 0.8369999997898958 0.8361999997900966
0.8369999997898958 0.8361999997900966 0.7443999998131403
0.8361999997900966 0.7443999998131403 0.8852999997777715
0.7443999998131403 0.8852999997777715 0.6641999998332722
0.8852999997777715 0.6641999998332722 1.41589999964458
0.6641999998332722 1.41589999964458 1.3624999996579845
1.41589999964458 1.3624999996579845 0.33449999991603363
1.3624999996579845 0.33449999991603363 0.7225999998186126
0.33449999991603363 0.7225999998186126 1.569699999605973
0.7225999998186126 1.569699999605973 0.6694999998319418
1.569699999605973 0.6694999998319418 0.6186999998446936
0.6694999998319418 0.6186999998446936 0.5787999998547093
0.6186999998446936 0.5787999998547093 0.35839999991003424
0.5787999998547093 0.35839999991003424 0.6893999998269464
0.35839999991003424 0.6893999998269464 1.256099999684693
0.6893999998269464 1.256099999684693 0.34769999991272016
1.256099999684693 0.34769999991272016 0.9630999997582421
0.34769999991272016 0.9630999997582421 1.1419999997133345
0.9630999997582421 1.1419999997133345 1.379599999653692
1.1419999997133345 1.379599999653692 1.4508999996357943
1.379599999653692 1.4508999996357943 1.4607999996333092
1.4508999996357943 1.4607999996333092 0.6083999998472791
1.4607999996333092 0.6083999998472791 1.3160999996696319
0.6083999998472791 1.3160999996696319 1.327799999666695
1.3160999996696319 1.327799999666695 1.4107999996458602
1.327799999666695 1.4107999996458602 1.5092999996211347
1.4107999996458602 1.5092999996211347 1.3895999996511819
1.5092999996211347 1.3895999996511819 1.42569999964212
1.3895999996511819 1.42569999964212 1.218899999694031
1.42569999964212 1.218899999694031 0.48029999987943484
1.218899999694031 0.48029999987943484 0.9339999997655468
0.48029999987943484 0.9339999997655468 1.10719999972207
0.9339999997655468 1.10719999972207 1.4307999996408398
1.10719999972207 1.4307999996408398 1.4909999996257284
1.4307999996408398 1.4909999996257284 0.9596999997590956
1.4909999996257284 0.9596999997590956 0.5458999998629679
0.9596999997590956 0.5458999998629679 0.4373999998902036
0.5458999998629679 0.4373999998902036 0.5158999998704985
0.4373999998902036 0.5158999998704985 0.5958999998504169
0.5158999998704985 0.5958999998504169 0.6269999998426101
0.5958999998504169 0.6269999998426101 0.6522999998362593
0.6269999998426101 0.6522999998362593 0.6798999998293311
0.6522999998362593 0.6798999998293311 0.28919999992740486
0.6798999998293311 0.28919999992740486 1.3311999996658415
0.28919999992740486 1.3311999996658415 0.7059999998227795
1.3311999996658415 0.7059999998227795 0.28059999992956364
0.7059999998227795 0.28059999992956364 1.5242999996173694
0.28059999992956364 1.5242999996173694 0.5841999998533538
1.5242999996173694 0.5841999998533538 1.4229999996427978
0.5841999998533538 1.4229999996427978 1.2976999996742506
1.4229999996427978 1.2976999996742506 0.45929999988470627
1.2976999996742506 0.45929999988470627 1.4371999996392333
0.45929999988470627 1.4371999996392333 0.7555999998103289
1.4371999996392333 0.7555999998103289 1.078899999729174
0.7555999998103289 1.078899999729174 0.6438999998383679
1.078899999729174 0.6438999998383679 0.5900999998518728
0.6438999998383679 0.5900999998518728 0.599699999849463
0.5900999998518728 0.599699999849463 0.589899999851923
0.599699999849463 0.589899999851923 0.4489999998872918
0.589899999851923 0.4489999998872918 0.486999999877753
0.4489999998872918 0.486999999877753 0.6566999998351548
0.486999999877753 0.6566999998351548 0.7895999998017942
0.6566999998351548 0.7895999998017942 0.7473999998123873
0.7895999998017942 0.7473999998123873 1.4200999996435257
0.7473999998123873 1.4200999996435257 0.854399999785528
1.4200999996435257 0.854399999785528 0.7525999998110819
0.854399999785528 0.7525999998110819 0.6299999998418571
0.7525999998110819 0.6299999998418571 0.41189999989660464
0.6299999998418571 0.41189999989660464 0.5566999998602569
0.41189999989660464 0.5566999998602569 1.3132999996703347
0.5566999998602569 1.3132999996703347 0.3701999999070722
1.3132999996703347 0.3701999999070722 0.5969999998501407
0.3701999999070722 0.5969999998501407 0.873099999780834
0.5969999998501407 0.873099999780834 0.8022999997986062
0.873099999780834 0.8022999997986062 1.3508999996608964
0.8022999997986062 1.3508999996608964 1.379699999653667
1.3508999996608964 1.379699999653667 0.8942999997755123
1.379699999653667 0.8942999997755123 0.21579999994582977
0.8942999997755123 0.21579999994582977 1.3082999996715898
0.21579999994582977 1.3082999996715898 1.4131999996452578
1.3082999996715898 1.4131999996452578 1.0273999997421015
1.4131999996452578 1.0273999997421015 1.1574999997094437
1.0273999997421015 1.1574999997094437 1.3695999996562023
1.1574999997094437 1.3695999996562023 1.4358999996395596
1.3695999996562023 1.4358999996395596 1.0899999997263876
1.4358999996395596 1.0899999997263876 0.6343999998407526
1.0899999997263876 0.6343999998407526 0.6279999998423591
0.6343999998407526 0.6279999998423591 0.6991999998244864
0.6279999998423591 0.6991999998244864 1.013199999745666
0.6991999998244864 1.013199999745666 0.6493999998369873
1.013199999745666 0.6493999998369873 0.6091999998470783
0.6493999998369873 0.6091999998470783 0.619299999844543
0.6091999998470783 0.619299999844543 0.5967999998501909
0.619299999844543 0.5967999998501909 0.3466999999129712
0.5967999998501909 0.3466999999129712 0.6659999998328203
0.3466999999129712 0.6659999998328203 1.256099999684693
0.6659999998328203 1.256099999684693 0.3645999999084779
1.256099999684693 0.3645999999084779 0.678999999829557
0.3645999999084779 0.678999999829557 1.213999999695261
0.678999999829557 1.213999999695261 0.39719999990029464
1.213999999695261 0.39719999990029464 0.6931999998259926
0.39719999990029464 0.6931999998259926 1.1722999997057286
0.6931999998259926 1.1722999997057286 0.42679999989286443
1.1722999997057286 0.42679999989286443 0.7718999998062372
0.42679999989286443 0.7718999998062372 1.3576999996591894
0.7718999998062372 1.3576999996591894 0.8503999997865321
1.3576999996591894 0.8503999997865321 0.8022999997986062
0.8503999997865321 0.8022999997986062 0.8006999997990079
0.8022999997986062 0.8006999997990079 0.8298999997916781
0.8006999997990079 0.8298999997916781 0.789799999801744
0.8298999997916781 0.789799999801744 1.5321999996153863
0.789799999801744 1.5321999996153863 0.6860999998277748
1.5321999996153863 0.6860999998277748 0.6502999998367613
0.6860999998277748 0.6502999998367613 0.6714999998314397
0.6502999998367613 0.6714999998314397 0.29369999992627527
0.6714999998314397 0.29369999992627527 1.3302999996660674
0.29369999992627527 1.3302999996660674 0.6514999998364601
1.3302999996660674 0.6514999998364601 0.30919999992238445
0.6514999998364601 0.30919999992238445 1.3338999996651637
0.30919999992238445 1.3338999996651637 0.6186999998446936
1.3338999996651637 0.6186999998446936 0.3410999999143769
0.6186999998446936 0.3410999999143769 1.3333999996652892
0.3410999999143769 1.3333999996652892 0.5587999998597297
1.3333999996652892 0.5587999998597297 0.4027999998988889
0.5587999998597297 0.4027999998988889 1.3290999996663686
0.4027999998988889 1.3290999996663686 0.4570999998852585
1.3290999996663686 0.4570999998852585 0.5069999998727326
0.4570999998852585 0.5069999998727326 1.3180999996691298
0.5069999998727326 1.3180999996691298 0.3884999999024785
1.3180999996691298 0.3884999999024785 0.5679999998574203
0.3884999999024785 0.5679999998574203 0.7754999998053336
0.5679999998574203 0.7754999998053336 0.8350999997903727
0.7754999998053336 0.8350999997903727 1.3538999996601433
0.8350999997903727 1.3538999996601433 0.9695999997566105
1.3538999996601433 0.9695999997566105 0.6587999998346277
0.9695999997566105 0.6587999998346277 0.6195999998444677
0.6587999998346277 0.6195999998444677 0.6115999998464758
0.6195999998444677 0.6115999998464758 0.3553999999107873
0.6115999998464758 0.3553999999107873 0.6243999998432628
0.3553999999107873 0.6243999998432628 1.2801999996786435
0.6243999998432628 1.2801999996786435 0.41219999989652933
1.2801999996786435 0.41219999989652933 0.5818999998539311
0.41219999989652933 0.5818999998539311 0.6508999998366107
0.5818999998539311 0.6508999998366107 0.723099999818487
0.6508999998366107 0.723099999818487 0.8456999997877119
0.723099999818487 0.8456999997877119 0.733899999815776
0.8456999997877119 0.733899999815776 0.7934999998008152
0.733899999815776 0.7934999998008152 0.7206999998190895
0.7934999998008152 0.7206999998190895 1.3979999996490733
0.7206999998190895 1.3979999996490733 0.29879999992499506
1.3979999996490733 0.29879999992499506 1.3311999996658415
0.29879999992499506 1.3311999996658415 0.6148999998456475
1.3311999996658415 0.6148999998456475 0.33349999991628465
0.6148999998456475 0.33349999991628465 0.9279999997670529
0.33349999991628465 0.9279999997670529 1.1717999997058541
0.9279999997670529 1.1717999997058541 1.3917999996506296
1.1717999997058541 1.3917999996506296 1.5802999996033122
1.3917999996506296 1.5802999996033122 0.7244999998181356
1.5802999996033122 0.7244999998181356 0.6951999998254905
0.7244999998181356 0.6951999998254905 0.9748999997552801
0.6951999998254905 0.9748999997552801 0.6670999998325442
0.9748999997552801 0.6670999998325442 0.5933999998510444
0.6670999998325442 0.5933999998510444 0.4873999998776526
0.5933999998510444 0.4873999998776526 0.44469999988837117
0.4873999998776526 0.44469999988837117 0.6438999998383679
0.44469999988837117 0.6438999998383679 0.7558999998102536
0.6438999998383679 0.7558999998102536 0.7859999998026979
0.7558999998102536 0.7859999998026979 0.9468999997623087
0.7859999998026979 0.9468999997623087 1.1883999997016872
0.9468999997623087 1.1883999997016872 1.4621999996329578
1.1883999997016872 1.4621999996329578 1.128799999716648
1.4621999996329578 1.128799999716648 0.6413999998389954
1.128799999716648 0.6413999998389954 1.3331999996653394
0.6413999998389954 1.3331999996653394 1.3622999996580347
1.3331999996653394 1.3622999996580347 1.5101999996209088
1.3622999996580347 1.5101999996209088 0.7400999998142197
1.5101999996209088 0.7400999998142197 0.8765999997799554
0.7400999998142197 0.8765999997799554 0.6802999998292307
0.8765999997799554 0.6802999998292307 1.422799999642848
0.6802999998292307 1.422799999642848 1.3565999996594655
1.422799999642848 1.3565999996594655 0.3759999999056163
1.3565999996594655 0.3759999999056163 0.6078999998474046
0.3759999999056163 0.6078999998474046 0.7292999998169307
0.6078999998474046 0.7292999998169307 0.835799999790197
0.7292999998169307 0.835799999790197 0.762299999808647
0.835799999790197 0.762299999808647 1.3165999996695064
0.762299999808647 1.3165999996695064 0.2981999999251457
1.3165999996695064 0.2981999999251457 1.3366999996644608
0.2981999999251457 1.3366999996644608 0.6948999998255658
1.3366999996644608 0.6948999998255658 0.2972999999253716
0.6948999998255658 0.2972999999253716 1.6211999995930455
0.2972999999253716 1.6211999995930455 0.6493999998369873
1.6211999995930455 0.6493999998369873 0.6118999998464005
0.6493999998369873 0.6118999998464005 0.6177999998449195
0.6118999998464005 0.6177999998449195 0.5544999998608091
0.6177999998449195 0.5544999998608091 0.38169999990418546
0.5544999998608091 0.38169999990418546 0.710399999821675
0.38169999990418546 0.710399999821675 1.2765999996795472
0.710399999821675 1.2765999996795472 0.3395999999147534
1.2765999996795472 0.3395999999147534 1.4522999996354429
0.3395999999147534 1.4522999996354429 0.6042999998483083
1.4522999996354429 0.6042999998483083 1.0389999997391897
0.6042999998483083 1.0389999997391897 1.378599999653943
1.0389999997391897 1.378599999653943 0.5789999998546591
1.378599999653943 0.5789999998546591 0.3933999999012485
0.5789999998546591 0.3933999999012485 0.5597999998594787
0.3933999999012485 0.5597999998594787 0.678999999829557
0.5597999998594787 0.678999999829557 0.9208999997688352
0.678999999829557 0.9208999997688352 0.6638999998333475
0.9208999997688352 0.6638999998333475 1.3745999996549472
0.6638999998333475 1.3745999996549472 1.6143999995947524
1.3745999996549472 1.6143999995947524 0.6786999998296324
1.6143999995947524 0.6786999998296324 0.6511999998365354
0.6786999998296324 0.6511999998365354 0.689799999826846
0.6511999998365354 0.689799999826846 0.337099999915381
0.689799999826846 0.337099999915381 1.2724999996805764
0.337099999915381 1.2724999996805764 0.6246999998431875
1.2724999996805764 0.6246999998431875 0.34789999991266995
0.6246999998431875 0.34789999991266995 0.6451999998380415
0.34789999991266995 0.6451999998380415 1.3270999996668706
0.6451999998380415 1.3270999996668706 0.302799999923991
1.3270999996668706 0.302799999923991 1.370799999655901
0.302799999923991 1.370799999655901 0.5200999998694442
1.370799999655901 0.5200999998694442 0.42119999989427015
0.5200999998694442 0.42119999989427015 0.5767999998552114
0.42119999989427015 0.5767999998552114 0.6344999998407275
0.5767999998552114 0.6344999998407275 0.6807999998291052
0.6344999998407275 0.6807999998291052 0.8114999997962968
0.6807999998291052 0.8114999997962968 0.27999999992971425
0.8114999997962968 0.27999999992971425 1.3346999996649629
0.27999999992971425 1.3346999996649629 1.5453999996120729
1.3346999996649629 1.5453999996120729 0.49889999987476585
1.5453999996120729 0.49889999987476585 0.4628999998838026
0.49889999987476585 0.4628999998838026 0.5417999998639971
0.4628999998838026 0.5417999998639971 0.5787999998547093
0.5417999998639971 0.5787999998547093 0.5915999998514962
0.5787999998547093 0.5915999998514962 0.5884999998522744
0.5915999998514962 0.5884999998522744 0.5276999998675365
0.5884999998522744 0.5276999998675365 0.4076999998976589
0.5276999998675365 0.4076999998976589 0.5999999998493877
0.4076999998976589 0.5999999998493877 0.6724999998311887
0.5999999998493877 0.6724999998311887 0.8018999997987066
0.6724999998311887 0.8018999997987066 0.7124999998211479
0.8018999997987066 0.7124999998211479 1.4441999996374761
0.7124999998211479 1.4441999996374761 0.26989999993224956
1.4441999996374761 0.26989999993224956 1.5524999996102906
0.26989999993224956 1.5524999996102906 0.5799999998544081
1.5524999996102906 0.5799999998544081 1.3939999996500774
0.5799999998544081 1.3939999996500774 1.519799999618499
1.3939999996500774 1.519799999618499 0.793699999800765
1.519799999618499 0.793699999800765 0.9518999997610536
0.793699999800765 0.9518999997610536 0.6663999998327199
0.9518999997610536 0.6663999998327199 0.6352999998405267
0.6663999998327199 0.6352999998405267 0.6599999998343264
0.6352999998405267 0.6599999998343264 0.6425999998386942
0.6599999998343264 0.6425999998386942 0.3548999999109128
0.6425999998386942 0.3548999999109128 1.5545999996097635
0.3548999999109128 1.5545999996097635 0.6728999998310883
1.5545999996097635 0.6728999998310883 0.6446999998381671
0.6728999998310883 0.6446999998381671 0.6785999998296575
0.6446999998381671 0.6785999998296575 0.6745999998306615
0.6785999998296575 0.6745999998306615 0.46019999988448035
0.6745999998306615 0.46019999988448035 1.2606999996835384
0.46019999988448035 1.2606999996835384 1.410099999646036
1.2606999996835384 1.410099999646036 1.387399999651734
1.410099999646036 1.387399999651734 0.34409999991362383
1.387399999651734 0.34409999991362383 0.6636999998333977
0.34409999991362383 0.6636999998333977 1.4514999996356437
0.6636999998333977 1.4514999996356437 0.23299999994151221
1.4514999996356437 0.23299999994151221 1.3488999996613984
0.23299999994151221 1.3488999996613984 1.3966999996493996
1.3488999996613984 1.3966999996493996 0.7257999998178093
1.3966999996493996 0.7257999998178093 0.2766999999305426
0.7257999998178093 0.2766999999305426 1.4715999996305982
0.2766999999305426 1.4715999996305982 0.7161999998202191
1.4715999996305982 0.7161999998202191 0.7482999998121613
0.7161999998202191 0.7482999998121613 0.7902999998016185
0.7482999998121613 0.7902999998016185 0.846599999787486
0.7902999998016185 0.846599999787486 0.8488999997869087
0.846599999787486 0.8488999997869087 1.3545999996599676
0.8488999997869087 1.3545999996599676 0.8031999997983803
1.3545999996599676 0.8031999997983803 0.7927999998009909
0.8031999997983803 0.7927999998009909 0.8463999997875362
0.7927999998009909 0.8463999997875362 0.7370999998149728
0.8463999997875362 0.7370999998149728 1.0773999997295505
0.7370999998149728 1.0773999997295505 0.6697999998318664
1.0773999997295505 0.6697999998318664 1.3243999996675484
0.6697999998318664 1.3243999996675484 1.3390999996638584
1.3243999996675484 1.3390999996638584 1.359099999658838
1.3390999996638584 1.359099999658838 1.7042999995721857
1.359099999658838 1.7042999995721857 0.5571999998601314
1.7042999995721857 0.5571999998601314 1.3485999996614737
0.5571999998601314 1.3485999996614737 1.3558999996596413
1.3485999996614737 1.3558999996596413 1.417899999644078
1.3558999996596413 1.417899999644078 1.3545999996599676
1.417899999644078 1.3545999996599676 0.34429999991357363
1.3545999996599676 0.34429999991357363 0.6958999998253148
0.34429999991357363 0.6958999998253148 1.332699999665465
0.6958999998253148 1.332699999665465 0.28879999992750527
1.332699999665465 0.28879999992750527 1.4330999996402625
0.28879999992750527 1.4330999996402625 0.6690999998320422
1.4330999996402625 0.6690999998320422 1.2399999996887345
0.6690999998320422 1.2399999996887345 0.519299999869645
1.2399999996887345 0.519299999869645 1.4499999996360202
0.519299999869645 1.4499999996360202 0.741799999813793
1.4499999996360202 0.741799999813793 0.8463999997875362
0.741799999813793 0.8463999997875362 0.6813999998289546
0.8463999997875362 0.6813999998289546 1.5023999996228667
0.6813999998289546 1.5023999996228667 0.7851999998028987
1.5023999996228667 0.7851999998028987 0.8783999997795036
0.7851999998028987 0.8783999997795036 0.7058999998228046
0.8783999997795036 0.7058999998228046 0.7222999998186879
0.7058999998228046 0.7222999998186879 0.8509999997863815
0.7222999998186879 0.8509999997863815 0.7293999998169056
0.8509999997863815 0.7293999998169056 0.8217999997937113
0.7293999998169056 0.8217999997937113 0.7228999998185373
0.8217999997937113 0.7228999998185373 1.656999999584059
0.7228999998185373 1.656999999584059 0.6581999998347783
1.656999999584059 0.6581999998347783 0.6235999998434636
0.6581999998347783 0.6235999998434636 0.6340999998408279
0.6235999998434636 0.6340999998408279 0.5217999998690175
0.6340999998408279 0.5217999998690175 0.43519999989075586
0.5217999998690175 0.43519999989075586 1.3285999996664941
0.43519999989075586 1.3285999996664941 0.418399999894973
1.3285999996664941 0.418399999894973 0.5249999998682142
0.418399999894973 0.5249999998682142 0.6649999998330713
0.5249999998682142 0.6649999998330713 0.8159999997951672
0.6649999998330713 0.8159999997951672 0.7228999998185373
0.8159999997951672 0.7228999998185373 1.6767999995790888
0.7228999998185373 1.6767999995790888 0.2048999999485659
1.6767999995790888 0.2048999999485659 1.5758999996044167
0.2048999999485659 1.5758999996044167 1.493299999625151
1.5758999996044167 1.493299999625151 1.0206999997437833
1.493299999625151 1.0206999997437833 0.7617999998087726
1.0206999997437833 0.7617999998087726 1.496299999624398
0.7617999998087726 1.496299999624398 0.22039999994467507
1.496299999624398 0.22039999994467507 1.324899999667423
0.22039999994467507 1.324899999667423 1.5247999996172439
1.324899999667423 1.5247999996172439 0.7011999998239844
1.5247999996172439 0.7011999998239844 0.7092999998219511
0.7011999998239844 0.7092999998219511 0.9056999997726507
0.7092999998219511 0.9056999997726507 0.6885999998271473
0.9056999997726507 0.6885999998271473 0.6757999998303603
