0.716999999999997 0.7039999999999225 0.8849999999999028
0.7039999999999225 0.8849999999999028 0.6659999999999267
0.8849999999999028 0.6659999999999267 1.478000000000177
0.6659999999999267 1.478000000000177 1.4720000000004916
1.478000000000177 1.4720000000004916 0.551000000000184
1.4720000000004916 0.551000000000184 0.551000000000184
0.551000000000184 0.551000000000184 0.5830000000001947
0.551000000000184 0.5830000000001947 0.6019999999997347
0.5830000000001947 0.6019999999997347 0.6149999999996592
0.6019999999997347 0.6149999999996592 0.6269999999996525
0.6149999999996592 0.6269999999996525 0.6389999999996459
0.6269999999996525 0.6389999999996459 0.6539999999996375
0.6389999999996459 0.6539999999996375 0.6629999999996325
0.6539999999996375 0.6629999999996325 0.3669999999997966
0.6629999999996325 0.3669999999997966 1.3919999999992285
0.3669999999997966 1.3919999999992285 0.6089999999996625
1.3919999999992285 0.6089999999996625 0.5859999999996752
0.6089999999996625 0.5859999999996752 0.4719999999997384
0.5859999999996752 0.4719999999997384 0.5579999999996907
0.4719999999997384 0.5579999999996907 0.672000000000299
0.5579999999996907 0.672000000000299 0.8370000000010229
0.672000000000299 0.8370000000010229 1.2940000000015814
0.8370000000010229 1.2940000000015814 1.3030000000015924
1.2940000000015814 1.3030000000015924 0.4690000000005732
1.3030000000015924 0.4690000000005732 0.7130000000008714
0.4690000000005732 0.7130000000008714 1.4150000000017293
0.7130000000008714 1.4150000000017293 0.7550000000009227
1.4150000000017293 0.7550000000009227 1.067000000001304
0.7550000000009227 1.067000000001304 0.7460000000009117
1.067000000001304 0.7460000000009117 1.7720000000021656
0.7460000000009117 1.7720000000021656 1.5150000000018515
1.7720000000021656 1.5150000000018515 0.3880000000004742
1.5150000000018515 0.3880000000004742 1.3660000000016694
0.3880000000004742 1.3660000000016694 1.4520000000017745
1.3660000000016694 1.4520000000017745 0.8010000000000126
1.4520000000017745 0.8010000000000126 0.8669999999979794
0.8010000000000126 0.8669999999979794 1.3899999999967605
0.8669999999979794 1.3899999999967605 0.8509999999980167
1.3899999999967605 0.8509999999980167 0.8309999999980633
0.8509999999980167 0.8309999999980633 0.8399999999980423
0.8309999999980633 0.8399999999980423 1.4049999999967255
0.8399999999980423 1.4049999999967255 0.8699999999979724
1.4049999999967255 0.8699999999979724 1.3779999999967885
0.8699999999979724 1.3779999999967885 0.8999999999979025
1.3779999999967885 0.8999999999979025 0.8269999999980726
0.8999999999979025 0.8269999999980726 1.4439999999966346
0.8269999999980726 1.4439999999966346 0.7539999999982427
1.4439999999966346 0.7539999999982427 1.4749999999965624
0.7539999999982427 1.4749999999965624 0.7859999999981682
1.4749999999965624 0.7859999999981682 0.9019999999978978
0.7859999999981682 0.9019999999978978 1.2319999999971287
0.9019999999978978 1.2319999999971287 1.1489999999973222
1.2319999999971287 1.1489999999973222 0.7089999999983476
1.1489999999973222 0.7089999999983476 1.4049999999967255
0.7089999999983476 1.4049999999967255 1.536999999996418
1.4049999999967255 1.536999999996418 0.719999999998322
1.536999999996418 0.719999999998322 0.7269999999983057
0.719999999998322 0.7269999999983057 1.2929999999969866
0.7269999999983057 1.2929999999969866 0.37799999999911904
1.2929999999969866 0.37799999999911904 0.846999999998026
0.37799999999911904 0.846999999998026 1.300999999996968
0.846999999998026 1.300999999996968 1.4599999999965974
1.300999999996968 1.4599999999965974 0.9519999999977813
1.4599999999965974 0.9519999999977813 1.2759999999970262
0.9519999999977813 1.2759999999970262 1.4629999999982886
1.2759999999970262 1.4629999999982886 1.1020000000052619
1.4629999999982886 1.1020000000052619 1.1820000000056439
1.1020000000052619 1.1820000000056439 1.381000000006594
1.1820000000056439 1.381000000006594 1.403000000006699
1.381000000006594 1.403000000006699 1.590000000007592
1.403000000006699 1.590000000007592 0.7050000000033663
1.590000000007592 0.7050000000033663 0.6830000000032612
0.7050000000033663 0.6830000000032612 0.7930000000037865
0.6830000000032612 0.7930000000037865 0.7970000000038056
0.7930000000037865 0.7970000000038056 1.4140000000067516
0.7970000000038056 1.4140000000067516 0.7300000000034856
1.4140000000067516 0.7300000000034856 0.8560000000040873
0.7300000000034856 0.8560000000040873 0.7690000000036719
0.8560000000040873 0.7690000000036719 0.786000000003753
0.7690000000036719 0.786000000003753 0.773000000003691
0.786000000003753 0.773000000003691 1.4270000000068137
0.773000000003691 1.4270000000068137 0.5610000000026787
1.4270000000068137 0.5610000000026787 0.45900000000219165
0.5610000000026787 0.45900000000219165 0.6200000000029604
0.45900000000219165 0.6200000000029604 0.7290000000034809
0.6200000000029604 0.7290000000034809 1.3350000000063744
0.7290000000034809 1.3350000000063744 0.3620000000017285
1.3350000000063744 0.3620000000017285 1.3130000000062694
0.3620000000017285 1.3130000000062694 0.6920000000033042
1.3130000000062694 0.6920000000033042 0.8090000000038629
0.6920000000033042 0.8090000000038629 0.29300000000139903
0.8090000000038629 0.29300000000139903 1.4380000000068662
0.29300000000139903 1.4380000000068662 0.8370000000039965
1.4380000000068662 0.8370000000039965 1.3360000000063792
0.8370000000039965 1.3360000000063792 1.5910000000075968
1.3360000000063792 1.5910000000075968 0.7040000000033615
1.5910000000075968 0.7040000000033615 0.6790000000032421
0.7040000000033615 0.6790000000032421 0.7780000000037148
0.6790000000032421 0.7780000000037148 0.8110000000038724
0.7780000000037148 0.8110000000038724 1.5070000000071957
0.8110000000038724 1.5070000000071957 0.5870000000028028
1.5070000000071957 0.5870000000028028 0.5460000000026071
0.5870000000028028 0.5460000000026071 0.4890000000023349
0.5460000000026071 0.4890000000023349 0.573000000002736
0.4890000000023349 0.573000000002736 0.6320000000030177
0.573000000002736 0.6320000000030177 0.6770000000032326
0.6320000000030177 0.6770000000032326 0.7660000000036575
0.6770000000032326 0.7660000000036575 0.8210000000039201
0.7660000000036575 0.8210000000039201 0.8600000000041064
0.8210000000039201 0.8600000000041064 1.3750000000065654
0.8600000000041064 1.3750000000065654 1.4560000000069522
1.3750000000065654 1.4560000000069522 0.5280000000025211
1.4560000000069522 0.5280000000025211 0.5070000000024208
0.5280000000025211 0.5070000000024208 0.5860000000027981
0.5070000000024208 0.5860000000027981 0.6310000000030129
0.5860000000027981 0.6310000000030129 0.6690000000031944
0.6310000000030129 0.6690000000031944 0.7340000000035047
0.6690000000031944 0.7340000000035047 0.8900000000042496
0.7340000000035047 0.8900000000042496 0.7260000000034665
0.8900000000042496 0.7260000000034665 0.7430000000035477
0.7260000000034665 0.7430000000035477 1.2010000000057346
0.7430000000035477 1.2010000000057346 0.4420000000021105
1.2010000000057346 0.4420000000021105 1.3750000000065654
0.4420000000021105 1.3750000000065654 0.9800000000046794
1.3750000000065654 0.9800000000046794 0.6810000000032517
0.9800000000046794 0.6810000000032517 0.6470000000030893
0.6810000000032517 0.6470000000030893 0.6740000000032182
0.6470000000030893 0.6740000000032182 0.7330000000035
0.6740000000032182 0.7330000000035 0.8470000000040443
0.7330000000035 0.8470000000040443 0.7770000000037101
0.8470000000040443 0.7770000000037101 0.8310000000039679
0.7770000000037101 0.8310000000039679 0.7320000000034952
0.8310000000039679 0.7320000000034952 1.6270000000077687
0.7320000000034952 1.6270000000077687 0.6230000000029747
1.6270000000077687 0.6230000000029747 1.4410000000068806
0.6230000000029747 1.4410000000068806 1.6280000000077735
1.4410000000068806 1.6280000000077735 0.44300000000211526
1.6280000000077735 0.44300000000211526 1.612000000007697
0.44300000000211526 1.612000000007697 1.5310000000073103
1.612000000007697 1.5310000000073103 0.28800000000137516
1.5310000000073103 0.28800000000137516 1.4130000000067469
0.28800000000137516 1.4130000000067469 0.937000000004474
1.4130000000067469 0.937000000004474 1.2960000000061882
0.937000000004474 1.2960000000061882 1.4250000000068042
1.2960000000061882 1.4250000000068042 1.4280000000068185
1.4250000000068042 1.4280000000068185 0.9250000000044167
1.4280000000068185 0.9250000000044167 0.7040000000033615
0.9250000000044167 0.7040000000033615 0.6830000000032612
0.7040000000033615 0.6830000000032612 0.7700000000036766
0.6830000000032612 0.7700000000036766 0.7960000000038008
0.7700000000036766 0.7960000000038008 0.9020000000043069
0.7960000000038008 0.9020000000043069 1.3140000000062741
0.9020000000043069 1.3140000000062741 1.4060000000067134
1.3140000000062741 1.4060000000067134 0.38400000000183354
1.4060000000067134 0.38400000000183354 0.786000000003753
0.38400000000183354 0.786000000003753 1.3310000000063553
0.786000000003753 1.3310000000063553 1.6950000000080934
1.3310000000063553 1.6950000000080934 0.6740000000032182
1.6950000000080934 0.6740000000032182 0.6300000000030082
0.6740000000032182 0.6300000000030082 0.6510000000031084
0.6300000000030082 0.6510000000031084 0.6830000000032612
0.6510000000031084 0.6830000000032612 0.764000000003648
0.6830000000032612 0.764000000003648 0.7770000000037101
0.764000000003648 0.7770000000037101 0.9250000000044167
0.7770000000037101 0.9250000000044167 0.795000000003796
0.9250000000044167 0.795000000003796 1.617000000007721
0.795000000003796 1.617000000007721 0.6900000000032946
1.617000000007721 0.6900000000032946 0.6360000000030368
0.6900000000032946 0.6360000000030368 0.6740000000032182
0.6360000000030368 0.6740000000032182 0.7480000000035716
0.6740000000032182 0.7480000000035716 0.8460000000040395
0.7480000000035716 0.8460000000040395 0.7700000000036766
0.8460000000040395 0.7700000000036766 1.306000000006236
0.7700000000036766 1.306000000006236 0.46800000000223463
1.306000000006236 0.46800000000223463 0.5610000000026787
0.46800000000223463 0.5610000000026787 0.7290000000034809
0.5610000000026787 0.7290000000034809 1.408000000006723
0.7290000000034809 1.408000000006723 0.7180000000034283
1.408000000006723 0.7180000000034283 1.3430000000064126
0.7180000000034283 1.3430000000064126 0.6760000000032278
1.3430000000064126 0.6760000000032278 0.5860000000027981
0.6760000000032278 0.5860000000027981 0.6000000000028649
0.5860000000027981 0.6000000000028649 0.6100000000029127
0.6000000000028649 0.6100000000029127 0.6170000000029461
0.6100000000029127 0.6170000000029461 0.6230000000029747
0.6170000000029461 0.6230000000029747 0.6240000000029795
0.6230000000029747 0.6240000000029795 0.5790000000027646
0.6240000000029795 0.5790000000027646 0.4340000000020723
0.5790000000027646 0.4340000000020723 0.6800000000032469
0.4340000000020723 0.6800000000032469 1.3570000000064795
0.6800000000032469 1.3570000000064795 0.7080000000033806
1.3570000000064795 0.7080000000033806 0.33300000000159
0.7080000000033806 0.33300000000159 1.3780000000065797
0.33300000000159 1.3780000000065797 0.8140000000038867
1.3780000000065797 0.8140000000038867 0.8270000000039488
0.8140000000038867 0.8270000000039488 1.630000000007783
0.8270000000039488 1.630000000007783 0.24500000000116984
1.630000000007783 0.24500000000116984 1.5350000000073294
0.24500000000116984 1.5350000000073294 1.568000000007487
1.5350000000073294 1.568000000007487 1.497000000007148
1.568000000007487 1.497000000007148 0.9380000000044788
1.497000000007148 0.9380000000044788 1.2140000000057967
0.9380000000044788 1.2140000000057967 1.4340000000068471
1.2140000000057967 1.4340000000068471 0.40800000000194814
1.4340000000068471 0.40800000000194814 1.4770000000070524
0.40800000000194814 1.4770000000070524 0.7400000000035334
1.4770000000070524 0.7400000000035334 0.8120000000038772
0.7400000000035334 0.8120000000038772 1.3490000000064413
0.8120000000038772 1.3490000000064413 0.9420000000044979
1.3490000000064413 0.9420000000044979 0.7720000000036862
0.9420000000044979 0.7720000000036862 1.6490000000078737
0.7720000000036862 1.6490000000078737 0.6850000000032708
1.6490000000078737 0.6850000000032708 0.6340000000030273
0.6850000000032708 0.6340000000030273 0.6650000000031753
0.6340000000030273 0.6650000000031753 0.7180000000034283
0.6650000000031753 0.7180000000034283 1.0210000000048751
0.7180000000034283 1.0210000000048751 0.6710000000032039
1.0210000000048751 0.6710000000032039 0.6300000000030082
0.6710000000032039 0.6300000000030082 0.6490000000030989
0.6300000000030082 0.6490000000030989 0.6780000000032373
0.6490000000030989 0.6780000000032373 0.7450000000035573
0.6780000000032373 0.7450000000035573 0.7990000000038151
0.7450000000035573 0.7990000000038151 0.8480000000040491
0.7990000000038151 0.8480000000040491 0.8480000000040491
0.8480000000040491 0.8480000000040491 0.773000000003691
0.8480000000040491 0.773000000003691 1.3480000000064365
0.773000000003691 1.3480000000064365 0.6810000000032517
1.3480000000064365 0.6810000000032517 0.3690000000017619
0.6810000000032517 0.3690000000017619 1.7380000000082987
0.3690000000017619 1.7380000000082987 0.6590000000031466
1.7380000000082987 0.6590000000031466 0.604000000002884
0.6590000000031466 0.604000000002884 0.6150000000029365
0.604000000002884 0.6150000000029365 0.6240000000029795
0.6150000000029365 0.6240000000029795 0.6330000000030225
0.6240000000029795 0.6330000000030225 0.6380000000030464
0.6330000000030225 0.6380000000030464 0.5900000000028172
0.6380000000030464 0.5900000000028172 0.4250000000020293
0.5900000000028172 0.4250000000020293 0.8230000000039297
0.4250000000020293 0.8230000000039297 1.3260000000063314
0.8230000000039297 1.3260000000063314 1.5530000000074153
1.3260000000063314 1.5530000000074153 0.6810000000032517
1.5530000000074153 0.6810000000032517 1.5830000000075586
0.6810000000032517 1.5830000000075586 0.7520000000035907
1.5830000000075586 0.7520000000035907 0.7830000000037387
0.7520000000035907 0.7830000000037387 0.7850000000037483
0.7830000000037387 0.7850000000037483 1.452000000006933
0.7850000000037483 1.452000000006933 0.5860000000027981
1.452000000006933 0.5860000000027981 0.4780000000022824
0.5860000000027981 0.4780000000022824 0.5500000000026262
0.4780000000022824 0.5500000000026262 0.662000000003161
0.5500000000026262 0.662000000003161 0.7850000000037483
0.662000000003161 0.7850000000037483 1.4540000000069426
0.7850000000037483 1.4540000000069426 0.7670000000036623
1.4540000000069426 0.7670000000036623 0.7580000000036193
0.7670000000036623 0.7580000000036193 0.8140000000038867
0.7580000000036193 0.8140000000038867 0.8240000000039345
0.8140000000038867 0.8240000000039345 1.3940000000066561
0.8240000000039345 1.3940000000066561 0.31600000000150885
1.3940000000066561 0.31600000000150885 1.3800000000065893
0.31600000000150885 1.3800000000065893 1.4150000000067564
1.3800000000065893 1.4150000000067564 0.9820000000046889
1.4150000000067564 0.9820000000046889 0.6800000000032469
0.9820000000046889 0.6800000000032469 0.6460000000030846
0.6800000000032469 0.6460000000030846 0.675000000003223
0.6460000000030846 0.675000000003223 0.7370000000035191
0.675000000003223 0.7370000000035191 0.8550000000040825
0.7370000000035191 0.8550000000040825 0.7610000000036337
0.8550000000040825 0.7610000000036337 0.8230000000039297
0.7610000000036337 0.8230000000039297 0.7510000000035859
0.8230000000039297 0.7510000000035859 1.5250000000072816
0.7510000000035859 1.5250000000072816 0.715000000003414
1.5250000000072816 0.715000000003414 1.5960000000076207
0.715000000003414 1.5960000000076207 0.32000000000152795
1.5960000000076207 0.32000000000152795 1.7920000000085565
0.32000000000152795 1.7920000000085565 1.13300000000541
1.7920000000085565 1.13300000000541 0.6890000000032899
1.13300000000541 0.6890000000032899 0.6150000000029365
0.6890000000032899 0.6150000000029365 0.6640000000031705
0.6150000000029365 0.6640000000031705 0.7370000000035191
0.6640000000031705 0.7370000000035191 0.8869999999914171
0.7370000000035191 0.8869999999914171 0.7329999999826668
0.8869999999914171 0.7329999999826668 0.8139999999807515
0.7329999999826668 0.8139999999807515 1.3529999999680058
0.8139999999807515 1.3529999999680058 1.3529999999680058
1.3529999999680058 1.3529999999680058 0.5459999999870888
1.3529999999680058 0.5459999999870888 0.5709999999864976
0.5459999999870888 0.5709999999864976 0.6119999999855281
0.5709999999864976 0.6119999999855281 0.639999999984866
0.6119999999855281 0.639999999984866 0.670999999984133
0.639999999984866 0.670999999984133 0.7299999999827378
0.670999999984133 0.7299999999827378 0.9059999999785759
0.7299999999827378 0.9059999999785759 0.7139999999831161
0.9059999999785759 0.7139999999831161 0.7039999999833526
0.7139999999831161 0.7039999999833526 0.9219999999781976
0.7039999999833526 0.9219999999781976 0.6939999999835891
0.9219999999781976 0.6939999999835891 1.4139999999665633
0.6939999999835891 1.4139999999665633 1.5259999999639149
1.4139999999665633 1.5259999999639149 0.7149999999830925
1.5259999999639149 0.7149999999830925 1.718999999959351
0.7149999999830925 1.718999999959351 0.6689999999841802
1.718999999959351 0.6689999999841802 0.6329999999850315
0.6689999999841802 0.6329999999850315 0.6509999999846059
0.6329999999850315 0.6509999999846059 0.6769999999839911
0.6509999999846059 0.6769999999839911 0.7409999999824777
0.6769999999839911 0.7409999999824777 0.32799999999224383
0.7409999999824777 0.32799999999224383 1.4339999999660904
0.32799999999224383 1.4339999999660904 0.7259999999828324
1.4339999999660904 0.7259999999828324 1.517999999964104
0.7259999999828324 1.517999999964104 0.7669999999818629
1.517999999964104 0.7669999999818629 1.29699999996933
0.7669999999818629 1.29699999996933 0.4719999999888387
1.29699999996933 0.4719999999888387 0.5659999999866159
0.4719999999888387 0.5659999999866159 0.6729999999840857
0.5659999999866159 0.6729999999840857 0.826999999980444
0.6729999999840857 0.826999999980444 1.3089999999690463
0.826999999980444 1.3089999999690463 1.1339999999731845
1.3089999999690463 1.1339999999731845 0.69099999998366
1.1339999999731845 0.69099999998366 0.6179999999853862
0.69099999998366 0.6179999999853862 0.6639999999842985
0.6179999999853862 0.6639999999842985 0.7329999999826668
0.6639999999842985 0.7329999999826668 0.8939999999788597
0.7329999999826668 0.8939999999788597 0.7259999999828324
0.8939999999788597 0.7259999999828324 0.7539999999821703
0.7259999999828324 0.7539999999821703 1.4619999999654283
0.7539999999821703 1.4619999999654283 0.2709999999935917
1.4619999999654283 0.2709999999935917 1.4219999999663742
0.2709999999935917 1.4219999999663742 1.460999999965452
1.4219999999663742 1.460999999965452 0.7259999999828324
1.460999999965452 0.7259999999828324 1.4759999999650972
0.7259999999828324 1.4759999999650972 0.8429999999800657
1.4759999999650972 0.8429999999800657 1.4309999999661613
0.8429999999800657 1.4309999999661613 0.7989999999811062
1.4309999999661613 0.7989999999811062 1.0529999999750999
0.7989999999811062 1.0529999999750999 0.5819999999862375
1.0529999999750999 0.5819999999862375 0.8229999999805386
0.5819999999862375 0.8229999999805386 1.3319999999685024
0.8229999999805386 1.3319999999685024 1.463999999965381
1.3319999999685024 1.463999999965381 0.8219999999805623
1.463999999965381 0.8219999999805623 0.809999999980846
0.8219999999805623 0.809999999980846 0.9899999999765896
0.809999999980846 0.9899999999765896 0.6839999999838255
0.9899999999765896 0.6839999999838255 0.6379999999849133
0.6839999999838255 0.6379999999849133 0.670999999984133
0.6379999999849133 0.670999999984133 0.7299999999827378
0.670999999984133 0.7299999999827378 0.9039999999786232
0.7299999999827378 0.9039999999786232 0.7149999999830925
0.9039999999786232 0.7149999999830925 0.7069999999832817
0.7149999999830925 0.7069999999832817 1.0009999999763295
0.7069999999832817 1.0009999999763295 0.6759999999840147
1.0009999999763295 0.6759999999840147 1.3829999999672964
0.6759999999840147 1.3829999999672964 1.4309999999661613
1.3829999999672964 1.4309999999661613 1.418999999966445
1.4309999999661613 1.418999999966445 0.8029999999810116
1.418999999966445 0.8029999999810116 0.8829999999791198
0.8029999999810116 0.8829999999791198 1.3469999999681477
0.8829999999791198 1.3469999999681477 1.3749999999674856
1.3469999999681477 1.3749999999674856 0.4669999999889569
1.3749999999674856 0.4669999999889569 0.5729999999864503
0.4669999999889569 0.5729999999864503 0.6859999999837783
0.5729999999864503 0.6859999999837783 1.0169999999759511
0.6859999999837783 1.0169999999759511 1.109999999973752
1.0169999999759511 1.109999999973752 1.4369999999660195
1.109999999973752 1.4369999999660195 1.4459999999658066
1.4369999999660195 1.4459999999658066 1.429999999966185
1.4459999999658066 1.429999999966185 0.7719999999817446
1.429999999966185 0.7719999999817446 0.3139999999925749
0.7719999999817446 0.3139999999925749 1.3999999999668944
0.3139999999925749 1.3999999999668944 1.4789999999650263
1.3999999999668944 1.4789999999650263 0.6019999999857646
1.4789999999650263 0.6019999999857646 0.5699999999865213
0.6019999999857646 0.5699999999865213 0.47099999998886233
0.5699999999865213 0.47099999998886233 0.571999999986474
0.47099999998886233 0.571999999986474 0.6599999999843931
0.571999999986474 0.6599999999843931 0.7579999999820757
0.6599999999843931 0.7579999999820757 1.2919999999694483
0.7579999999820757 1.2919999999694483 0.3989999999905649
1.2919999999694483 0.3989999999905649 1.3919999999670836
0.3989999999905649 1.3919999999670836 1.4559999999655702
1.3919999999670836 1.4559999999655702 0.6139999999854808
1.4559999999655702 0.6139999999854808 0.5709999999864976
0.6139999999854808 0.5709999999864976 0.44699999998942985
0.5709999999864976 0.44699999998942985 0.6329999999850315
0.44699999998942985 0.6329999999850315 0.7849999999814372
0.6329999999850315 0.7849999999814372 1.4349999999660668
0.7849999999814372 1.4349999999660668 0.7889999999813426
1.4349999999660668 0.7889999999813426 0.9929999999765187
0.7889999999813426 0.9929999999765187 0.6899999999836837
0.9929999999765187 0.6899999999836837 0.6329999999850315
0.6899999999836837 0.6329999999850315 0.670999999984133
0.6329999999850315 0.670999999984133 0.7399999999825013
0.670999999984133 0.7399999999825013 0.8699999999794272
0.7399999999825013 0.8699999999794272 0.741999999982454
0.8699999999794272 0.741999999982454 0.8209999999805859
0.741999999982454 0.8209999999805859 1.3199999999687861
0.8209999999805859 1.3199999999687861 1.0879999999742722
1.3199999999687861 1.0879999999742722 0.7279999999827851
1.0879999999742722 0.7279999999827851 1.5049999999644115
0.7279999999827851 1.5049999999644115 1.7659999999582396
1.5049999999644115 1.7659999999582396 0.503999999988082
1.7659999999582396 0.503999999988082 1.3149999999689044
0.503999999988082 1.3149999999689044 1.4539999999656175
1.3149999999689044 1.4539999999656175 1.6569999999608171
1.4539999999656175 1.6569999999608171 0.6779999999839674
1.6569999999608171 0.6779999999839674 0.6049999999856936
0.6779999999839674 0.6049999999856936 0.6239999999852444
0.6049999999856936 0.6239999999852444 0.6419999999848187
0.6239999999852444 0.6419999999848187 0.6669999999842275
0.6419999999848187 0.6669999999842275 0.7129999999831398
0.6669999999842275 0.7129999999831398 1.0099999999761167
0.7129999999831398 1.0099999999761167 0.6749999999840384
1.0099999999761167 0.6749999999840384 0.6329999999850315
0.6749999999840384 0.6329999999850315 0.6459999999847241
0.6329999999850315 0.6459999999847241 0.6609999999843694
0.6459999999847241 0.6609999999843694 0.5799999999862848
0.6609999999843694 0.5799999999862848 0.4739999999887914
0.5799999999862848 0.4739999999887914 1.6219999999616448
0.4739999999887914 1.6219999999616448 0.6329999999850315
1.6219999999616448 0.6329999999850315 1.384999999967249
0.6329999999850315 1.384999999967249 1.4229999999663505
1.384999999967249 1.4229999999663505 1.4549999999655938
1.4229999999663505 1.4549999999655938 0.8299999999803731
1.4549999999655938 0.8299999999803731 0.7909999999812953
0.8299999999803731 0.7909999999812953 0.9409999999777483
0.7909999999812953 0.9409999999777483 0.7029999999833763
0.9409999999777483 0.7029999999833763 0.6889999999837073
0.7029999999833763 0.6889999999837073 1.3359999999684078
0.6889999999837073 1.3359999999684078 0.5029999999881056
1.3359999999684078 0.5029999999881056 0.537999999987278
0.5029999999881056 0.537999999987278 0.6139999999854808
0.537999999987278 0.6139999999854808 0.6579999999844404
0.6139999999854808 0.6579999999844404 0.7179999999830216
0.6579999999844404 0.7179999999830216 0.9869999999766605
0.7179999999830216 0.9869999999766605 0.6899999999836837
0.9869999999766605 0.6899999999836837 0.636999999984937
0.6899999999836837 0.636999999984937 0.6749999999840384
0.636999999984937 0.6749999999840384 0.7489999999822885
0.6749999999840384 0.7489999999822885 0.8419999999800893
0.7489999999822885 0.8419999999800893 0.77599999998165
0.8419999999800893 0.77599999998165 1.3129999999689517
0.77599999998165 1.3129999999689517 0.45799999998916974
1.3129999999689517 0.45799999998916974 0.5829999999862139
0.45799999998916974 0.5829999999862139 1.3609999999678166
0.5829999999862139 1.3609999999678166 0.6899999999836837
1.3609999999678166 0.6899999999836837 0.6809999999838965
0.6899999999836837 0.6809999999838965 0.670999999984133
0.6809999999838965 0.670999999984133 1.2889999999695192
0.670999999984133 1.2889999999695192 1.670999999960486
1.2889999999695192 1.670999999960486 1.4749999999651209
1.670999999960486 1.4749999999651209 1.5409999999635602
1.4749999999651209 1.5409999999635602 0.7919999999812717
1.5409999999635602 0.7919999999812717 0.9409999999777483
0.7919999999812717 0.9409999999777483 0.704999999983329
0.9409999999777483 0.704999999983329 0.6749999999840384
0.704999999983329 0.6749999999840384 0.826999999980444
0.6749999999840384 0.826999999980444 1.299999999969259
0.826999999980444 1.299999999969259 1.177999999972144
1.299999999969259 1.177999999972144 0.6889999999837073
1.177999999972144 0.6889999999837073 0.6069999999856464
0.6889999999837073 0.6069999999856464 0.636999999984937
0.6069999999856464 0.636999999984937 0.6689999999841802
0.636999999984937 0.6689999999841802 0.7269999999828087
0.6689999999841802 0.7269999999828087 0.9279999999780557
0.7269999999828087 0.9279999999780557 0.7019999999833999
0.9279999999780557 0.7019999999833999 0.6799999999839201
0.7019999999833999 0.6799999999839201 0.7649999999819102
0.6799999999839201 0.7649999999819102 0.809999999980846
0.7649999999819102 0.809999999980846 0.8559999999797583
0.809999999980846 0.8559999999797583 1.4049999999667762
0.8559999999797583 1.4049999999667762 0.8419999999800893
1.4049999999667762 0.8419999999800893 0.9269999999780794
0.8419999999800893 0.9269999999780794 0.8449999999800184
0.9269999999780794 0.8449999999800184 1.313999999968928
0.8449999999800184 1.313999999968928 1.432999999966114
1.313999999968928 1.432999999966114 1.401999999966847
1.432999999966114 1.401999999966847 0.7689999999818156
1.401999999966847 0.7689999999818156 0.7699999999817919
0.7689999999818156 0.7699999999817919 0.9729999999769916
0.7699999999817919 0.9729999999769916 0.8009999999810589
0.9729999999769916 0.8009999999810589 1.7249999999592092
0.8009999999810589 1.7249999999592092 1.098999999974012
1.7249999999592092 1.098999999974012 0.6479999999846768
1.098999999974012 0.6479999999846768 0.6669999999842275
0.6479999999846768 0.6669999999842275 0.6469999999847005
0.6669999999842275 0.6469999999847005 0.4069999999903757
0.6469999999847005 0.4069999999903757 1.6289999999614793
0.4069999999903757 1.6289999999614793 0.6759999999840147
1.6289999999614793 0.6759999999840147 0.6299999999851025
0.6759999999840147 0.6299999999851025 0.6529999999845586
0.6299999999851025 0.6529999999845586 0.6869999999837546
0.6529999999845586 0.6869999999837546 0.7789999999815791
0.6869999999837546 0.7789999999815791 0.7569999999820993
0.7789999999815791 0.7569999999820993 1.2109999999713636
0.7569999999820993 1.2109999999713636 0.6769999999839911
1.2109999999713636 0.6769999999839911 0.5799999999862848
0.6769999999839911 0.5799999999862848 0.6169999999854099
0.5799999999862848 0.6169999999854099 0.6429999999847951
0.6169999999854099 0.6429999999847951 0.6749999999840384
0.6429999999847951 0.6749999999840384 0.7409999999824777
0.6749999999840384 0.7409999999824777 0.8559999999797583
0.7409999999824777 0.8559999999797583 0.7549999999821466
0.8559999999797583 0.7549999999821466 0.8559999999797583
0.7549999999821466 0.8559999999797583 0.7689999999818156
0.8559999999797583 0.7689999999818156 1.4939999999646716
0.7689999999818156 1.4939999999646716 0.755999999982123
1.4939999999646716 0.755999999982123 1.3549999999679585
0.755999999982123 1.3549999999679585 0.619999999985339
1.3549999999679585 0.619999999985339 0.4069999999903757
0.619999999985339 0.4069999999903757 0.6819999999838728
0.4069999999903757 0.6819999999838728 1.4239999999663269
0.6819999999838728 1.4239999999663269 0.7569999999820993
1.4239999999663269 0.7569999999820993 1.3129999999689517
0.7569999999820993 1.3129999999689517 0.5519999999869469
1.3129999999689517 0.5519999999869469 0.5829999999862139
0.5519999999869469 0.5829999999862139 0.6269999999851734
0.5829999999862139 0.6269999999851734 0.6629999999843221
0.6269999999851734 0.6629999999843221 0.7189999999829979
0.6629999999843221 0.7189999999829979 0.9889999999766133
0.7189999999829979 0.9889999999766133 0.6829999999838492
0.9889999999766133 0.6829999999838492 0.639999999984866
0.6829999999838492 0.639999999984866 0.670999999984133
0.639999999984866 0.670999999984133 0.7299999999827378
0.670999999984133 0.7299999999827378 0.9059999999785759
0.7299999999827378 0.9059999999785759 0.7139999999831161
0.9059999999785759 0.7139999999831161 0.704999999983329
0.7139999999831161 0.704999999983329 0.9279999999780557
0.704999999983329 0.9279999999780557 0.6929999999836127
0.9279999999780557 0.6929999999836127 1.4089999999666816
0.6929999999836127 1.4089999999666816 1.6559999999608408
1.4089999999666816 1.6559999999608408 0.6479999999846768
1.6559999999608408 0.6479999999846768 1.3889999999671545
0.6479999999846768 1.3889999999671545 1.4489999999657357
1.3889999999671545 1.4489999999657357 1.4459999999658066
1.4489999999657357 1.4459999999658066 0.6139999999854808
1.4459999999658066 0.6139999999854808 0.5319999999874199
0.6139999999854808 0.5319999999874199 0.4799999999886495
0.5319999999874199 0.4799999999886495 0.6869999999837546
0.4799999999886495 0.6869999999837546 1.344999999968195
0.6869999999837546 1.344999999968195 0.6029999999857409
1.344999999968195 0.6029999999857409 0.4119999999902575
0.6029999999857409 0.4119999999902575 0.7569999999820993
0.4119999999902575 0.7569999999820993 1.426999999966256
0.7569999999820993 1.426999999966256 0.809999999980846
1.426999999966256 0.809999999980846 1.361999999967793
0.809999999980846 1.361999999967793 0.3159999999925276
1.361999999967793 0.3159999999925276 1.5789999999626616
0.3159999999925276 1.5789999999626616 0.6889999999837073
1.5789999999626616 0.6889999999837073 0.639999999984866
0.6889999999837073 0.639999999984866 0.6769999999839911
0.639999999984866 0.6769999999839911 0.7549999999821466
0.6769999999839911 0.7549999999821466 0.826999999980444
0.7549999999821466 0.826999999980444 0.8009999999810589
0.826999999980444 0.8009999999810589 1.3799999999673673
0.8009999999810589 1.3799999999673673 0.3349999999920783
1.3799999999673673 0.3349999999920783 1.4289999999662086
0.3349999999920783 1.4289999999662086 0.7259999999828324
1.4289999999662086 0.7259999999828324 1.494999999964648
0.7259999999828324 1.494999999964648 0.7989999999811062
1.494999999964648 0.7989999999811062 1.4049999999667762
0.7989999999811062 1.4049999999667762 0.6979999999834945
1.4049999999667762 0.6979999999834945 1.276999999969803
0.6979999999834945 1.276999999969803 0.6799999999839201
1.276999999969803 0.6799999999839201 0.5979999999858592
0.6799999999839201 0.5979999999858592 0.6169999999854099
0.5979999999858592 0.6169999999854099 0.6329999999850315
0.6169999999854099 0.6329999999850315 0.6509999999846059
0.6329999999850315 0.6509999999846059 0.6789999999839438
0.6509999999846059 0.6789999999839438 0.7489999999823453
0.6789999999839438 0.7489999999823453 0.6889999999837073
0.7489999999823453 0.6889999999837073 1.038999999975431
0.6889999999837073 1.038999999975431 0.7479999999823121
1.038999999975431 0.7479999999823121 1.712999999959493
0.7479999999823121 1.712999999959493 0.6699999999841566
1.712999999959493 0.6699999999841566 0.6239999999852444
0.6699999999841566 0.6239999999852444 0.6419999999848187
0.6239999999852444 0.6419999999848187 0.6659999999842512
0.6419999999848187 0.6659999999842512 0.7119999999831634
0.6659999999842512 0.7119999999831634 1.0359999999755019
0.7119999999831634 1.0359999999755019 0.6659999999842512
1.0359999999755019 0.6659999999842512 0.6249999999852207
0.6659999999842512 0.6249999999852207 0.6329999999850315
0.6249999999852207 0.6329999999850315 0.6359999999849606
0.6329999999850315 0.6359999999849606 0.5529999999869233
0.6359999999849606 0.5529999999869233 0.46599999998898056
0.5529999999869233 0.46599999998898056 0.9189999999782685
0.46599999998898056 0.9189999999782685 1.2609999999701813
0.9189999999782685 1.2609999999701813 1.4139999999665633
1.2609999999701813 1.4139999999665633 1.5549999999632291
1.4139999999665633 1.5549999999632291 0.6919999999836364
1.5549999999632291 0.6919999999836364 1.5129999999642223
0.6919999999836364 1.5129999999642223 0.8149999999807278
1.5129999999642223 0.8149999999807278 1.2749999999698503
0.8149999999807278 1.2749999999698503 0.38299999999094325
1.2749999999698503 0.38299999999094325 1.6349999999613374
0.38299999999094325 1.6349999999613374 0.6389999999848897
1.6349999999613374 0.6389999999848897 1.3779999999674146
0.6389999999848897 1.3779999999674146 1.4079999999667052
1.3779999999674146 1.4079999999667052 2.0029999999526353
1.4079999999667052 2.0029999999526353 0.5779999999863321
2.0029999999526353 0.5779999999863321 1.3749999999674856
0.5779999999863321 1.3749999999674856 1.4909999999647425
1.3749999999674856 1.4909999999647425 1.5559999999632055
1.4909999999647425 1.5559999999632055 1.384999999967249
1.5559999999632055 1.384999999967249 1.3979999999669417
1.384999999967249 1.3979999999669417 1.5229999999639858
1.3979999999669417 1.5229999999639858 0.7499999999822649
1.5229999999639858 0.7499999999822649 0.9109999999784577
0.7499999999822649 0.9109999999784577 1.2069999999714582
0.9109999999784577 1.2069999999714582 1.5059999999643878
1.2069999999714582 1.5059999999643878 0.9889999999766133
1.5059999999643878 0.9889999999766133 0.9109999999784577
0.9889999999766133 0.9109999999784577 1.8079999999572465
0.9109999999784577 1.8079999999572465 0.8769999999792617
1.8079999999572465 0.8769999999792617 0.8179999999806569
0.8769999999792617 0.8179999999806569 0.8599999999796637
0.8179999999806569 0.8599999999796637 1.3769999999674383
0.8599999999796637 1.3769999999674383 1.1389999999730662
1.3769999999674383 1.1389999999730662 1.1279999999733263
1.1389999999730662 1.1279999999733263 1.3979999999669417
1.1279999999733263 1.3979999999669417 1.39299999996706
1.3979999999669417 1.39299999996706 1.4749999999651209
1.39299999996706 1.4749999999651209 0.8499999999799002
1.4749999999651209 0.8499999999799002 1.4089999999666816
0.8499999999799002 1.4089999999666816 0.840999999980113
1.4089999999666816 0.840999999980113 1.6219999999616448
0.840999999980113 1.6219999999616448 0.6939999999835891
1.6219999999616448 0.6939999999835891 0.6149999999854572
0.6939999999835891 0.6149999999854572 0.6119999999855281
0.6149999999854572 0.6119999999855281 0.5739999999864267
0.6119999999855281 0.5739999999864267 0.44899999998938256
0.5739999999864267 0.44899999998938256 0.6179999999853862
0.44899999998938256 0.6179999999853862 0.7449999999823831
0.6179999999853862 0.7449999999823831 1.4399999999659485
0.7449999999823831 1.4399999999659485 0.28899999999316606
1.4399999999659485 0.28899999999316606 1.449999999965712
0.28899999999316606 1.449999999965712 0.9649999999771808
1.449999999965712 0.9649999999771808 1.2889999999695192
0.9649999999771808 1.2889999999695192 1.6549999999608644
1.2889999999695192 1.6549999999608644 1.6439999999611246
1.6549999999608644 1.6439999999611246 0.9129999999784104
1.6439999999611246 0.9129999999784104 0.7829999999814845
0.9129999999784104 0.7829999999814845 1.435999999966043
0.7829999999814845 1.435999999966043 0.8809999999791671
1.435999999966043 0.8809999999791671 0.7319999999826905
0.8809999999791671 0.7319999999826905 0.7459999999823594
0.7319999999826905 0.7459999999823594 0.8559999999797583
0.7459999999823594 0.8559999999797583 0.7619999999819811
0.8559999999797583 0.7619999999819811 1.341999999968266
0.7619999999819811 1.341999999968266 0.5729999999864503
1.341999999968266 0.5729999999864503 0.438999999989619
0.5729999999864503 0.438999999989619 0.707999999983258
0.438999999989619 0.707999999983258 1.412999999966587
0.707999999983258 1.412999999966587 0.7639999999819338
1.412999999966587 0.7639999999819338 0.9859999999766842
0.7639999999819338 0.9859999999766842 0.7679999999818392
0.9859999999766842 0.7679999999818392 1.446999999965783
0.7679999999818392 1.446999999965783 1.3879999999671782
1.446999999965783 1.3879999999671782 0.6689999999841802
1.3879999999671782 0.6689999999841802 0.7149999999830925
0.6689999999841802 0.7149999999830925 0.5649999999866395
0.7149999999830925 0.5649999999866395 1.0839999999743668
0.5649999999866395 1.0839999999743668 0.7969999999811535
1.0839999999743668 0.7969999999811535 0.7449999999823831
0.7969999999811535 0.7449999999823831 1.4049999999667762
0.7449999999823831 1.4049999999667762 0.47499999998876774
1.4049999999667762 0.47499999998876774 0.5789999999863085
0.47499999998876774 0.5789999999863085 1.4399999999659485
0.5789999999863085 1.4399999999659485 0.7399999999825013
1.4399999999659485 0.7399999999825013 1.4239999999663269
0.7399999999825013 1.4239999999663269 0.5779999999863321
1.4239999999663269 0.5779999999863321 0.5609999999867341
0.5779999999863321 0.5609999999867341 1.344999999968195
0.5609999999867341 1.344999999968195 1.797999999957483
1.344999999968195 1.797999999957483 0.6589999999844167
1.797999999957483 0.6589999999844167 0.6029999999857409
0.6589999999844167 0.6029999999857409 0.6129999999855045
0.6029999999857409 0.6129999999855045 0.6219999999852917
0.6129999999855045 0.6219999999852917 0.6299999999851025
0.6219999999852917 0.6299999999851025 0.6339999999850079
0.6299999999851025 0.6339999999850079 0.5899999999860484
0.6339999999850079 0.5899999999860484 0.4229999999899974
0.5899999999860484 0.4229999999899974 0.7569999999820993
0.4229999999899974 0.7569999999820993 1.4379999999659958
0.7569999999820993 1.4379999999659958 0.7909999999812953
1.4379999999659958 0.7909999999812953 1.2419999999706306
0.7909999999812953 1.2419999999706306 0.41499999999018655
1.2419999999706306 0.41499999999018655 0.7579999999820757
0.41499999999018655 0.7579999999820757 1.4229999999663505
0.7579999999820757 1.4229999999663505 0.8189999999806332
1.4229999999663505 0.8189999999806332 1.4379999999659958
0.8189999999806332 1.4379999999659958 0.28099999999335523
1.4379999999659958 0.28099999999335523 1.3979999999669417
0.28099999999335523 1.3979999999669417 1.3939999999670363
1.3979999999669417 1.3939999999670363 0.9019999999786705
1.3939999999670363 0.9019999999786705 0.7169999999830452
0.9019999999786705 0.7169999999830452 0.7109999999831871
0.7169999999830452 0.7109999999831871 1.140999999973019
0.7109999999831871 1.140999999973019 0.6699999999841566
1.140999999973019 0.6699999999841566 0.5959999999859065
0.6699999999841566 0.5959999999859065 0.6099999999855754
0.5959999999859065 0.6099999999855754 0.6209999999853153
0.6099999999855754 0.6209999999853153 0.6319999999850552
0.6209999999853153 0.6319999999850552 0.6429999999847951
0.6319999999850552 0.6429999999847951 0.6489999999846532
0.6429999999847951 0.6489999999846532 0.4499999999893589
0.6489999999846532 0.4499999999893589 0.6139999999854808
0.4499999999893589 0.6139999999854808 1.5249999999639385
0.6139999999854808 1.5249999999639385 0.6679999999842039
1.5249999999639385 0.6679999999842039 1.4549999999655938
0.6679999999842039 1.4549999999655938 1.4149999999665397
1.4549999999655938 1.4149999999665397 0.6219999999852917
1.4149999999665397 0.6219999999852917 0.3989999999905649
0.6219999999852917 0.3989999999905649 1.3699999999676038
0.3989999999905649 1.3699999999676038 0.6389999999848897
1.3699999999676038 0.6389999999848897 0.6219999999852917
0.6389999999848897 0.6219999999852917 0.39799999999058855
0.6219999999852917 0.39799999999058855 0.7269999999828087
0.39799999999058855 0.7269999999828087 1.4959999999646243
0.7269999999828087 1.4959999999646243 0.7309999999827141
1.4959999999646243 0.7309999999827141 0.7509999999822412
0.7309999999827141 0.7509999999822412 0.8569999999797346
0.7509999999822412 0.8569999999797346 0.7769999999816264
0.8569999999797346 0.7769999999816264 1.4139999999665633
0.7769999999816264 1.4139999999665633 0.7749999999816737
1.4139999999665633 0.7749999999816737 0.9479999999775828
0.7749999999816737 0.9479999999775828 0.8139999999807515
0.9479999999775828 0.8139999999807515 1.4549999999655938
0.8139999999807515 1.4549999999655938 0.7659999999818865
1.4549999999655938 0.7659999999818865 1.5189999999640804
0.7659999999818865 1.5189999999640804 0.6679999999842039
1.5189999999640804 0.6679999999842039 1.4679999999652864
0.6679999999842039 1.4679999999652864 1.4079999999667052
1.4679999999652864 1.4079999999667052 0.5099999999879401
1.4079999999667052 0.5099999999879401 0.5099999999879401
0.5099999999879401 0.5099999999879401 0.6409999999848424
0.5099999999879401 0.6409999999848424 0.7339999999826432
0.6409999999848424 0.7339999999826432 1.2869999999695665
0.7339999999826432 1.2869999999695665 0.36999999999125066
1.2869999999695665 0.36999999999125066 1.3519999999680294
0.36999999999125066 1.3519999999680294 0.6679999999842039
1.3519999999680294 0.6679999999842039 0.704999999983329
0.6679999999842039 0.704999999983329 0.33599999999205465
0.704999999983329 0.33599999999205465 1.3629999999677693
0.33599999999205465 1.3629999999677693 0.86099999997964
1.3629999999677693 0.86099999997964 0.7499999999822649
0.86099999997964 0.7499999999822649 0.8359999999802312
0.7499999999822649 0.8359999999802312 0.8009999999810589
0.8359999999802312 0.8009999999810589 1.5819999999625907
0.8009999999810589 1.5819999999625907 0.6969999999835181
1.5819999999625907 0.6969999999835181 0.6519999999845822
0.6969999999835181 0.6519999999845822 0.7099999999832107
0.6519999999845822 0.7099999999832107 1.1079999999737993
0.7099999999832107 1.1079999999737993 0.6769999999839911
1.1079999999737993 0.6769999999839911 0.5989999999858355
0.6769999999839911 0.5989999999858355 0.6169999999854099
0.5989999999858355 0.6169999999854099 0.6319999999850552
0.6169999999854099 0.6319999999850552 0.6489999999846532
0.6319999999850552 0.6489999999846532 0.673999999984062
0.6489999999846532 0.673999999984062 0.7309999999827141
0.673999999984062 0.7309999999827141 0.40399999999044667
0.7309999999827141 0.40399999999044667 1.2689999999699921
0.40399999999044667 1.2689999999699921 0.8329999999803022
1.2689999999699921 0.8329999999803022 0.7889999999813426
0.8329999999803022 0.7889999999813426 1.3319999999685024
0.7889999999813426 1.3319999999685024 0.3899999999907777
1.3319999999685024 0.3899999999907777 1.3689999999676274
0.3899999999907777 1.3689999999676274 0.6039999999857173
1.3689999999676274 0.6039999999857173 0.5859999999861429
0.6039999999857173 0.5859999999861429 0.5049999999880583
0.5859999999861429 0.5049999999880583 0.5159999999877982
0.5049999999880583 0.5159999999877982 0.6299999999851025
0.5159999999877982 0.6299999999851025 0.6999999999834472
0.6299999999851025 0.6999999999834472 1.2079999999714346
0.6999999999834472 1.2079999999714346 0.7449999999823831
1.2079999999714346 0.7449999999823831 1.6259999999615502
0.7449999999823831 1.6259999999615502 1.4069999999667289
1.6259999999615502 1.4069999999667289 1.3799999999673673
1.4069999999667289 1.3799999999673673 1.415999999966516
1.3799999999673673 1.415999999966516 1.4899999999647662
1.415999999966516 1.4899999999647662 0.7449999999823831
1.4899999999647662 0.7449999999823831 1.4519999999656648
0.7449999999823831 1.4519999999656648 0.8849999999790725
1.4519999999656648 0.8849999999790725 0.7469999999823358
0.8849999999790725 0.7469999999823358 0.7169999999830452
0.7469999999823358 0.7169999999830452 1.0489999999751944
0.7169999999830452 1.0489999999751944 0.6599999999843931
1.0489999999751944 0.6599999999843931 0.622999999985268
0.6599999999843931 0.622999999985268 0.6349999999849842
0.622999999985268 0.6349999999849842 0.6499999999846295
0.6349999999849842 0.6499999999846295 0.6689999999841802
0.6499999999846295 0.6689999999841802 0.5759999999863794
0.6689999999841802 0.5759999999863794 0.5059999999880347
0.5759999999863794 0.5059999999880347 1.4289999999662086
0.5059999999880347 1.4289999999662086 0.8079999999808933
1.4289999999662086 0.8079999999808933 1.4989999999645534
0.8079999999808933 1.4989999999645534 0.5709999999864976
1.4989999999645534 0.5709999999864976 1.5759999999627325
0.5709999999864976 1.5759999999627325 0.9579999999773463
1.5759999999627325 0.9579999999773463 0.7689999999818156
0.9579999999773463 0.7689999999818156 1.4889999999647898
0.7689999999818156 1.4889999999647898 0.7619999999819811
1.4889999999647898 0.7619999999819811 1.3579999999678876
0.7619999999819811 1.3579999999678876 0.7149999999830925
1.3579999999678876 0.7149999999830925 0.32999999999219654
0.7149999999830925 0.32999999999219654 1.3869999999672018
0.32999999999219654 1.3869999999672018 0.7879999999813663
1.3869999999672018 0.7879999999813663 0.9979999999764004
0.7879999999813663 0.9979999999764004 1.2249999999710326
0.9979999999764004 1.2249999999710326 1.4389999999659722
1.2249999999710326 1.4389999999659722 1.46699999996531
1.4389999999659722 1.46699999996531 0.8049999999809643
1.46699999996531 0.8049999999809643 0.8369999999802076
0.8049999999809643 0.8369999999802076 0.8759999999792853
0.8369999999802076 0.8759999999792853 0.7379999999825486
0.8759999999792853 0.7379999999825486 0.7989999999811062
0.7379999999825486 0.7989999999811062 1.3869999999672018
0.7989999999811062 1.3869999999672018 0.8459999999799948
1.3869999999672018 0.8459999999799948 0.8489999999799238
0.8459999999799948 0.8489999999799238 0.772999999981721
0.8489999999799238 0.772999999981721 1.350999999968053
0.772999999981721 1.350999999968053 0.7029999999833763
1.350999999968053 0.7029999999833763 0.3519999999916763
0.7029999999833763 0.3519999999916763 1.5299999999638203
0.3519999999916763 1.5299999999638203 0.7069999999832817
1.5299999999638203 0.7069999999832817 0.6839999999838255
0.7069999999832817 0.6839999999838255 0.8079999999808933
0.6839999999838255 0.8079999999808933 0.792999999981248
0.8079999999808933 0.792999999981248 1.432999999966114
0.792999999981248 1.432999999966114 0.8419999999800893
1.432999999966114 0.8419999999800893 0.7719999999817446
0.8419999999800893 0.7719999999817446 1.0429999999753363
0.7719999999817446 1.0429999999753363 0.6789999999839438
1.0429999999753363 0.6789999999839438 0.6079999999856227
0.6789999999839438 0.6079999999856227 0.656999999984464
0.6079999999856227 0.656999999984464 0.7209999999829506
0.656999999984464 0.7209999999829506 0.9509999999775118
0.7209999999829506 0.9509999999775118 0.7009999999834235
0.9509999999775118 0.7009999999834235 0.6599999999843931
0.7009999999834235 0.6599999999843931 0.7369999999825723
0.6599999999843931 0.7369999999825723 0.8989999999787415
0.7369999999825723 0.8989999999787415 0.7269999999828087
0.8989999999787415 0.7269999999828087 0.9029999999786469
0.7269999999828087 0.9029999999786469 1.2589999999702286
0.9029999999786469 1.2589999999702286 1.4559999999655702
1.2589999999702286 1.4559999999655702 1.4229999999663505
1.4559999999655702 1.4229999999663505 0.5919999999860011
1.4229999999663505 0.5919999999860011 0.4289999999898555
0.5919999999860011 0.4289999999898555 0.6469999999847005
0.4289999999898555 0.6469999999847005 1.4389999999659722
0.6469999999847005 1.4389999999659722 0.540999999987207
1.4389999999659722 0.540999999987207 0.5059999999880347
0.540999999987207 0.5059999999880347 0.5619999999867105
0.5059999999880347 0.5619999999867105 0.6049999999856936
0.5619999999867105 0.6049999999856936 0.6309999999850788
0.6049999999856936 0.6309999999850788 0.6579999999844404
0.6309999999850788 0.6579999999844404 0.6989999999834708
0.6579999999844404 0.6989999999834708 0.843999999980042
0.6989999999834708 0.843999999980042 0.6939999999835891
0.843999999980042 0.6939999999835891 1.633999999961361
0.6939999999835891 1.633999999961361 0.7109999999831871
1.633999999961361 0.7109999999831871 0.6869999999837546
0.7109999999831871 0.6869999999837546 0.7799999999815554
0.6869999999837546 0.7799999999815554 0.7689999999818156
0.7799999999815554 0.7689999999818156 1.4289999999662086
0.7689999999818156 1.4289999999662086 0.5339999999873726
1.4289999999662086 0.5339999999873726 0.5529999999869233
0.5339999999873726 0.5529999999869233 0.5929999999859774
0.5529999999869233 0.5929999999859774 0.6159999999854335
0.5929999999859774 0.6159999999854335 0.6359999999849606
0.6159999999854335 0.6359999999849606 0.6579999999844404
0.6359999999849606 0.6579999999844404 0.6949999999835654
0.6579999999844404 0.6949999999835654 0.8199999999806096
0.6949999999835654 0.8199999999806096 0.6499999999846295
0.8199999999806096 0.6499999999846295 1.5639999999630163
0.6499999999846295 1.5639999999630163 0.33999999999196007
1.5639999999630163 0.33999999999196007 1.3559999999679349
0.33999999999196007 1.3559999999679349 1.5719999999628271
1.3559999999679349 1.5719999999628271 0.704999999983329
1.5719999999628271 0.704999999983329 0.6749999999840384
0.704999999983329 0.6749999999840384 0.7809999999815318
0.6749999999840384 0.7809999999815318 0.8339999999802785
0.7809999999815318 0.8339999999802785 1.409999999966658
0.8339999999802785 1.409999999966658 0.6509999999846059
1.409999999966658 0.6509999999846059 0.6679999999842039
0.6509999999846059 0.6679999999842039 0.46399999998902786
0.6679999999842039 0.46399999998902786 0.6499999999846295
0.46399999998902786 0.6499999999846295 1.3769999999674383
0.6499999999846295 1.3769999999674383 1.4229999999663505
1.3769999999674383 1.4229999999663505 0.6839999999838255
1.4229999999663505 0.6839999999838255 0.7349999999826196
0.6839999999838255 0.7349999999826196 0.3799999999910142
0.7349999999826196 0.3799999999910142 1.3639999999677457
0.3799999999910142 1.3639999999677457 1.4619999999654283
1.3639999999677457 1.4619999999654283 0.7789999999815791
1.4619999999654283 0.7789999999815791 1.2679999999700158
0.7789999999815791 1.2679999999700158 1.078999999974485
1.2679999999700158 1.078999999974485 1.398999999966918
1.078999999974485 1.398999999966918 1.3689999999676274
1.398999999966918 1.3689999999676274 1.4449999999658303
1.3689999999676274 1.4449999999658303 1.8299999999567262
1.4449999999658303 1.8299999999567262 1.0339999999755491
1.8299999999567262 1.0339999999755491 0.738999999982525
1.0339999999755491 0.738999999982525 1.4279999999662323
0.738999999982525 1.4279999999662323 1.446999999965783
1.4279999999662323 1.446999999965783 0.7599999999820284
1.446999999965783 0.7599999999820284 1.4409999999659249
0.7599999999820284 1.4409999999659249 1.0999999999739885
1.4409999999659249 1.0999999999739885 0.6469999999847005
1.0999999999739885 0.6469999999847005 0.6099999999855754
0.6469999999847005 0.6099999999855754 0.6119999999855281
0.6099999999855754 0.6119999999855281 0.6039999999857173
0.6119999999855281 0.6039999999857173 0.5429999999871598
0.6039999999857173 0.5429999999871598 0.4719999999888387
0.5429999999871598 0.4719999999888387 0.6329999999850315
0.4719999999888387 0.6329999999850315 0.7429999999824304
0.6329999999850315 0.7429999999824304 1.3769999999674383
0.7429999999824304 1.3769999999674383 0.3109999999926458
1.3769999999674383 0.3109999999926458 1.5849999999625197
0.3109999999926458 1.5849999999625197 0.6859999999837783
1.5849999999625197 0.6859999999837783 0.6319999999850552
0.6859999999837783 0.6319999999850552 0.6639999999842985
0.6319999999850552 0.6639999999842985 0.7169999999830452
0.6639999999842985 0.7169999999830452 1.0349999999755255
0.7169999999830452 1.0349999999755255 0.6689999999841802
1.0349999999755255 0.6689999999841802 0.6249999999852207
0.6689999999841802 0.6249999999852207 0.6419999999848187
0.6249999999852207 0.6419999999848187 0.6659999999842512
0.6419999999848187 0.6659999999842512 0.7109999999831871
0.6659999999842512 0.7109999999831871 1.0239999999757856
0.7109999999831871 1.0239999999757856 0.6719999999841093
1.0239999999757856 0.6719999999841093 0.6269999999851734
0.6719999999841093 0.6269999999851734 0.6359999999849606
0.6269999999851734 0.6359999999849606 0.6379999999849133
0.6359999999849606 0.6379999999849133 0.4929999999883421
0.6379999999849133 0.4929999999883421 0.540999999987207
0.4929999999883421 0.540999999987207 1.3609999999678166
0.540999999987207 1.3609999999678166 0.6889999999837073
1.3609999999678166 0.6889999999837073 0.7599999999820284
0.6889999999837073 0.7599999999820284 0.4369999999896663
0.7599999999820284 0.4369999999896663 1.324999999968668
0.4369999999896663 1.324999999968668 1.4489999999657357
1.324999999968668 1.4489999999657357 1.3949999999670126
1.4489999999657357 1.3949999999670126 0.7919999999812717
1.3949999999670126 0.7919999999812717 1.0459999999752654
0.7919999999812717 1.0459999999752654 1.21199999997134
1.0459999999752654 1.21199999997134 1.39299999996706
1.21199999997134 1.39299999996706 1.460999999965452
1.39299999996706 1.460999999965452 1.0119999999760694
1.460999999965452 1.0119999999760694 1.2369999999707488
1.0119999999760694 1.2369999999707488 1.4059999999667525
1.2369999999707488 1.4059999999667525 1.5919999999623542
1.4059999999667525 1.5919999999623542 0.7109999999831871
1.5919999999623542 0.7109999999831871 0.6969999999835181
0.7109999999831871 0.6969999999835181 0.8659999999795218
0.6969999999835181 0.8659999999795218 0.7349999999826196
0.8659999999795218 0.7349999999826196 1.4859999999648608
0.7349999999826196 1.4859999999648608 0.8039999999809879
1.4859999999648608 0.8039999999809879 1.4939999999646716
0.8039999999809879 1.4939999999646716 0.6139999999854808
1.4939999999646716 0.6139999999854808 1.5609999999630872
0.6139999999854808 1.5609999999630872 0.8729999999793563
1.5609999999630872 0.8729999999793563 0.8129999999807751
0.8729999999793563 0.8129999999807751 1.4599999999654756
0.8129999999807751 1.4599999999654756 0.6129999999855045
1.4599999999654756 0.6129999999855045 0.5839999999861902
0.6129999999855045 0.5839999999861902 0.4519999999893116
0.5839999999861902 0.4519999999893116 0.5949999999859301
0.4519999999893116 0.5949999999859301 0.7189999999829979
0.5949999999859301 0.7189999999829979 1.3389999999683369
0.7189999999829979 1.3389999999683369 0.5079999999879874
1.3389999999683369 0.5079999999879874 0.6689999999841802
0.5079999999879874 0.6689999999841802 1.3229999999687152
0.6689999999841802 1.3229999999687152 1.4579999999655229
1.3229999999687152 1.4579999999655229 0.8909999999789306
1.4579999999655229 0.8909999999789306 1.3269999999686206
0.8909999999789306 1.3269999999686206 1.6229999999616211
1.3269999999686206 1.6229999999616211 0.6419999999848187
1.6229999999616211 0.6419999999848187 1.426999999966256
0.6419999999848187 1.426999999966256 1.6929999999599659
1.426999999966256 1.6929999999599659 0.5359999999873253
1.6929999999599659 0.5359999999873253 1.4549999999655938
0.5359999999873253 1.4549999999655938 1.449999999965712
1.4549999999655938 1.449999999965712 1.4229999999663505
1.449999999965712 1.4229999999663505 0.6919999999836364
1.4229999999663505 0.6919999999836364 0.3609999999914635
0.6919999999836364 0.3609999999914635 1.5779999999626853
0.3609999999914635 1.5779999999626853 0.6899999999836837
1.5779999999626853 0.6899999999836837 0.6489999999846532
0.6899999999836837 0.6489999999846532 0.69099999998366
0.6489999999846532 0.69099999998366 0.806999999980917
0.69099999998366 0.806999999980917 0.7549999999821466
0.806999999980917 0.7549999999821466 1.4449999999658303
0.7549999999821466 1.4449999999658303 0.9759999999769207
1.4449999999658303 0.9759999999769207 0.687999999983731
0.9759999999769207 0.687999999983731 0.6469999999847005
0.687999999983731 0.6469999999847005 0.6699999999841566
0.6469999999847005 0.6699999999841566 0.7189999999829979
0.6699999999841566 0.7189999999829979 0.6009999999857882
0.7189999999829979 0.6009999999857882 1.0489999999751944
0.6009999999857882 1.0489999999751944 0.8819999999791435
1.0489999999751944 0.8819999999791435 0.6759999999840147
0.8819999999791435 0.6759999999840147 1.4789999999650263
0.6759999999840147 1.4789999999650263 1.0019999999763058
1.4789999999650263 1.0019999999763058 1.1939999999717656
1.0019999999763058 1.1939999999717656 1.4709999999652155
1.1939999999717656 1.4709999999652155 1.409999999966658
1.4709999999652155 1.409999999966658 0.4399999999895954
1.409999999966658 0.4399999999895954 0.653999999984535
0.4399999999895954 0.653999999984535 1.4319999999661377
0.653999999984535 1.4319999999661377 0.8029999999810116
1.4319999999661377 0.8029999999810116 1.4209999999663978
0.8029999999810116 1.4209999999663978 0.6319999999850552
1.4209999999663978 0.6319999999850552 1.1319999999732318
0.6319999999850552 1.1319999999732318 0.7159999999830688
1.1319999999732318 0.7159999999830688 0.792999999981248
0.7159999999830688 0.792999999981248 1.3899999999671309
0.792999999981248 1.3899999999671309 0.8999999999787178
1.3899999999671309 0.8999999999787178 1.3059999999691172
0.8999999999787178 1.3059999999691172 1.1369999999731135
1.3059999999691172 1.1369999999731135 0.6919999999836364
1.1369999999731135 0.6919999999836364 0.6179999999853862
0.6919999999836364 0.6179999999853862 0.6629999999843221
0.6179999999853862 0.6629999999843221 0.7279999999827851
