0.7129999999999934 0.716999999999921 0.8949999999999017
0.716999999999921 0.8949999999999017 0.8859999999999024
0.8949999999999017 0.8859999999999024 2.3120000000005776
0.8859999999999024 2.3120000000005776 0.6590000000002201
2.3120000000005776 0.6590000000002201 0.6210000000002074
0.6590000000002201 0.6210000000002074 0.6240000000002084
0.6210000000002074 0.6240000000002084 0.6289999999998477
0.6240000000002084 0.6289999999998477 0.6349999999996481
0.6289999999998477 0.6349999999996481 0.6419999999996442
0.6349999999996481 0.6419999999996442 0.6519999999996386
0.6419999999996442 0.6519999999996386 0.6669999999996303
0.6519999999996386 0.6669999999996303 0.6869999999996192
0.6669999999996303 0.6869999999996192 0.49899999999972344
0.6869999999996192 0.49899999999972344 1.3309999999992623
0.49899999999972344 1.3309999999992623 0.6439999999996431
1.3309999999992623 0.6439999999996431 0.6559999999996364
0.6439999999996431 0.6559999999996364 0.6749999999996259
0.6559999999996364 0.6749999999996259 0.7119999999999731
0.6749999999996259 0.7119999999999731 0.8580000000010486
0.7119999999999731 0.8580000000010486 0.6680000000008164
0.8580000000010486 0.6680000000008164 1.6630000000020324
0.6680000000008164 1.6630000000020324 0.7620000000009313
1.6630000000020324 0.7620000000009313 0.7710000000009423
0.7620000000009313 0.7710000000009423 0.9060000000011073
0.7710000000009423 0.9060000000011073 0.7810000000009545
0.9060000000011073 0.7810000000009545 1.5960000000019505
0.7810000000009545 1.5960000000019505 0.7280000000008897
1.5960000000019505 0.7280000000008897 1.8510000000022622
0.7280000000008897 1.8510000000022622 1.630000000001992
1.8510000000022622 1.630000000001992 0.6090000000007443
1.630000000001992 0.6090000000007443 1.6470000000020129
0.6090000000007443 1.6470000000020129 0.8520000000010413
1.6470000000020129 0.8520000000010413 1.3959999999984163
0.8520000000010413 1.3959999999984163 0.371999999999133
1.3959999999984163 0.371999999999133 1.832999999995728
0.371999999999133 1.832999999995728 0.4189999999990235
1.832999999995728 0.4189999999990235 1.4239999999966813
0.4189999999990235 1.4239999999966813 0.8039999999981262
1.4239999999966813 0.8039999999981262 1.4979999999965088
0.8039999999981262 1.4979999999965088 0.7939999999981495
1.4979999999965088 0.7939999999981495 1.5069999999964878
0.7939999999981495 1.5069999999964878 0.7849999999981705
1.5069999999964878 0.7849999999981705 1.5109999999964785
0.7849999999981705 1.5109999999964785 0.7819999999981775
1.5109999999964785 0.7819999999981775 1.4809999999965484
0.7819999999981775 1.4809999999965484 0.8249999999980773
1.4809999999965484 0.8249999999980773 0.8799999999979491
0.8249999999980773 0.8799999999979491 1.4099999999967139
0.8799999999979491 1.4099999999967139 0.9869999999976997
1.4099999999967139 0.9869999999976997 1.3089999999969493
0.9869999999976997 1.3089999999969493 1.4799999999965507
1.3089999999969493 1.4799999999965507 1.4089999999967162
1.4799999999965507 1.4089999999967162 0.7599999999982288
1.4089999999967162 0.7599999999982288 0.8729999999979654
0.7599999999982288 0.8729999999979654 0.7709999999982031
0.8729999999979654 0.7709999999982031 0.9209999999978535
0.7709999999982031 0.9209999999978535 1.2869999999970005
0.9209999999978535 1.2869999999970005 1.4939999999965181
1.2869999999970005 1.4939999999965181 0.9689999999977417
1.4939999999965181 0.9689999999977417 1.3259999999969097
0.9689999999977417 1.3259999999969097 1.4999999999988844
1.3259999999969097 1.4999999999988844 1.0490000000050088
1.4999999999988844 1.0490000000050088 1.563000000007463
1.0490000000050088 1.563000000007463 1.5850000000075681
1.563000000007463 1.5850000000075681 1.479000000007062
1.5850000000075681 1.479000000007062 1.452000000006933
1.479000000007062 1.452000000006933 0.706000000003371
1.452000000006933 0.706000000003371 0.8080000000038581
0.706000000003371 0.8080000000038581 0.7590000000036241
0.8080000000038581 0.7590000000036241 1.4320000000068376
0.7590000000036241 1.4320000000068376 0.6950000000033185
1.4320000000068376 0.6950000000033185 0.44700000000213436
0.6950000000033185 0.44700000000213436 1.3220000000063123
0.44700000000213436 1.3220000000063123 0.8010000000038247
1.3220000000063123 0.8010000000038247 0.8000000000038199
0.8010000000038247 0.8000000000038199 1.470000000007019
0.8000000000038199 1.470000000007019 0.6640000000031705
1.470000000007019 0.6640000000031705 0.6890000000032899
0.6640000000031705 0.6890000000032899 0.7510000000035859
0.6890000000032899 0.7510000000035859 0.8460000000040395
0.7510000000035859 0.8460000000040395 0.8510000000040634
0.8460000000040395 0.8510000000040634 0.9560000000045648
0.8510000000040634 0.9560000000045648 0.7400000000035334
0.9560000000045648 0.7400000000035334 0.6790000000032421
0.7400000000035334 0.6790000000032421 0.8160000000038963
0.6790000000032421 0.8160000000038963 1.412000000006742
0.8160000000038963 1.412000000006742 0.9430000000045027
1.412000000006742 0.9430000000045027 1.33200000000636
0.9430000000045027 1.33200000000636 1.6240000000077544
1.33200000000636 1.6240000000077544 0.7260000000034665
1.6240000000077544 0.7260000000034665 0.6890000000032899
0.7260000000034665 0.6890000000032899 0.7830000000037387
0.6890000000032899 0.7830000000037387 1.7330000000082748
0.7830000000037387 1.7330000000082748 0.6680000000031896
1.7330000000082748 0.6680000000031896 0.6330000000030225
0.6680000000031896 0.6330000000030225 0.6410000000030607
0.6330000000030225 0.6410000000030607 0.653000000003118
0.6410000000030607 0.653000000003118 0.6700000000031991
0.653000000003118 0.6700000000031991 0.7010000000033472
0.6700000000031991 0.7010000000033472 0.7840000000037435
0.7010000000033472 0.7840000000037435 0.8100000000038676
0.7840000000037435 0.8100000000038676 0.9100000000043451
0.8100000000038676 0.9100000000043451 1.3730000000065559
0.9100000000043451 1.3730000000065559 1.4760000000070477
1.3730000000065559 1.4760000000070477 0.6100000000029127
1.4760000000070477 0.6100000000029127 0.5880000000028076
0.6100000000029127 0.5880000000028076 0.5710000000027264
0.5880000000028076 0.5710000000027264 0.6010000000028697
0.5710000000027264 0.6010000000028697 0.653000000003118
0.6010000000028697 0.653000000003118 0.7250000000034618
0.653000000003118 0.7250000000034618 1.3820000000065988
0.7250000000034618 1.3820000000065988 0.7660000000036575
1.3820000000065988 0.7660000000036575 0.8380000000040013
0.7660000000036575 0.8380000000040013 0.8370000000039965
0.8380000000040013 0.8370000000039965 1.261000000006021
0.8370000000039965 1.261000000006021 0.47100000000224895
1.261000000006021 0.47100000000224895 1.3510000000064508
0.47100000000224895 1.3510000000064508 0.66600000000318
1.3510000000064508 0.66600000000318 0.6920000000033042
0.66600000000318 0.6920000000033042 0.7560000000036098
0.6920000000033042 0.7560000000036098 0.8770000000041875
0.7560000000036098 0.8770000000041875 0.773000000003691
0.8770000000041875 0.773000000003691 0.8380000000040013
0.773000000003691 0.8380000000040013 1.346000000006427
0.8380000000040013 1.346000000006427 1.0420000000049754
1.346000000006427 1.0420000000049754 1.2020000000057394
1.0420000000049754 1.2020000000057394 1.5450000000073771
1.2020000000057394 1.5450000000073771 0.9940000000047462
1.5450000000073771 0.9940000000047462 1.2760000000060927
0.9940000000047462 1.2760000000060927 1.5120000000072196
1.2760000000060927 1.5120000000072196 0.8860000000042305
1.5120000000072196 0.8860000000042305 1.4040000000067039
0.8860000000042305 1.4040000000067039 1.0030000000047892
1.4040000000067039 1.0030000000047892 1.292000000006169
1.0030000000047892 1.292000000006169 1.4640000000069904
1.292000000006169 1.4640000000069904 1.435000000006852
1.4640000000069904 1.435000000006852 0.9480000000045266
1.435000000006852 0.9480000000045266 0.7250000000034618
0.9480000000045266 0.7250000000034618 0.6870000000032803
0.7250000000034618 0.6870000000032803 0.7720000000036862
0.6870000000032803 0.7720000000036862 1.4870000000071002
0.7720000000036862 1.4870000000071002 0.6860000000032755
1.4870000000071002 0.6860000000032755 1.6090000000076827
0.6860000000032755 1.6090000000076827 0.7800000000037244
1.6090000000076827 0.7800000000037244 0.8940000000042687
0.7800000000037244 0.8940000000042687 1.2500000000059686
0.8940000000042687 1.2500000000059686 1.781000000008504
1.2500000000059686 1.781000000008504 0.6890000000032899
1.781000000008504 0.6890000000032899 0.6520000000031132
0.6890000000032899 0.6520000000031132 0.6700000000031991
0.6520000000031132 0.6700000000031991 0.7010000000033472
0.6700000000031991 0.7010000000033472 0.7850000000037483
0.7010000000033472 0.7850000000037483 0.8180000000039058
0.7850000000037483 0.8180000000039058 0.8940000000042687
0.8180000000039058 0.8940000000042687 1.3890000000066323
0.8940000000042687 1.3890000000066323 1.4690000000070143
1.3890000000066323 1.4690000000070143 0.6610000000031562
1.4690000000070143 0.6610000000031562 0.6820000000032564
0.6610000000031562 0.6820000000032564 0.7310000000034904
0.6820000000032564 0.7310000000034904 0.6010000000028697
0.7310000000034904 0.6010000000028697 1.1320000000054051
0.6010000000028697 1.1320000000054051 0.9570000000045695
1.1320000000054051 0.9570000000045695 0.7300000000034856
0.9570000000045695 0.7300000000034856 0.6770000000032326
0.7300000000034856 0.6770000000032326 0.7570000000036146
0.6770000000032326 0.7570000000036146 1.4330000000068424
0.7570000000036146 1.4330000000068424 0.786000000003753
1.4330000000068424 0.786000000003753 1.506000000007191
0.786000000003753 1.506000000007191 0.6090000000029079
1.506000000007191 0.6090000000029079 0.5830000000027837
0.6090000000029079 0.5830000000027837 0.5900000000028172
0.5830000000027837 0.5900000000028172 0.604000000002884
0.5900000000028172 0.604000000002884 0.6190000000029556
0.604000000002884 0.6190000000029556 0.635000000003032
0.6190000000029556 0.635000000003032 0.6540000000031228
0.635000000003032 0.6540000000031228 0.6830000000032612
0.6540000000031228 0.6830000000032612 0.7450000000035573
0.6830000000032612 0.7450000000035573 1.2490000000059638
0.7450000000035573 1.2490000000059638 0.533000000002545
1.2490000000059638 0.533000000002545 0.6430000000030702
0.533000000002545 0.6430000000030702 1.412000000006742
0.6430000000030702 1.412000000006742 0.8400000000040109
1.412000000006742 0.8400000000040109 0.8300000000039631
0.8400000000040109 0.8300000000039631 1.6980000000081077
0.8300000000039631 1.6980000000081077 0.6400000000030559
1.6980000000081077 0.6400000000030559 1.4190000000067755
0.6400000000030559 1.4190000000067755 1.8580000000088717
1.4190000000067755 1.8580000000088717 1.626000000007764
1.8580000000088717 1.626000000007764 0.6450000000030798
1.626000000007764 0.6450000000030798 1.5890000000075872
0.6450000000030798 1.5890000000075872 0.8820000000042114
1.5890000000075872 0.8820000000042114 1.4680000000070095
0.8820000000042114 1.4680000000070095 0.7810000000037292
1.4680000000070095 0.7810000000037292 0.835000000003987
0.7810000000037292 0.835000000003987 1.2810000000061166
0.835000000003987 1.2810000000061166 1.0330000000049324
1.2810000000061166 1.0330000000049324 0.8580000000040968
1.0330000000049324 0.8580000000040968 1.6130000000077018
0.8580000000040968 1.6130000000077018 0.7380000000035238
1.6130000000077018 0.7380000000035238 0.6250000000029843
0.7380000000035238 0.6250000000029843 0.6610000000031562
0.6250000000029843 0.6610000000031562 0.7160000000034188
0.6610000000031562 0.7160000000034188 1.3970000000066705
0.7160000000034188 1.3970000000066705 0.6310000000030129
1.3970000000066705 0.6310000000030129 0.62200000000297
0.6310000000030129 0.62200000000297 0.573000000002736
0.62200000000297 0.573000000002736 0.5680000000027121
0.573000000002736 0.5680000000027121 0.7100000000033901
0.5680000000027121 0.7100000000033901 1.4160000000067612
0.7100000000033901 1.4160000000067612 0.8510000000040634
1.4160000000067612 0.8510000000040634 0.7990000000038151
0.8510000000040634 0.7990000000038151 1.3750000000065654
0.7990000000038151 1.3750000000065654 0.7880000000037626
1.3750000000065654 0.7880000000037626 0.7750000000037005
0.7880000000037626 0.7750000000037005 1.2890000000061548
0.7750000000037005 1.2890000000061548 0.746000000003562
1.2890000000061548 0.746000000003562 0.5930000000028315
0.746000000003562 0.5930000000028315 0.6090000000029079
0.5930000000028315 0.6090000000029079 0.626000000002989
0.6090000000029079 0.626000000002989 0.6450000000030798
0.626000000002989 0.6450000000030798 0.6690000000031944
0.6450000000030798 0.6690000000031944 0.7120000000033997
0.6690000000031944 0.7120000000033997 0.8820000000042114
0.7120000000033997 0.8820000000042114 1.2780000000061023
0.8820000000042114 1.2780000000061023 1.6000000000076398
1.2780000000061023 1.6000000000076398 0.6860000000032755
1.6000000000076398 0.6860000000032755 1.630000000007783
0.6860000000032755 1.630000000007783 0.7650000000036528
1.630000000007783 0.7650000000036528 0.7940000000037912
0.7650000000036528 0.7940000000037912 1.5830000000075586
0.7940000000037912 1.5830000000075586 0.7330000000035
1.5830000000075586 0.7330000000035 0.6550000000031275
0.7330000000035 0.6550000000031275 0.6730000000032135
0.6550000000031275 0.6730000000032135 0.7080000000033806
0.6730000000032135 0.7080000000033806 0.813000000003882
0.7080000000033806 0.813000000003882 0.7650000000036528
0.813000000003882 0.7650000000036528 1.4490000000069188
0.7650000000036528 1.4490000000069188 0.7590000000036241
1.4490000000069188 0.7590000000036241 0.8180000000039058
0.7590000000036241 0.8180000000039058 0.9020000000043069
0.8180000000039058 0.9020000000043069 0.8950000000042735
0.9020000000043069 0.8950000000042735 0.8390000000040061
0.8950000000042735 0.8390000000040061 1.4980000000071527
0.8390000000040061 1.4980000000071527 1.3290000000063458
1.4980000000071527 1.3290000000063458 1.004000000004794
1.3290000000063458 1.004000000004794 0.7160000000034188
1.004000000004794 0.7160000000034188 0.6490000000030989
0.7160000000034188 0.6490000000030989 0.6800000000032469
0.6490000000030989 0.6800000000032469 0.7450000000035573
0.6800000000032469 0.7450000000035573 1.3380000000063887
0.7450000000035573 1.3380000000063887 0.7770000000037101
1.3380000000063887 0.7770000000037101 0.382000000001824
0.7770000000037101 0.382000000001824 1.8540000000088526
0.382000000001824 1.8540000000088526 0.44000000000210093
1.8540000000088526 0.44000000000210093 1.7980000000085852
0.44000000000210093 1.7980000000085852 0.5400000000025784
1.7980000000085852 0.5400000000025784 1.8710000000089337
0.5400000000025784 1.8710000000089337 1.3210000000063076
1.8710000000089337 1.3210000000063076 0.626000000002989
1.3210000000063076 0.626000000002989 0.604000000002884
0.626000000002989 0.604000000002884 0.6560000000031323
0.604000000002884 0.6560000000031323 0.7300000000034856
0.6560000000031323 0.7300000000034856 1.3869999999777747
0.7300000000034856 1.3869999999777747 0.8509999999798765
1.3869999999777747 0.8509999999798765 0.7149999999830925
0.8509999999798765 0.7149999999830925 1.81799999995701
0.7149999999830925 1.81799999995701 0.673999999984062
1.81799999995701 0.673999999984062 0.636999999984937
0.673999999984062 0.636999999984937 0.6479999999846768
0.636999999984937 0.6479999999846768 0.6639999999842985
0.6479999999846768 0.6639999999842985 0.6889999999837073
0.6639999999842985 0.6889999999837073 0.7469999999823358
0.6889999999837073 0.7469999999823358 0.9239999999781503
0.7469999999823358 0.9239999999781503 0.7309999999827141
0.9239999999781503 0.7309999999827141 0.7159999999830688
0.7309999999827141 0.7159999999830688 0.9269999999780794
0.7159999999830688 0.9269999999780794 1.2279999999709617
0.9269999999780794 1.2279999999709617 1.5389999999636075
1.2279999999709617 1.5389999999636075 0.908999999978505
1.5389999999636075 0.908999999978505 1.3739999999675092
0.908999999978505 1.3739999999675092 1.463999999965381
1.3739999999675092 1.463999999965381 0.6289999999851261
1.463999999965381 0.6289999999851261 0.6149999999854572
0.6289999999851261 0.6149999999854572 0.557999999986805
0.6149999999854572 0.557999999986805 0.5929999999859774
0.557999999986805 0.5929999999859774 0.7329999999826668
0.5929999999859774 0.7329999999826668 1.5069999999643642
0.7329999999826668 1.5069999999643642 0.7379999999825486
1.5069999999643642 0.7379999999825486 1.5419999999635365
0.7379999999825486 1.5419999999635365 0.7799999999815554
1.5419999999635365 0.7799999999815554 1.3969999999669653
0.7799999999815554 1.3969999999669653 0.670999999984133
1.3969999999669653 0.670999999984133 0.7039999999833526
0.670999999984133 0.7039999999833526 0.8259999999804677
0.7039999999833526 0.8259999999804677 0.34899999999174725
0.8259999999804677 0.34899999999174725 2.126999999949703
0.34899999999174725 2.126999999949703 0.7159999999830688
2.126999999949703 0.7159999999830688 0.6649999999842748
0.7159999999830688 0.6649999999842748 0.6919999999836364
0.6649999999842748 0.6919999999836364 0.7529999999821939
0.6919999999836364 0.7529999999821939 0.8929999999788834
0.7529999999821939 0.8929999999788834 0.7519999999822176
0.8929999999788834 0.7519999999822176 0.77599999998165
0.7519999999822176 0.77599999998165 1.500999999964506
0.77599999998165 1.500999999964506 0.6479999999846768
1.500999999964506 0.6479999999846768 1.5639999999630163
0.6479999999846768 1.5639999999630163 0.9499999999775355
1.5639999999630163 0.9499999999775355 1.3129999999689517
0.9499999999775355 1.3129999999689517 1.5499999999633474
1.3129999999689517 1.5499999999633474 0.7459999999823594
1.5499999999633474 0.7459999999823594 1.4899999999647662
0.7459999999823594 1.4899999999647662 0.8729999999793563
1.4899999999647662 0.8729999999793563 0.7909999999812953
0.8729999999793563 0.7909999999812953 0.8739999999793326
0.7909999999812953 0.8739999999793326 0.939999999977772
0.8739999999793326 0.939999999977772 1.7629999999583106
0.939999999977772 1.7629999999583106 0.43599999998968997
1.7629999999583106 0.43599999998968997 1.333999999968455
0.43599999998968997 1.333999999968455 1.0059999999762113
1.333999999968455 1.0059999999762113 0.7119999999831634
1.0059999999762113 0.7119999999831634 0.6499999999846295
0.7119999999831634 0.6499999999846295 0.6789999999839438
0.6499999999846295 0.6789999999839438 0.7379999999825486
0.6789999999839438 0.7379999999825486 1.3059999999691172
0.7379999999825486 1.3059999999691172 0.6339999999850079
1.3059999999691172 0.6339999999850079 0.49799999998822386
0.6339999999850079 0.49799999998822386 0.9209999999782212
0.49799999998822386 0.9209999999782212 1.452999999965641
0.9209999999782212 1.452999999965641 1.7729999999580741
1.452999999965641 1.7729999999580741 1.511999999964246
1.7729999999580741 1.511999999964246 0.8039999999809879
1.511999999964246 0.8039999999809879 0.9339999999779138
0.8039999999809879 0.9339999999779138 1.3389999999683369
0.9339999999779138 1.3389999999683369 1.4119999999666106
1.3389999999683369 1.4119999999666106 0.6129999999855045
1.4119999999666106 0.6129999999855045 0.540999999987207
0.6129999999855045 0.540999999987207 0.636999999984937
0.540999999987207 0.636999999984937 0.9889999999766133
0.636999999984937 0.9889999999766133 1.3229999999687152
0.9889999999766133 1.3229999999687152 1.8299999999567262
1.3229999999687152 1.8299999999567262 1.6019999999621177
1.8299999999567262 1.6019999999621177 0.7719999999817446
1.6019999999621177 0.7719999999817446 0.843999999980042
0.7719999999817446 0.843999999980042 1.3439999999682186
0.843999999980042 1.3439999999682186 1.4029999999668235
1.3439999999682186 1.4029999999668235 0.6049999999856936
1.4029999999668235 0.6049999999856936 0.5819999999862375
0.6049999999856936 0.5819999999862375 0.6079999999856227
0.5819999999862375 0.6079999999856227 0.6409999999848424
0.6079999999856227 0.6409999999848424 0.6809999999838965
0.6409999999848424 0.6809999999838965 0.7669999999818629
0.6809999999838965 0.7669999999818629 1.4819999999649554
0.7669999999818629 1.4819999999649554 0.7159999999830688
1.4819999999649554 0.7159999999830688 1.749999999958618
0.7159999999830688 1.749999999958618 0.6899999999836837
1.749999999958618 0.6899999999836837 0.6529999999845586
0.6899999999836837 0.6529999999845586 0.6729999999840857
0.6529999999845586 0.6729999999840857 0.7089999999832344
0.6729999999840857 0.7089999999832344 0.8219999999805623
0.7089999999832344 0.8219999999805623 0.7819999999815082
0.8219999999805623 0.7819999999815082 1.4589999999654992
0.7819999999815082 1.4589999999654992 0.9989999999763768
1.4589999999654992 0.9989999999763768 0.7019999999833999
0.9989999999763768 0.7019999999833999 0.6589999999844167
0.7019999999833999 0.6589999999844167 0.687999999983731
0.6589999999844167 0.687999999983731 0.7519999999822176
0.687999999983731 0.7519999999822176 0.9359999999778665
0.7519999999822176 0.9359999999778665 0.7469999999823358
0.9359999999778665 0.7469999999823358 0.789999999981319
0.7469999999823358 0.789999999981319 1.4229999999663505
0.789999999981319 1.4229999999663505 0.9959999999764477
1.4229999999663505 0.9959999999764477 1.3429999999682423
0.9959999999764477 1.3429999999682423 1.9319999999543143
1.3429999999682423 1.9319999999543143 1.0889999999742486
1.9319999999543143 1.0889999999742486 1.1679999999723805
1.0889999999742486 1.1679999999723805 1.4849999999648844
1.1679999999723805 1.4849999999648844 1.7939999999575775
1.4849999999648844 1.7939999999575775 0.6799999999839201
1.7939999999575775 0.6799999999839201 0.6339999999850079
0.6799999999839201 0.6339999999850079 0.6449999999847478
0.6339999999850079 0.6449999999847478 0.6599999999843931
0.6449999999847478 0.6599999999843931 0.6839999999838255
0.6599999999843931 0.6839999999838255 0.7339999999826432
0.6839999999838255 0.7339999999826432 1.0319999999755964
0.7339999999826432 1.0319999999755964 0.7019999999833999
1.0319999999755964 0.7019999999833999 0.6429999999847951
0.7019999999833999 0.6429999999847951 0.6639999999842985
0.6429999999847951 0.6639999999842985 0.6979999999834945
0.6639999999842985 0.6979999999834945 0.7869999999813899
0.6979999999834945 0.7869999999813899 1.452999999965641
0.7869999999813899 1.452999999965641 0.39999999999054126
1.452999999965641 0.39999999999054126 1.7549999999584998
0.39999999999054126 1.7549999999584998 1.4909999999647425
1.7549999999584998 1.4909999999647425 1.4909999999647425
1.4909999999647425 1.4909999999647425 0.8499999999799002
1.4909999999647425 0.8499999999799002 0.8049999999809643
0.8499999999799002 0.8049999999809643 1.3159999999688807
0.8049999999809643 1.3159999999688807 0.656999999984464
1.3159999999688807 0.656999999984464 0.4779999999886968
0.656999999984464 0.4779999999886968 1.3919999999670836
0.4779999999886968 1.3919999999670836 0.6469999999847005
1.3919999999670836 0.6469999999847005 0.6599999999843931
0.6469999999847005 0.6599999999843931 0.6829999999838492
0.6599999999843931 0.6829999999838492 0.7309999999827141
0.6829999999838492 0.7309999999827141 1.0029999999762822
0.7309999999827141 1.0029999999762822 0.7089999999832344
1.0029999999762822 0.7089999999832344 0.6669999999842275
0.7089999999832344 0.6669999999842275 0.6959999999835418
0.6669999999842275 0.6959999999835418 0.7659999999818865
0.6959999999835418 0.7659999999818865 0.8549999999797819
0.7659999999818865 0.8549999999797819 0.7939999999812244
0.8549999999797819 0.7939999999812244 1.3749999999674856
0.7939999999812244 1.3749999999674856 0.738999999982525
1.3749999999674856 0.738999999982525 0.922999999978174
0.738999999982525 0.922999999978174 0.755999999982123
0.922999999978174 0.755999999982123 0.7279999999827851
0.755999999982123 0.7279999999827851 1.1349999999731608
0.7279999999827851 1.1349999999731608 0.6949999999835654
1.1349999999731608 0.6949999999835654 1.7259999999591855
0.6949999999835654 1.7259999999591855 1.4699999999652391
1.7259999999591855 1.4699999999652391 1.4589999999654992
1.4699999999652391 1.4589999999654992 1.4559999999655702
1.4589999999654992 1.4559999999655702 0.9319999999779611
1.4559999999655702 0.9319999999779611 0.7279999999827851
0.9319999999779611 0.7279999999827851 0.7039999999833526
0.7279999999827851 0.7039999999833526 0.840999999980113
0.7039999999833526 0.840999999980113 1.361999999967793
0.840999999980113 1.361999999967793 1.4449999999658303
1.361999999967793 1.4449999999658303 0.6079999999856227
1.4449999999658303 0.6079999999856227 0.5759999999863794
0.6079999999856227 0.5759999999863794 0.5769999999863558
0.5759999999863794 0.5769999999863558 0.6359999999849606
0.5769999999863558 0.6359999999849606 0.7099999999832107
0.6359999999849606 0.7099999999832107 1.3879999999671782
0.7099999999832107 1.3879999999671782 0.6959999999835418
1.3879999999671782 0.6959999999835418 0.772999999981721
0.6959999999835418 0.772999999981721 0.8059999999809406
0.772999999981721 0.8059999999809406 0.9299999999780084
0.8059999999809406 0.9299999999780084 1.3709999999675802
0.9299999999780084 1.3709999999675802 0.8999999999787178
1.3709999999675802 0.8999999999787178 1.1759999999721913
0.8999999999787178 1.1759999999721913 0.6279999999851498
1.1759999999721913 0.6279999999851498 1.7829999999578376
0.6279999999851498 1.7829999999578376 1.6469999999610536
1.7829999999578376 1.6469999999610536 0.7649999999819102
1.6469999999610536 0.7649999999819102 0.7839999999814609
0.7649999999819102 0.7839999999814609 1.231999999970867
0.7839999999814609 1.231999999970867 0.5289999999874908
1.231999999970867 0.5289999999874908 1.8699999999557804
0.5289999999874908 1.8699999999557804 1.3369999999683841
1.8699999999557804 1.3369999999683841 0.60599999998567
1.3369999999683841 0.60599999998567 0.6029999999857409
0.60599999998567 0.6029999999857409 0.6659999999842512
0.6029999999857409 0.6659999999842512 0.7699999999817919
0.6659999999842512 0.7699999999817919 1.6529999999609117
0.7699999999817919 1.6529999999609117 0.6929999999836127
1.6529999999609117 0.6929999999836127 0.6479999999846768
0.6929999999836127 0.6479999999846768 0.6679999999842039
0.6479999999846768 0.6679999999842039 0.7019999999833999
0.6679999999842039 0.7019999999833999 0.7949999999812007
0.7019999999833999 0.7949999999812007 0.8389999999801603
0.7949999999812007 0.8389999999801603 1.5049999999644115
0.8389999999801603 1.5049999999644115 0.6389999999848897
1.5049999999644115 0.6389999999848897 0.6479999999846768
0.6389999999848897 0.6479999999846768 0.6609999999843694
0.6479999999846768 0.6609999999843694 0.6839999999838255
0.6609999999843694 0.6839999999838255 0.7369999999825723
0.6839999999838255 0.7369999999825723 0.8649999999795455
0.7369999999825723 0.8649999999795455 0.8379999999801839
0.8649999999795455 0.8379999999801839 0.8729999999793563
0.8379999999801839 0.8729999999793563 0.7699999999817919
0.8729999999793563 0.7699999999817919 1.5379999999636311
0.7699999999817919 1.5379999999636311 0.7699999999817919
1.5379999999636311 0.7699999999817919 1.3839999999672727
0.7699999999817919 1.3839999999672727 0.6989999999834708
1.3839999999672727 0.6989999999834708 0.77599999998165
0.6989999999834708 0.77599999998165 0.8229999999805386
0.77599999998165 0.8229999999805386 0.86099999997964
0.8229999999805386 0.86099999997964 1.6579999999607935
0.86099999997964 1.6579999999607935 0.6859999999837783
1.6579999999607935 0.6859999999837783 0.6469999999847005
0.6859999999837783 0.6469999999847005 0.6619999999843458
0.6469999999847005 0.6619999999843458 0.6859999999837783
0.6619999999843458 0.6859999999837783 0.7369999999825723
0.6859999999837783 0.7369999999825723 1.0029999999762822
0.7369999999825723 1.0029999999762822 0.6989999999834708
1.0029999999762822 0.6989999999834708 0.6589999999844167
0.6989999999834708 0.6589999999844167 0.6859999999837783
0.6589999999844167 0.6859999999837783 0.7429999999824304
0.6859999999837783 0.7429999999824304 0.9479999999775828
0.7429999999824304 0.9479999999775828 0.7409999999824777
0.9479999999775828 0.7409999999824777 0.6889999999837073
0.7409999999824777 0.6889999999837073 0.9109999999784577
0.6889999999837073 0.9109999999784577 1.3119999999689753
0.9109999999784577 1.3119999999689753 1.4899999999647662
1.3119999999689753 1.4899999999647662 0.9919999999765423
1.4899999999647662 0.9919999999765423 1.3719999999675565
0.9919999999765423 1.3719999999675565 1.8979999999551183
1.3719999999675565 1.8979999999551183 1.4109999999666343
1.8979999999551183 1.4109999999666343 0.5999999999858119
1.4109999999666343 0.5999999999858119 0.5599999999867578
0.5999999999858119 0.5599999999867578 0.6139999999854808
0.5599999999867578 0.6139999999854808 0.7029999999833763
0.6139999999854808 0.7029999999833763 1.3869999999672018
0.7029999999833763 1.3869999999672018 0.7089999999832344
1.3869999999672018 0.7089999999832344 0.826999999980444
0.7089999999832344 0.826999999980444 0.7339999999826432
0.826999999980444 0.7339999999826432 1.5089999999643169
0.7339999999826432 1.5089999999643169 0.8169999999806805
1.5089999999643169 0.8169999999806805 0.8989999999787415
0.8169999999806805 0.8989999999787415 1.5449999999634656
0.8989999999787415 1.5449999999634656 0.7489999999822885
1.5449999999634656 0.7489999999822885 0.6679999999842039
0.7489999999822885 0.6679999999842039 0.6979999999834945
0.6679999999842039 0.6979999999834945 0.7719999999817446
0.6979999999834945 0.7719999999817446 0.8369999999802076
0.7719999999817446 0.8369999999802076 0.8249999999804913
0.8369999999802076 0.8249999999804913 1.4169999999664924
0.8249999999804913 1.4169999999664924 0.7989999999811062
1.4169999999664924 0.7989999999811062 0.9639999999772044
0.7989999999811062 0.9639999999772044 1.2949999999693773
0.9639999999772044 1.2949999999693773 1.5079999999643405
1.2949999999693773 1.5079999999643405 0.8189999999806332
1.5079999999643405 0.8189999999806332 0.8929999999788834
0.8189999999806332 0.8929999999788834 1.6519999999609354
0.8929999999788834 1.6519999999609354 0.7279999999827851
1.6519999999609354 0.7279999999827851 0.6329999999850315
0.7279999999827851 0.6329999999850315 0.639999999984866
0.6329999999850315 0.639999999984866 0.6509999999846059
0.639999999984866 0.6509999999846059 0.6659999999842512
0.6509999999846059 0.6659999999842512 0.6939999999835891
0.6659999999842512 0.6939999999835891 0.767999999981896
0.6939999999835891 0.767999999981896 0.7909999999812953
0.767999999981896 0.7909999999812953 0.9809999999768024
0.7909999999812953 0.9809999999768024 1.2789999999697557
0.9809999999768024 1.2789999999697557 1.2419999999706306
1.2789999999697557 1.2419999999706306 0.741999999982454
1.2419999999706306 0.741999999982454 0.6079999999856227
0.741999999982454 0.6079999999856227 0.6349999999849842
0.6079999999856227 0.6349999999849842 0.6669999999842275
0.6349999999849842 0.6669999999842275 0.7189999999829979
0.6669999999842275 0.7189999999829979 1.3799999999673673
0.7189999999829979 1.3799999999673673 0.6129999999855045
1.3799999999673673 0.6129999999855045 0.5869999999861193
0.6129999999855045 0.5869999999861193 0.5659999999866159
0.5869999999861193 0.5659999999866159 0.6169999999854099
0.5659999999866159 0.6169999999854099 0.687999999983731
0.6169999999854099 0.687999999983731 0.9479999999775828
0.687999999983731 0.9479999999775828 1.29699999996933
0.9479999999775828 1.29699999996933 1.4799999999650026
1.29699999996933 1.4799999999650026 1.4929999999646952
1.4799999999650026 1.4929999999646952 0.8109999999808224
1.4929999999646952 0.8109999999808224 1.8339999999566317
0.8109999999808224 1.8339999999566317 0.46199999998907515
1.8339999999566317 0.46199999998907515 1.4029999999668235
0.46199999998907515 1.4029999999668235 0.8259999999804677
1.4029999999668235 0.8259999999804677 1.0359999999755019
0.8259999999804677 1.0359999999755019 1.3379999999683605
1.0359999999755019 1.3379999999683605 1.8439999999563952
1.3379999999683605 1.8439999999563952 2.0849999999506963
1.8439999999563952 2.0849999999506963 0.23199999999451393
2.0849999999506963 0.23199999999451393 1.704999999959682
0.23199999999451393 1.704999999959682 1.4699999999652391
1.704999999959682 1.4699999999652391 1.6829999999602023
1.4699999999652391 1.6829999999602023 1.4179999999664687
1.6829999999602023 1.4179999999664687 1.8789999999555675
1.4179999999664687 1.8789999999555675 1.4519999999656648
1.8789999999555675 1.4519999999656648 0.588999999986072
1.4519999999656648 0.588999999986072 0.6749999999840384
0.588999999986072 0.6749999999840384 1.797999999957483
0.6749999999840384 1.797999999957483 1.6839999999601787
1.797999999957483 1.6839999999601787 0.33199999999214924
1.6839999999601787 0.33199999999214924 1.8109999999571755
0.33199999999214924 1.8109999999571755 1.5109999999642696
1.8109999999571755 1.5109999999642696 0.806999999980917
1.5109999999642696 0.806999999980917 0.922999999978174
0.806999999980917 0.922999999978174 1.358999999967864
0.922999999978174 1.358999999967864 1.1839999999720021
1.358999999967864 1.1839999999720021 1.1429999999729716
1.1839999999720021 1.1429999999729716 1.432999999966114
1.1429999999729716 1.432999999966114 1.4599999999654756
1.432999999966114 1.4599999999654756 1.9219999999545507
1.4599999999654756 1.9219999999545507 0.38699999999084866
1.9219999999545507 0.38699999999084866 1.783999999957814
0.38699999999084866 1.783999999957814 0.486999999988484
1.783999999957814 0.486999999988484 1.678999999960297
0.486999999988484 1.678999999960297 0.7149999999830925
1.678999999960297 0.7149999999830925 0.622999999985268
0.7149999999830925 0.622999999985268 0.639999999984866
0.622999999985268 0.639999999984866 0.6609999999843694
0.639999999984866 0.6609999999843694 0.6939999999835891
0.6609999999843694 0.6939999999835891 0.77599999998165
0.6939999999835891 0.77599999998165 1.3899999999671309
0.77599999998165 1.3899999999671309 0.3579999999915344
1.3899999999671309 0.3579999999915344 2.1229999999497977
0.3579999999915344 2.1229999999497977 0.3329999999921256
2.1229999999497977 0.3329999999921256 1.735999999958949
0.3329999999921256 1.735999999958949 1.4479999999657593
1.735999999958949 1.4479999999657593 1.5079999999643405
1.4479999999657593 1.5079999999643405 0.8539999999798056
1.5079999999643405 0.8539999999798056 1.4659999999653337
0.8539999999798056 1.4659999999653337 0.7919999999812717
1.4659999999653337 0.7919999999812717 1.3809999999673437
0.7919999999812717 1.3809999999673437 0.7599999999820284
1.3809999999673437 0.7599999999820284 0.8519999999798529
0.7599999999820284 0.8519999999798529 0.8159999999807042
0.8519999999798529 0.8159999999807042 1.0269999999757147
0.8159999999807042 1.0269999999757147 0.721999999982927
1.0269999999757147 0.721999999982927 0.636999999984937
0.721999999982927 0.636999999984937 0.7369999999825723
0.636999999984937 0.7369999999825723 1.435999999966043
0.7369999999825723 1.435999999966043 0.8059999999809406
1.435999999966043 0.8059999999809406 0.9519999999774882
0.8059999999809406 0.9519999999774882 1.3189999999688098
0.9519999999774882 1.3189999999688098 1.6469999999610536
1.3189999999688098 1.6469999999610536 0.7179999999830216
1.6469999999610536 0.7179999999830216 0.6829999999838492
0.7179999999830216 0.6829999999838492 0.7459999999823594
0.6829999999838492 0.7459999999823594 1.3099999999690226
0.7459999999823594 1.3099999999690226 0.6719999999841093
1.3099999999690226 0.6719999999841093 0.4839999999885549
0.6719999999841093 0.4839999999885549 1.517999999964104
0.4839999999885549 1.517999999964104 0.7489999999822885
1.517999999964104 0.7489999999822885 0.7379999999825486
0.7489999999822885 0.7379999999825486 1.4599999999654756
0.7379999999825486 1.4599999999654756 0.7719999999817446
1.4599999999654756 0.7719999999817446 1.4599999999654756
0.7719999999817446 1.4599999999654756 0.9019999999786705
1.4599999999654756 0.9019999999786705 0.6839999999838255
0.9019999999786705 0.6839999999838255 1.5039999999644351
0.6839999999838255 1.5039999999644351 1.5409999999635602
1.5039999999644351 1.5409999999635602 0.6139999999854808
1.5409999999635602 0.6139999999854808 0.60599999998567
0.6139999999854808 0.60599999998567 0.5929999999859774
0.60599999998567 0.5929999999859774 0.5739999999864267
0.5929999999859774 0.5739999999864267 0.588999999986072
0.5739999999864267 0.588999999986072 0.6319999999850552
0.588999999986072 0.6319999999850552 0.6829999999838492
0.6319999999850552 0.6829999999838492 0.8029999999810116
0.6829999999838492 0.8029999999810116 1.452999999965641
0.8029999999810116 1.452999999965641 0.8049999999809643
1.452999999965641 0.8049999999809643 1.3689999999676274
0.8049999999809643 1.3689999999676274 0.8179999999806569
1.3689999999676274 0.8179999999806569 0.6959999999835418
0.8179999999806569 0.6959999999835418 1.5379999999636311
0.6959999999835418 1.5379999999636311 0.704999999983329
1.5379999999636311 0.704999999983329 1.112999999973681
0.704999999983329 1.112999999973681 0.8519999999798529
1.112999999973681 0.8519999999798529 1.8099999999571992
0.8519999999798529 1.8099999999571992 0.46399999998902786
1.8099999999571992 0.46399999998902786 1.3369999999683841
0.46399999998902786 1.3369999999683841 0.7319999999826905
1.3369999999683841 0.7319999999826905 1.1549999999726879
0.7319999999826905 1.1549999999726879 0.673999999984062
1.1549999999726879 0.673999999984062 0.622999999985268
0.673999999984062 0.622999999985268 0.6309999999850788
0.622999999985268 0.6309999999850788 0.639999999984866
0.6309999999850788 0.639999999984866 0.6519999999845822
0.639999999984866 0.6519999999845822 0.6699999999841566
0.6519999999845822 0.6699999999841566 0.7019999999833999
0.6699999999841566 0.7019999999833999 0.789999999981319
0.7019999999833999 0.789999999981319 0.8089999999808697
0.789999999981319 0.8089999999808697 0.9499999999775355
0.8089999999808697 0.9499999999775355 1.324999999968668
0.9499999999775355 1.324999999968668 1.5989999999621887
1.324999999968668 1.5989999999621887 0.7379999999825486
1.5989999999621887 0.7379999999825486 0.721999999982927
0.7379999999825486 0.721999999982927 1.3709999999675802
0.721999999982927 1.3709999999675802 0.6509999999846059
1.3709999999675802 0.6509999999846059 0.6459999999847241
0.6509999999846059 0.6459999999847241 0.5109999999879165
0.6459999999847241 0.5109999999879165 0.6899999999836837
0.5109999999879165 0.6899999999836837 1.5189999999640804
0.6899999999836837 1.5189999999640804 0.7479999999823121
1.5189999999640804 0.7479999999823121 0.741999999982454
0.7479999999823121 0.741999999982454 1.4239999999663269
0.741999999982454 1.4239999999663269 0.8299999999803731
1.4239999999663269 0.8299999999803731 0.840999999980113
0.8299999999803731 0.840999999980113 1.500999999964506
0.840999999980113 1.500999999964506 0.6779999999839674
1.500999999964506 0.6779999999839674 1.56299999996304
0.6779999999839674 1.56299999996304 0.8469999999799711
1.56299999996304 0.8469999999799711 1.511999999964246
0.8469999999799711 1.511999999964246 0.6359999999849606
1.511999999964246 0.6359999999849606 1.5479999999633947
0.6359999999849606 1.5479999999633947 1.4479999999657593
1.5479999999633947 1.4479999999657593 0.639999999984866
1.4479999999657593 0.639999999984866 0.622999999985268
0.639999999984866 0.622999999985268 0.5249999999875854
0.622999999985268 0.5249999999875854 0.6649999999842748
0.5249999999875854 0.6649999999842748 1.3939999999670363
0.6649999999842748 1.3939999999670363 0.9499999999775355
1.3939999999670363 0.9499999999775355 0.7199999999829743
0.9499999999775355 0.7199999999829743 0.6859999999837783
0.7199999999829743 0.6859999999837783 0.7579999999820757
0.6859999999837783 0.7579999999820757 1.3519999999680294
0.7579999999820757 1.3519999999680294 0.8649999999795455
1.3519999999680294 0.8649999999795455 0.840999999980113
0.8649999999795455 0.840999999980113 0.8559999999797583
0.840999999980113 0.8559999999797583 0.77599999998165
0.8559999999797583 0.77599999998165 1.6329999999613847
0.77599999998165 1.6329999999613847 0.7269999999828087
1.6329999999613847 0.7269999999828087 0.6609999999843694
0.7269999999828087 0.6609999999843694 0.7149999999830925
0.6609999999843694 0.7149999999830925 1.4319999999661377
0.7149999999830925 1.4319999999661377 0.6099999999855754
1.4319999999661377 0.6099999999855754 0.5949999999859301
0.6099999999855754 0.5949999999859301 0.5769999999863558
0.5949999999859301 0.5769999999863558 0.5829999999862139
0.5769999999863558 0.5829999999862139 0.622999999985268
0.5829999999862139 0.622999999985268 0.6689999999841802
0.622999999985268 0.6689999999841802 0.7479999999823121
0.6689999999841802 0.7479999999823121 1.415999999966516
0.7479999999823121 1.415999999966516 0.8399999999801366
1.415999999966516 0.8399999999801366 0.823999999980515
0.8399999999801366 0.823999999980515 1.3319999999685024
0.823999999980515 1.3319999999685024 1.0779999999745087
1.3319999999685024 1.0779999999745087 0.7399999999825013
1.0779999999745087 0.7399999999825013 0.636999999984937
0.7399999999825013 0.636999999984937 0.6459999999847241
0.636999999984937 0.6459999999847241 0.6589999999844167
0.6459999999847241 0.6589999999844167 0.6799999999839201
0.6589999999844167 0.6799999999839201 0.7239999999828797
0.6799999999839201 0.7239999999828797 1.2199999999711508
0.7239999999828797 1.2199999999711508 0.24699999999415923
1.2199999999711508 0.24699999999415923 1.7059999999596585
0.24699999999415923 1.7059999999596585 1.4199999999664215
1.7059999999596585 1.4199999999664215 1.7799999999579086
1.4199999999664215 1.7799999999579086 1.4869999999648371
1.7799999999579086 1.4869999999648371 1.5399999999635838
1.4869999999648371 1.5399999999635838 0.7569999999820993
1.5399999999635838 0.7569999999820993 1.4789999999650263
0.7569999999820993 1.4789999999650263 0.9169999999783158
1.4789999999650263 0.9169999999783158 0.741999999982454
0.9169999999783158 0.741999999982454 0.7299999999827378
0.741999999982454 0.7299999999827378 1.0779999999745087
0.7299999999827378 1.0779999999745087 0.7289999999827614
1.0779999999745087 0.7289999999827614 0.6169999999854099
0.7289999999827614 0.6169999999854099 0.636999999984937
0.6169999999854099 0.636999999984937 0.6619999999843458
0.636999999984937 0.6619999999843458 0.7009999999834235
0.6619999999843458 0.7009999999834235 0.8209999999805859
0.7009999999834235 0.8209999999805859 1.4069999999667289
0.8209999999805859 1.4069999999667289 0.8619999999796164
1.4069999999667289 0.8619999999796164 1.4429999999658776
0.8619999999796164 1.4429999999658776 0.3309999999921729
1.4429999999658776 0.3309999999921729 1.916999999954669
0.3309999999921729 1.916999999954669 0.9649999999771808
1.916999999954669 0.9649999999771808 1.2949999999693773
0.9649999999771808 1.2949999999693773 1.4849999999648844
1.2949999999693773 1.4849999999648844 0.8959999999788124
1.4849999999648844 0.8959999999788124 0.7909999999812953
0.8959999999788124 0.7909999999812953 0.7739999999816973
0.7909999999812953 0.7739999999816973 0.8529999999798292
0.7739999999816973 0.8529999999798292 0.8189999999806332
0.8529999999798292 0.8189999999806332 1.599999999962165
0.8189999999806332 1.599999999962165 0.6949999999835654
1.599999999962165 0.6949999999835654 1.443999999965854
0.6949999999835654 1.443999999965854 1.7579999999584288
1.443999999965854 1.7579999999584288 0.5429999999871598
1.7579999999584288 0.5429999999871598 1.3869999999672018
0.5429999999871598 1.3869999999672018 0.8899999999789543
1.3869999999672018 0.8899999999789543 0.7579999999820757
0.8899999999789543 0.7579999999820757 0.8049999999809643
0.7579999999820757 0.8049999999809643 1.4459999999658066
0.8049999999809643 1.4459999999658066 0.8159999999807042
1.4459999999658066 0.8159999999807042 1.395999999966989
0.8159999999807042 1.395999999966989 0.8859999999790489
1.395999999966989 0.8859999999790489 0.7749999999816737
0.8859999999790489 0.7749999999816737 0.8029999999810116
0.7749999999816737 0.8029999999810116 0.8769999999792617
0.8029999999810116 0.8769999999792617 1.3809999999673437
0.8769999999792617 1.3809999999673437 0.7109999999831871
1.3809999999673437 0.7109999999831871 0.8279999999804204
0.7109999999831871 0.8279999999804204 0.7639999999819338
0.8279999999804204 0.7639999999819338 1.4849999999648844
0.7639999999819338 1.4849999999648844 0.8589999999796873
1.4849999999648844 0.8589999999796873 0.7889999999813426
0.8589999999796873 0.7889999999813426 1.3459999999681713
0.7889999999813426 1.3459999999681713 0.6189999999853626
1.3459999999681713 0.6189999999853626 0.571999999986474
0.6189999999853626 0.571999999986474 0.571999999986474
0.571999999986474 0.571999999986474 0.6849999999838019
0.571999999986474 0.6849999999838019 1.3899999999671309
0.6849999999838019 1.3899999999671309 0.6919999999836364
1.3899999999671309 0.6919999999836364 0.7569999999820993
0.6919999999836364 0.7569999999820993 0.8669999999794982
0.7569999999820993 0.8669999999794982 0.7919999999812717
0.8669999999794982 0.7919999999812717 0.9449999999776537
0.7919999999812717 0.9449999999776537 1.1489999999728298
0.9449999999776537 1.1489999999728298 1.5639999999630163
1.1489999999728298 1.5639999999630163 1.4399999999659485
1.5639999999630163 1.4399999999659485 0.6559999999844877
1.4399999999659485 0.6559999999844877 0.6409999999848424
0.6559999999844877 0.6409999999848424 0.48999999998841304
0.6409999999848424 0.48999999998841304 1.463999999965381
0.48999999998841304 1.463999999965381 0.6269999999851734
1.463999999965381 0.6269999999851734 0.6319999999850552
0.6269999999851734 0.6319999999850552 0.6379999999849133
0.6319999999850552 0.6379999999849133 0.6459999999847241
0.6379999999849133 0.6459999999847241 0.6549999999845113
0.6459999999847241 0.6549999999845113 0.656999999984464
0.6549999999845113 0.656999999984464 0.5019999999881293
0.656999999984464 0.5019999999881293 0.7279999999827851
0.5019999999881293 0.7279999999827851 1.443999999965854
0.7279999999827851 1.443999999965854 1.401999999966847
1.443999999965854 1.401999999966847 0.704999999983329
1.401999999966847 0.704999999983329 0.7969999999811535
0.704999999983329 0.7969999999811535 0.7959999999811771
0.7969999999811535 0.7959999999811771 1.5409999999635602
0.7959999999811771 1.5409999999635602 0.6149999999854572
1.5409999999635602 0.6149999999854572 0.6079999999856227
0.6149999999854572 0.6079999999856227 0.5949999999859301
0.6079999999856227 0.5949999999859301 0.5739999999864267
0.5949999999859301 0.5739999999864267 0.5859999999861429
0.5739999999864267 0.5859999999861429 0.6319999999850552
0.5859999999861429 0.6319999999850552 0.6849999999838019
0.6319999999850552 0.6849999999838019 0.8199999999806096
0.6849999999838019 0.8199999999806096 1.4079999999667052
0.8199999999806096 1.4079999999667052 0.9479999999775828
1.4079999999667052 0.9479999999775828 1.3259999999686443
0.9479999999775828 1.3259999999686443 1.6259999999615502
1.3259999999686443 1.6259999999615502 0.7259999999828324
1.6259999999615502 0.7259999999828324 0.6929999999836127
0.7259999999828324 0.6929999999836127 0.789999999981319
0.6929999999836127 0.789999999981319 1.5839999999625434
0.789999999981319 1.5839999999625434 0.7099999999832107
1.5839999999625434 0.7099999999832107 0.6749999999840384
0.7099999999832107 0.6749999999840384 0.7149999999830925
0.6749999999840384 0.7149999999830925 0.86099999997964
0.7149999999830925 0.86099999997964 0.7639999999819338
0.86099999997964 0.7639999999819338 1.6019999999621177
0.7639999999819338 1.6019999999621177 0.7359999999825959
1.6019999999621177 0.7359999999825959 0.6949999999835654
0.7359999999825959 0.6949999999835654 0.86099999997964
0.6949999999835654 0.86099999997964 1.344999999968195
0.86099999997964 1.344999999968195 1.5099999999642932
1.344999999968195 1.5099999999642932 0.7949999999812007
1.5099999999642932 0.7949999999812007 1.2789999999697557
0.7949999999812007 1.2789999999697557 1.1909999999718366
1.2789999999697557 1.1909999999718366 1.4459999999658066
1.1909999999718366 1.4459999999658066 1.7309999999590673
1.4459999999658066 1.7309999999590673 1.4319999999661377
1.7309999999590673 1.4319999999661377 1.4939999999646716
1.4319999999661377 1.4939999999646716 0.9359999999778665
1.4939999999646716 0.9359999999778665 1.3809999999673437
0.9359999999778665 1.3809999999673437 1.8909999999552838
1.3809999999673437 1.8909999999552838 0.421999999990021
1.8909999999552838 0.421999999990021 1.5079999999643405
0.421999999990021 1.5079999999643405 0.7509999999822412
1.5079999999643405 0.7509999999822412 1.4689999999652628
0.7509999999822412 1.4689999999652628 0.6309999999850788
1.4689999999652628 0.6309999999850788 0.6359999999849606
0.6309999999850788 0.6359999999849606 0.6429999999847951
0.6359999999849606 0.6429999999847951 0.6519999999845822
0.6429999999847951 0.6519999999845822 0.6599999999843931
0.6519999999845822 0.6599999999843931 0.5949999999859301
0.6599999999843931 0.5949999999859301 0.5519999999869469
0.5949999999859301 0.5519999999869469 1.4219999999663742
0.5519999999869469 1.4219999999663742 0.8109999999808224
1.4219999999663742 0.8109999999808224 1.4739999999651445
0.8109999999808224 1.4739999999651445 0.6599999999843931
1.4739999999651445 0.6599999999843931 0.6809999999838965
0.6599999999843931 0.6809999999838965 0.7269999999828087
0.6809999999838965 0.7269999999828087 1.0609999999749107
0.7269999999828087 1.0609999999749107 0.69099999998366
1.0609999999749107 0.69099999998366 0.6469999999847005
0.69099999998366 0.6469999999847005 0.6609999999843694
0.6469999999847005 0.6609999999843694 0.6849999999838019
0.6609999999843694 0.6849999999838019 0.7339999999826432
0.6849999999838019 0.7339999999826432 1.0469999999752417
0.7339999999826432 1.0469999999752417 0.6859999999837783
1.0469999999752417 0.6859999999837783 0.6459999999847241
0.6859999999837783 0.6459999999847241 0.6619999999843458
0.6459999999847241 0.6619999999843458 0.687999999983731
0.6619999999843458 0.687999999983731 0.7459999999823594
0.687999999983731 0.7459999999823594 0.9279999999780557
0.7459999999823594 0.9279999999780557 0.7339999999826432
0.9279999999780557 0.7339999999826432 0.7089999999832344
0.7339999999826432 0.7089999999832344 0.9549999999774172
0.7089999999832344 0.9549999999774172 1.2609999999701813
0.9549999999774172 1.2609999999701813 1.4539999999656175
1.2609999999701813 1.4539999999656175 1.4909999999647425
1.4539999999656175 1.4909999999647425 0.8079999999808933
1.4909999999647425 0.8079999999808933 1.0549999999750526
0.8079999999808933 1.0549999999750526 1.2859999999695901
1.0549999999750526 1.2859999999695901 1.81799999995701
1.2859999999695901 1.81799999995701 1.7739999999580505
1.81799999995701 1.7739999999580505 0.2819999999933316
1.7739999999580505 0.2819999999933316 1.783999999957814
0.2819999999933316 1.783999999957814 1.483999999964908
1.783999999957814 1.483999999964908 1.4509999999656884
1.483999999964908 1.4509999999656884 0.7159999999830688
1.4509999999656884 0.7159999999830688 0.877999999979238
0.7159999999830688 0.877999999979238 0.6639999999842985
0.877999999979238 0.6639999999842985 1.5809999999626143
0.6639999999842985 1.5809999999626143 0.8499999999799002
1.5809999999626143 0.8499999999799002 1.480999999964979
0.8499999999799002 1.480999999964979 0.6189999999853626
1.480999999964979 0.6189999999853626 1.6259999999615502
0.6189999999853626 1.6259999999615502 0.8689999999794509
1.6259999999615502 0.8689999999794509 1.6399999999612191
0.8689999999794509 1.6399999999612191 0.6939999999835891
1.6399999999612191 0.6939999999835891 0.6499999999846295
0.6939999999835891 0.6499999999846295 0.6659999999842512
0.6499999999846295 0.6659999999842512 0.6939999999835891
0.6659999999842512 0.6939999999835891 0.7599999999820284
0.6939999999835891 0.7599999999820284 0.8689999999794509
0.7599999999820284 0.8689999999794509 0.77599999998165
0.8689999999794509 0.77599999998165 0.925999999978103
0.77599999998165 0.925999999978103 1.2589999999702286
0.925999999978103 1.2589999999702286 1.511999999964246
1.2589999999702286 1.511999999964246 0.9379999999778192
1.511999999964246 0.9379999999778192 1.333999999968455
0.9379999999778192 1.333999999968455 1.6439999999611246
1.333999999968455 1.6439999999611246 0.6959999999835418
1.6439999999611246 0.6959999999835418 1.4459999999658066
0.6959999999835418 1.4459999999658066 1.6659999999606043
1.4459999999658066 1.6659999999606043 0.7279999999827851
1.6659999999606043 0.7279999999827851 1.8299999999567262
0.7279999999827851 1.8299999999567262 1.633999999961361
1.8299999999567262 1.633999999961361 0.7659999999818865
1.633999999961361 0.7659999999818865 0.7969999999811535
0.7659999999818865 0.7969999999811535 1.5309999999637967
0.7969999999811535 1.5309999999637967 0.755999999982123
1.5309999999637967 0.755999999982123 0.673999999984062
0.755999999982123 0.673999999984062 0.7099999999832107
0.673999999984062 0.7099999999832107 0.8229999999805386
0.7099999999832107 0.8229999999805386 0.7629999999819574
0.8229999999805386 0.7629999999819574 1.4709999999652155
0.7629999999819574 1.4709999999652155 1.0009999999763295
1.4709999999652155 1.0009999999763295 0.6989999999834708
1.0009999999763295 0.6989999999834708 0.6639999999842985
0.6989999999834708 0.6639999999842985 0.6919999999836364
0.6639999999842985 0.6919999999836364 0.7569999999820993
0.6919999999836364 0.7569999999820993 0.8869999999790252
0.7569999999820993 0.8869999999790252 0.7639999999819338
0.8869999999790252 0.7639999999819338 0.8659999999795218
0.7639999999819338 0.8659999999795218 1.344999999968195
0.8659999999795218 1.344999999968195 1.650999999960959
1.344999999968195 1.650999999960959 0.7039999999833526
1.650999999960959 0.7039999999833526 1.4539999999656175
0.7039999999833526 1.4539999999656175 1.5729999999628035
1.4539999999656175 1.5729999999628035 0.7279999999827851
1.5729999999628035 0.7279999999827851 0.7669999999818629
0.7279999999827851 0.7669999999818629 1.4579999999655229
0.7669999999818629 1.4579999999655229 0.809999999980846
1.4579999999655229 0.809999999980846 1.4579999999655229
0.809999999980846 1.4579999999655229 0.7749999999816737
1.4579999999655229 0.7749999999816737 1.4559999999655702
0.7749999999816737 1.4559999999655702 0.840999999980113
1.4559999999655702 0.840999999980113 0.7339999999826432
0.840999999980113 0.7339999999826432 1.5779999999626853
0.7339999999826432 1.5779999999626853 0.7159999999830688
1.5779999999626853 0.7159999999830688 1.7249999999592092
0.7159999999830688 1.7249999999592092 0.6979999999834945
1.7249999999592092 0.6979999999834945 0.6609999999843694
0.6979999999834945 0.6609999999843694 0.687999999983731
0.6609999999843694 0.687999999983731 0.7459999999823594
0.687999999983731 0.7459999999823594 0.9269999999780794
0.7459999999823594 0.9269999999780794 0.7379999999825486
0.9269999999780794 0.7379999999825486 0.7109999999831871
0.7379999999825486 0.7109999999831871 1.4379999999659958
0.7109999999831871 1.4379999999659958 0.6189999999853626
1.4379999999659958 0.6189999999853626 0.6099999999855754
0.6189999999853626 0.6099999999855754 0.588999999986072
0.6099999999855754 0.588999999986072 0.5659999999866159
0.588999999986072 0.5659999999866159 0.6119999999855281
0.5659999999866159 0.6119999999855281 0.6819999999838728
0.6119999999855281 0.6819999999838728 0.8639999999795691
0.6819999999838728 0.8639999999795691 1.347999999968124
0.8639999999795691 1.347999999968124 1.6489999999610063
1.347999999968124 1.6489999999610063 0.7069999999832817
1.6489999999610063 0.7069999999832817 1.4619999999654283
0.7069999999832817 1.4619999999654283 1.73299999995902
1.4619999999654283 1.73299999995902 0.5609999999867341
1.73299999995902 0.5609999999867341 0.8049999999809643
0.5609999999867341 0.8049999999809643 1.4039999999667998
0.8049999999809643 1.4039999999667998 1.4389999999659722
1.4039999999667998 1.4389999999659722 0.8639999999795691
1.4389999999659722 0.8639999999795691 0.7919999999812717
0.8639999999795691 0.7919999999812717 1.3899999999671309
0.7919999999812717 1.3899999999671309 0.8479999999799475
1.3899999999671309 0.8479999999799475 0.7319999999826905
0.8479999999799475 0.7319999999826905 1.6749999999603915
0.7319999999826905 1.6749999999603915 0.6579999999844404
1.6749999999603915 0.6579999999844404 1.4459999999658066
0.6579999999844404 1.4459999999658066 1.593999999962307
1.4459999999658066 1.593999999962307 0.7399999999825013
1.593999999962307 0.7399999999825013 0.7259999999828324
0.7399999999825013 0.7259999999828324 1.3689999999676274
0.7259999999828324 1.3689999999676274 0.6949999999835654
1.3689999999676274 0.6949999999835654 0.7779999999816027
0.6949999999835654 0.7779999999816027 0.37699999999108513
0.7779999999816027 0.37699999999108513 1.72199999995928
0.37699999999108513 1.72199999995928 0.5329999999873962
1.72199999995928 0.5329999999873962 1.4849999999648844
0.5329999999873962 1.4849999999648844 0.6249999999852207
1.4849999999648844 0.6249999999852207 0.6289999999851261
0.6249999999852207 0.6289999999851261 0.6339999999850079
0.6289999999851261 0.6339999999850079 0.6389999999848897
0.6339999999850079 0.6389999999848897 0.6429999999847951
0.6389999999848897 0.6429999999847951 0.6319999999850552
0.6429999999847951 0.6319999999850552 0.5199999999877036
0.6319999999850552 0.5199999999877036 0.6689999999841802
0.5199999999877036 0.6689999999841802 1.4419999999659012
0.6689999999841802 1.4419999999659012 0.792999999981248
1.4419999999659012 0.792999999981248 1.4449999999658303
0.792999999981248 1.4449999999658303 0.755999999982123
1.4449999999658303 0.755999999982123 0.8789999999792144
0.755999999982123 0.8789999999792144 0.7669999999818629
0.8789999999792144 0.7669999999818629 0.8309999999803495
0.7669999999818629 0.8309999999803495 1.3769999999674383
0.8309999999803495 1.3769999999674383 0.9389999999777956
1.3769999999674383 0.9389999999777956 1.333999999968455
0.9389999999777956 1.333999999968455 1.4039999999667998
1.333999999968455 1.4039999999667998 0.6009999999857882
1.4039999999667998 0.6009999999857882 0.5479999999870415
0.6009999999857882 0.5479999999870415 0.6479999999846768
0.5479999999870415 0.6479999999846768 0.8889999999789779
0.6479999999846768 0.8889999999789779 1.344999999968195
0.8889999999789779 1.344999999968195 1.5439999999634892
