0.7189999999999894 0.7269999999999199 0.8949999999999017
0.7269999999999199 0.8949999999999017 1.3589999999998863
0.8949999999999017 1.3589999999998863 1.9090000000006375
1.3589999999998863 1.9090000000006375 0.7350000000002455
1.9090000000006375 0.7350000000002455 0.6430000000002147
0.7350000000002455 0.6430000000002147 0.6470000000002019
0.6430000000002147 0.6470000000002019 0.6509999999996392
0.6470000000002019 0.6509999999996392 0.6559999999996364
0.6509999999996392 0.6559999999996364 0.6619999999996331
0.6559999999996364 0.6619999999996331 0.6699999999996287
0.6619999999996331 0.6699999999996287 0.6839999999996209
0.6699999999996287 0.6839999999996209 0.7169999999996026
0.6839999999996209 0.7169999999996026 1.4589999999991914
0.7169999999996026 1.4589999999991914 0.6659999999996309
1.4589999999991914 0.6659999999996309 0.6769999999996248
0.6659999999996309 0.6769999999996248 0.6959999999996143
0.6769999999996248 0.6959999999996143 0.734000000000103
0.6959999999996143 0.734000000000103 0.8810000000010767
0.734000000000103 0.8810000000010767 0.8040000000009826
0.8810000000010767 0.8040000000009826 1.859000000002272
0.8040000000009826 1.859000000002272 0.7920000000009679
1.859000000002272 0.7920000000009679 0.9210000000011256
0.7920000000009679 0.9210000000011256 0.9630000000011769
0.9210000000011256 0.9630000000011769 1.5720000000019212
0.9630000000011769 1.5720000000019212 0.6170000000007541
1.5720000000019212 0.6170000000007541 1.535000000001876
0.6170000000007541 1.535000000001876 1.535000000001876
1.535000000001876 1.535000000001876 0.9040000000011048
1.535000000001876 0.9040000000011048 1.9870000000024284
0.9040000000011048 1.9870000000024284 0.8770000000010718
1.9870000000024284 0.8770000000010718 1.46399999999824
0.8770000000010718 1.46399999999824 0.7709999999982031
1.46399999999824 0.7709999999982031 1.5359999999964202
0.7709999999982031 1.5359999999964202 0.8369999999980493
1.5359999999964202 0.8369999999980493 0.8989999999979048
0.8369999999980493 0.8989999999979048 1.4479999999966253
0.8989999999979048 1.4479999999966253 0.8849999999979374
1.4479999999966253 0.8849999999979374 1.481999999996546
0.8849999999979374 1.481999999996546 0.8669999999979794
1.481999999996546 0.8669999999979794 1.974999999995397
0.8669999999979794 1.974999999995397 0.7819999999981775
1.974999999995397 0.7819999999981775 1.569999999996341
0.7819999999981775 1.569999999996341 0.8389999999980446
1.569999999996341 0.8389999999980446 0.9259999999978419
0.8389999999980446 0.9259999999978419 1.4139999999967046
0.9259999999978419 1.4139999999967046 1.0099999999976461
1.4139999999967046 1.0099999999976461 1.3589999999968327
1.0099999999976461 1.3589999999968327 2.1069999999950895
1.3589999999968327 2.1069999999950895 0.7809999999981798
2.1069999999950895 0.7809999999981798 0.7679999999982101
0.7809999999981798 0.7679999999982101 1.3649999999968188
0.7679999999982101 1.3649999999968188 0.9749999999977277
1.3649999999968188 0.9749999999977277 0.6729999999984315
0.9749999999977277 0.6729999999984315 1.5079999999964855
0.6729999999984315 1.5079999999964855 1.6529999999961476
1.5079999999964855 1.6529999999961476 0.7769999999981891
1.6529999999961476 0.7769999999981891 1.969999999996645
0.7769999999981891 1.969999999996645 1.1620000000055484
1.969999999996645 1.1620000000055484 1.252000000005978
1.1620000000055484 1.252000000005978 1.8230000000087045
1.252000000005978 1.8230000000087045 1.5710000000075013
1.8230000000087045 1.5710000000075013 1.4770000000070524
1.5710000000075013 1.4770000000070524 0.7300000000034856
1.4770000000070524 0.7300000000034856 0.8330000000039774
0.7300000000034856 0.8330000000039774 0.8000000000038199
0.8330000000039774 0.8000000000038199 1.4710000000070238
0.8000000000038199 1.4710000000070238 0.773000000003691
1.4710000000070238 0.773000000003691 0.9090000000043403
0.773000000003691 0.9090000000043403 0.7760000000037053
0.9090000000043403 0.7760000000037053 0.7910000000037769
0.7760000000037053 0.7910000000037769 1.6360000000078116
0.7910000000037769 1.6360000000078116 0.7450000000035573
1.6360000000078116 0.7450000000035573 0.675000000003223
0.7450000000035573 0.675000000003223 0.6970000000033281
0.675000000003223 0.6970000000033281 0.755000000003605
0.6970000000033281 0.755000000003605 1.4200000000067803
0.755000000003605 1.4200000000067803 0.9540000000045552
1.4200000000067803 0.9540000000045552 0.7620000000036384
0.9540000000045552 0.7620000000036384 0.7100000000033901
0.7620000000036384 0.7100000000033901 0.8250000000039392
0.7100000000033901 0.8250000000039392 1.4770000000070524
0.8250000000039392 1.4770000000070524 0.9160000000043738
1.4770000000070524 0.9160000000043738 1.9210000000091725
0.9160000000043738 1.9210000000091725 1.475000000007043
1.9210000000091725 1.475000000007043 0.7310000000034904
1.475000000007043 0.7310000000034904 0.8240000000039345
0.7310000000034904 0.8240000000039345 0.813000000003882
0.8240000000039345 0.813000000003882 1.5430000000073676
0.813000000003882 1.5430000000073676 0.6650000000031753
1.5430000000073676 0.6650000000031753 0.6700000000031991
0.6650000000031753 0.6700000000031991 0.6800000000032469
0.6700000000031991 0.6800000000032469 0.6960000000033233
0.6800000000032469 0.6960000000033233 0.7260000000034665
0.6960000000033233 0.7260000000034665 0.8090000000038629
0.7260000000034665 0.8090000000038629 0.8340000000039822
0.8090000000038629 0.8340000000039822 0.9200000000043929
0.8340000000039822 0.9200000000043929 1.4130000000067469
0.9200000000043929 1.4130000000067469 1.546000000007382
1.4130000000067469 1.546000000007382 0.6640000000031705
1.546000000007382 0.6640000000031705 0.6720000000032087
0.6640000000031705 0.6720000000032087 0.6870000000032803
0.6720000000032087 0.6870000000032803 0.7120000000033997
0.6870000000032803 0.7120000000033997 0.7700000000036766
0.7120000000033997 0.7700000000036766 0.9190000000043881
0.7700000000036766 0.9190000000043881 0.7690000000036719
0.9190000000043881 0.7690000000036719 0.7630000000036432
0.7690000000036719 0.7630000000036432 1.4340000000068471
0.7630000000036432 1.4340000000068471 0.884000000004221
1.4340000000068471 0.884000000004221 0.8020000000038294
0.884000000004221 0.8020000000038294 1.4320000000068376
0.8020000000038294 1.4320000000068376 0.6870000000032803
1.4320000000068376 0.6870000000032803 0.7130000000034045
0.6870000000032803 0.7130000000034045 0.7750000000037005
0.7130000000034045 0.7750000000037005 0.9020000000043069
0.7750000000037005 0.9020000000043069 0.7840000000037435
0.9020000000043069 0.7840000000037435 0.8290000000039583
0.7840000000037435 0.8290000000039583 1.4620000000069808
0.8290000000039583 1.4620000000069808 0.9540000000045552
1.4620000000069808 0.9540000000045552 1.8680000000089194
0.9540000000045552 1.8680000000089194 1.6850000000080456
1.8680000000089194 1.6850000000080456 0.7120000000033997
1.6850000000080456 0.7120000000033997 1.4960000000071432
0.7120000000033997 1.4960000000071432 1.5070000000071957
1.4960000000071432 1.5070000000071957 1.3560000000064747
1.5070000000071957 1.3560000000064747 1.0780000000051473
1.3560000000064747 1.0780000000051473 1.270000000006064
1.0780000000051473 1.270000000006064 1.4950000000071384
1.270000000006064 1.4950000000071384 1.461000000006976
1.4950000000071384 1.461000000006976 0.977000000004665
1.461000000006976 0.977000000004665 0.7910000000037769
0.977000000004665 0.7910000000037769 0.6920000000033042
0.7910000000037769 0.6920000000033042 0.7510000000035859
0.6920000000033042 0.7510000000035859 1.4990000000071575
0.7510000000035859 1.4990000000071575 1.275000000006088
1.4990000000071575 1.275000000006088 1.519000000007253
1.275000000006088 1.519000000007253 0.9350000000044645
1.519000000007253 0.9350000000044645 0.7050000000033663
0.9350000000044645 0.7050000000033663 1.5400000000073533
0.7050000000033663 1.5400000000073533 1.515000000007234
1.5400000000073533 1.515000000007234 0.6760000000032278
1.515000000007234 0.6760000000032278 0.6920000000033042
0.6760000000032278 0.6920000000033042 0.7220000000034474
0.6920000000033042 0.7220000000034474 0.804000000003839
0.7220000000034474 0.804000000003839 0.8370000000039965
0.804000000003839 0.8370000000039965 0.906000000004326
0.8370000000039965 0.906000000004326 1.4380000000068662
0.906000000004326 1.4380000000068662 1.4780000000070572
1.4380000000068662 1.4780000000070572 0.6860000000032755
1.4780000000070572 0.6860000000032755 0.7130000000034045
0.6860000000032755 0.7130000000034045 0.7790000000037196
0.7130000000034045 0.7790000000037196 0.9030000000043117
0.7790000000037196 0.9030000000043117 0.8150000000038915
0.9030000000043117 0.8150000000038915 1.3850000000066132
0.8150000000038915 1.3850000000066132 0.7160000000034188
1.3850000000066132 0.7160000000034188 0.7900000000037721
0.7160000000034188 0.7900000000037721 0.8930000000042639
0.7900000000037721 0.8930000000042639 0.8410000000040156
0.8930000000042639 0.8410000000040156 1.821000000008695
0.8410000000040156 1.821000000008695 0.7820000000037339
1.821000000008695 0.7820000000037339 0.6500000000031037
0.7820000000037339 0.6500000000031037 0.6550000000031275
0.6500000000031037 0.6550000000031275 0.662000000003161
0.6550000000031275 0.662000000003161 0.6700000000031991
0.662000000003161 0.6700000000031991 0.6820000000032564
0.6700000000031991 0.6820000000032564 0.6990000000033376
0.6820000000032564 0.6990000000033376 0.7230000000034522
0.6990000000033376 0.7230000000034522 0.6730000000032135
0.7230000000034522 0.6730000000032135 1.2810000000061166
0.6730000000032135 1.2810000000061166 0.7840000000037435
1.2810000000061166 0.7840000000037435 1.2560000000059972
0.7840000000037435 1.2560000000059972 0.9220000000044024
1.2560000000059972 0.9220000000044024 0.9670000000046173
0.9220000000044024 0.9670000000046173 1.6580000000079167
0.9670000000046173 1.6580000000079167 0.5160000000024638
1.6580000000079167 0.5160000000024638 1.5840000000075634
0.5160000000024638 1.5840000000075634 1.8930000000090388
1.5840000000075634 1.8930000000090388 1.674000000007993
1.8930000000090388 1.674000000007993 0.7250000000034618
1.674000000007993 0.7250000000034618 1.5490000000073962
0.7250000000034618 1.5490000000073962 0.8700000000041541
1.5490000000073962 0.8700000000041541 1.523000000007272
0.8700000000041541 1.523000000007272 0.7910000000037769
1.523000000007272 0.7910000000037769 0.8120000000038772
0.7910000000037769 0.8120000000038772 1.7360000000082891
0.8120000000038772 1.7360000000082891 0.6400000000030559
1.7360000000082891 0.6400000000030559 2.177000000010395
0.6400000000030559 2.177000000010395 0.7190000000034331
2.177000000010395 0.7190000000034331 0.6770000000032326
0.7190000000034331 0.6770000000032326 0.6980000000033328
0.6770000000032326 0.6980000000033328 0.7450000000035573
0.6980000000033328 0.7450000000035573 1.3380000000063887
0.7450000000035573 1.3380000000063887 0.693000000003309
1.3380000000063887 0.693000000003309 0.7000000000033424
0.693000000003309 0.7000000000033424 0.7280000000034761
0.7000000000033424 0.7280000000034761 0.8000000000038199
0.7280000000034761 0.8000000000038199 0.8890000000042448
0.8000000000038199 0.8890000000042448 0.8710000000041589
0.8890000000042448 0.8710000000041589 1.3870000000066227
0.8710000000041589 1.3870000000066227 0.9270000000044263
1.3870000000066227 0.9270000000044263 0.7870000000037578
0.9270000000044263 0.7870000000037578 0.8020000000038294
0.7870000000037578 0.8020000000038294 1.7740000000084706
0.8020000000038294 1.7740000000084706 0.6850000000032708
1.7740000000084706 0.6850000000032708 0.6490000000030989
0.6850000000032708 0.6490000000030989 0.6540000000031228
0.6490000000030989 0.6540000000031228 0.6610000000031562
0.6540000000031228 0.6610000000031562 0.6730000000032135
0.6610000000031562 0.6730000000032135 0.6910000000032994
0.6730000000032135 0.6910000000032994 0.7290000000034809
0.6910000000032994 0.7290000000034809 0.8920000000042592
0.7290000000034809 0.8920000000042592 1.3450000000064222
0.8920000000042592 1.3450000000064222 1.5910000000075968
1.3450000000064222 1.5910000000075968 0.7750000000037005
1.5910000000075968 0.7750000000037005 1.608000000007678
0.7750000000037005 1.608000000007678 0.835000000003987
1.608000000007678 0.835000000003987 0.724000000003457
0.835000000003987 0.724000000003457 1.6620000000079358
0.724000000003457 1.6620000000079358 0.8340000000039822
1.6620000000079358 0.8340000000039822 0.6870000000032803
0.8340000000039822 0.6870000000032803 0.706000000003371
0.6870000000032803 0.706000000003371 0.7230000000034522
0.706000000003371 0.7230000000034522 0.6570000000031371
0.7230000000034522 0.6570000000031371 1.8460000000088144
0.6570000000031371 1.8460000000088144 0.8030000000038342
1.8460000000088144 0.8030000000038342 0.8990000000042926
0.8030000000038342 0.8990000000042926 0.9140000000043642
0.8990000000042926 0.9140000000043642 1.4840000000070859
0.9140000000043642 1.4840000000070859 0.7290000000034809
1.4840000000070859 0.7290000000034809 1.6060000000076684
0.7290000000034809 1.6060000000076684 0.804000000003839
1.6060000000076684 0.804000000003839 1.4240000000067994
0.804000000003839 1.4240000000067994 0.6900000000032946
1.4240000000067994 0.6900000000032946 0.7160000000034188
0.6900000000032946 0.7160000000034188 0.7790000000037196
0.7160000000034188 0.7790000000037196 0.9000000000042974
0.7790000000037196 0.9000000000042974 0.7810000000037292
0.9000000000042974 0.7810000000037292 0.835000000003987
0.7810000000037292 0.835000000003987 1.4420000000068853
0.835000000003987 1.4420000000068853 0.8930000000042639
1.4420000000068853 0.8930000000042639 1.4620000000069808
0.8930000000042639 1.4620000000069808 0.9250000000044167
1.4620000000069808 0.9250000000044167 1.9270000000092011
0.9250000000044167 1.9270000000092011 1.479000000007062
1.9270000000092011 1.479000000007062 0.6970000000033281
1.479000000007062 0.6970000000033281 0.7210000000034427
0.6970000000033281 0.7210000000034427 0.7850000000037483
0.7210000000034427 0.7850000000037483 0.9099999999947102
0.7850000000037483 0.9099999999947102 0.7949999999812007
0.9099999999947102 0.7949999999812007 0.8549999999797819
0.7949999999812007 0.8549999999797819 1.395999999966989
0.8549999999797819 1.395999999966989 1.5389999999636075
1.395999999966989 1.5389999999636075 0.6659999999842512
1.5389999999636075 0.6659999999842512 0.6749999999840384
0.6659999999842512 0.6749999999840384 0.687999999983731
0.6749999999840384 0.687999999983731 0.7129999999831398
0.687999999983731 0.7129999999831398 0.7689999999818156
0.7129999999831398 0.7689999999818156 0.9439999999776774
0.7689999999818156 0.9439999999776774 0.7509999999822412
0.9439999999776774 0.7509999999822412 0.7289999999827614
0.7509999999822412 0.7289999999827614 0.9289999999780321
0.7289999999827614 0.9289999999780321 1.3389999999683369
0.9289999999780321 1.3389999999683369 1.8809999999555203
1.3389999999683369 1.8809999999555203 0.5589999999867814
1.8809999999555203 0.5589999999867814 2.1929999999481424
0.5589999999867814 2.1929999999481424 0.7099999999832107
2.1929999999481424 0.7099999999832107 0.6689999999841802
0.7099999999832107 0.6689999999841802 0.6849999999838019
0.6689999999841802 0.6849999999838019 0.7129999999831398
0.6849999999838019 0.7129999999831398 0.792999999981248
0.7129999999831398 0.792999999981248 1.500999999964506
0.792999999981248 1.500999999964506 0.7309999999827141
1.500999999964506 0.7309999999827141 1.5909999999623778
0.7309999999827141 1.5909999999623778 0.8039999999809879
1.5909999999623778 0.8039999999809879 1.4209999999663978
0.8039999999809879 1.4209999999663978 0.6999999999834472
1.4209999999663978 0.6999999999834472 0.7369999999825723
0.6999999999834472 0.7369999999825723 0.8759999999792853
0.7369999999825723 0.8759999999792853 0.7649999999819102
0.8759999999792853 0.7649999999819102 1.704999999959682
0.7649999999819102 1.704999999959682 0.7509999999822412
1.704999999959682 0.7509999999822412 0.6729999999840857
0.7509999999822412 0.6729999999840857 0.6919999999836364
0.6729999999840857 0.6919999999836364 0.741999999982454
0.6919999999836364 0.741999999982454 1.401999999966847
0.741999999982454 1.401999999966847 0.8039999999809879
1.401999999966847 0.8039999999809879 0.8499999999799002
0.8039999999809879 0.8499999999799002 0.9239999999781503
0.8499999999799002 0.9239999999781503 1.9419999999540778
0.9239999999781503 1.9419999999540778 1.0019999999763058
1.9419999999540778 1.0019999999763058 1.333999999968455
1.0019999999763058 1.333999999968455 1.565999999962969
1.333999999968455 1.565999999962969 0.7869999999813899
1.565999999962969 0.7869999999813899 1.4939999999646716
0.7869999999813899 1.4939999999646716 0.9009999999786942
1.4939999999646716 0.9009999999786942 0.789999999981319
0.9009999999786942 0.789999999981319 0.8539999999798056
0.789999999981319 0.8539999999798056 1.9189999999546217
0.8539999999798056 1.9189999999546217 0.9499999999775355
1.9189999999546217 0.9499999999775355 1.310999999968999
0.9499999999775355 1.310999999968999 1.0849999999743432
1.310999999968999 1.0849999999743432 0.7429999999824304
1.0849999999743432 0.7429999999824304 0.6809999999838965
0.7429999999824304 0.6809999999838965 0.7039999999833526
0.6809999999838965 0.7039999999833526 0.7579999999820757
0.7039999999833526 0.7579999999820757 1.2499999999704414
0.7579999999820757 1.2499999999704414 0.758999999982052
1.2499999999704414 0.758999999982052 0.9919999999765423
0.758999999982052 0.9919999999765423 0.4349999999897136
0.9919999999765423 0.4349999999897136 1.8129999999571282
0.4349999999897136 1.8129999999571282 1.4929999999646952
1.8129999999571282 1.4929999999646952 1.4739999999651445
1.4929999999646952 1.4739999999651445 1.259999999970205
1.4739999999651445 1.259999999970205 0.537999999987278
1.259999999970205 0.537999999987278 2.1199999999498687
0.537999999987278 2.1199999999498687 0.7329999999826668
2.1199999999498687 0.7329999999826668 0.6949999999835654
0.7329999999826668 0.6949999999835654 0.7379999999825486
0.6949999999835654 0.7379999999825486 1.0469999999752417
0.7379999999825486 1.0469999999752417 1.231999999970867
1.0469999999752417 1.231999999970867 1.4829999999649317
1.231999999970867 1.4829999999649317 2.058999999951311
1.4829999999649317 2.058999999951311 0.7959999999811771
2.058999999951311 0.7959999999811771 0.8549999999797819
0.7959999999811771 0.8549999999797819 1.39299999996706
0.8549999999797819 1.39299999996706 1.5299999999638203
1.39299999996706 1.5299999999638203 0.6689999999841802
1.5299999999638203 0.6689999999841802 0.6779999999839674
0.6689999999841802 0.6779999999839674 0.6949999999835654
0.6779999999839674 0.6949999999835654 0.724999999982856
0.6949999999835654 0.724999999982856 0.806999999980917
0.724999999982856 0.806999999980917 0.8329999999803022
0.806999999980917 0.8329999999803022 0.9149999999783631
0.8329999999803022 0.9149999999783631 1.418999999966445
0.9149999999783631 1.418999999966445 1.5079999999643405
1.418999999966445 1.5079999999643405 0.6769999999839911
1.5079999999643405 0.6769999999839911 0.6939999999835891
0.6769999999839911 0.6939999999835891 0.7289999999827614
0.6939999999835891 0.7289999999827614 0.8389999999801603
0.7289999999827614 0.8389999999801603 0.809999999980846
0.8389999999801603 0.809999999980846 1.4629999999654046
0.809999999980846 1.4629999999654046 1.0229999999758093
1.4629999999654046 1.0229999999758093 0.7709999999817683
1.0229999999758093 0.7709999999817683 0.6729999999840857
0.7709999999817683 0.6729999999840857 0.6889999999837073
0.6729999999840857 0.6889999999837073 0.7349999999826196
0.6889999999837073 0.7349999999826196 1.3949999999670126
0.7349999999826196 1.3949999999670126 0.86099999997964
1.3949999999670126 0.86099999997964 0.8459999999799948
0.86099999997964 0.8459999999799948 1.6089999999619522
0.8459999999799948 1.6089999999619522 1.21199999997134
1.6089999999619522 1.21199999997134 1.494999999964648
1.21199999997134 1.494999999964648 1.6909999999600132
1.494999999964648 1.6909999999600132 0.7969999999811535
1.6909999999600132 0.7969999999811535 1.8669999999558513
0.7969999999811535 1.8669999999558513 1.81799999995701
1.8669999999558513 1.81799999995701 0.707999999983258
1.81799999995701 0.707999999983258 0.653999999984535
0.707999999983258 0.653999999984535 0.6609999999843694
0.653999999984535 0.6609999999843694 0.6729999999840857
0.6609999999843694 0.6729999999840857 0.6929999999836127
0.6729999999840857 0.6929999999836127 0.7359999999825959
0.6929999999836127 0.7359999999825959 1.4429999999658776
0.7359999999825959 1.4429999999658776 0.6779999999839674
1.4429999999658776 0.6779999999839674 0.6949999999835654
0.6779999999839674 0.6949999999835654 0.7259999999828324
0.6949999999835654 0.7259999999828324 0.8149999999807278
0.7259999999828324 0.8149999999807278 0.8199999999806096
0.8149999999807278 0.8199999999806096 1.0609999999749107
0.8199999999806096 1.0609999999749107 1.3519999999680294
1.0609999999749107 1.3519999999680294 1.9109999999548108
1.3519999999680294 1.9109999999548108 1.5199999999640568
1.9109999999548108 1.5199999999640568 0.8719999999793799
1.5199999999640568 0.8719999999793799 0.8129999999807751
0.8719999999793799 0.8129999999807751 1.4029999999668235
0.8129999999807751 1.4029999999668235 0.755999999982123
1.4029999999668235 0.755999999982123 1.0699999999746979
0.755999999982123 1.0699999999746979 0.7089999999832344
1.0699999999746979 0.7089999999832344 0.6619999999843458
0.7089999999832344 0.6619999999843458 0.673999999984062
0.6619999999843458 0.673999999984062 0.6949999999835654
0.673999999984062 0.6949999999835654 0.7409999999824777
0.6949999999835654 0.7409999999824777 1.415999999966516
0.7409999999824777 1.415999999966516 0.6929999999836127
1.415999999966516 0.6929999999836127 0.7199999999829743
0.6929999999836127 0.7199999999829743 0.789999999981319
0.7199999999829743 0.789999999981319 0.8719999999793799
0.789999999981319 0.8719999999793799 0.8169999999806805
0.8719999999793799 0.8169999999806805 1.398999999966918
0.8169999999806805 1.398999999966918 0.7699999999817919
1.398999999966918 0.7699999999817919 0.939999999977772
0.7699999999817919 0.939999999977772 0.7529999999821939
0.939999999977772 0.7529999999821939 0.7339999999826432
0.7529999999821939 0.7339999999826432 1.123999999973421
0.7339999999826432 1.123999999973421 1.2759999999698266
1.123999999973421 1.2759999999698266 1.8189999999569864
1.2759999999698266 1.8189999999569864 1.47799999996505
1.8189999999569864 1.47799999996505 1.593999999962307
1.47799999996505 1.593999999962307 0.8349999999802549
1.593999999962307 0.8349999999802549 1.3259999999686443
0.8349999999802549 1.3259999999686443 0.7299999999827378
1.3259999999686443 0.7299999999827378 0.8639999999795691
0.7299999999827378 0.8639999999795691 1.3159999999688807
0.8639999999795691 1.3159999999688807 1.4679999999652864
1.3159999999688807 1.4679999999652864 0.6929999999836127
1.4679999999652864 0.6929999999836127 0.6949999999835654
0.6929999999836127 0.6949999999835654 0.7189999999829979
0.6949999999835654 0.7189999999829979 0.772999999981721
0.7189999999829979 0.772999999981721 1.0099999999761167
0.772999999981721 1.0099999999761167 0.7619999999819811
1.0099999999761167 0.7619999999819811 0.7139999999831161
0.7619999999819811 0.7139999999831161 0.7909999999812953
0.7139999999831161 0.7909999999812953 1.432999999966114
0.7909999999812953 1.432999999966114 0.772999999981721
1.432999999966114 0.772999999981721 1.559999999963111
0.772999999981721 1.559999999963111 0.8209999999805859
1.559999999963111 0.8209999999805859 1.027999999975691
0.8209999999805859 1.027999999975691 1.3179999999688334
1.027999999975691 1.3179999999688334 2.080999999950791
1.3179999999688334 2.080999999950791 0.8379999999801839
2.080999999950791 0.8379999999801839 0.7989999999811062
0.8379999999801839 0.7989999999811062 1.4759999999650972
0.7989999999811062 1.4759999999650972 0.6859999999837783
1.4759999999650972 0.6859999999837783 1.5839999999625434
0.6859999999837783 1.5839999999625434 1.4909999999647425
1.5839999999625434 1.4909999999647425 0.6959999999835418
1.4909999999647425 0.6959999999835418 0.7279999999827851
0.6959999999835418 0.7279999999827851 0.8209999999805859
0.7279999999827851 0.8209999999805859 0.8119999999807987
0.8209999999805859 0.8119999999807987 1.511999999964246
0.8119999999807987 1.511999999964246 0.6779999999839674
1.511999999964246 0.6779999999839674 0.6939999999835891
0.6779999999839674 0.6939999999835891 0.7259999999828324
0.6939999999835891 0.7259999999828324 0.8179999999806569
0.7259999999828324 0.8179999999806569 0.8159999999807042
0.8179999999806569 0.8159999999807042 1.5439999999634892
0.8159999999807042 1.5439999999634892 0.6649999999842748
1.5439999999634892 0.6649999999842748 0.673999999984062
0.6649999999842748 0.673999999984062 0.687999999983731
0.673999999984062 0.687999999983731 0.7139999999831161
0.687999999983731 0.7139999999831161 0.7769999999816264
0.7139999999831161 0.7769999999816264 0.8959999999788124
0.7769999999816264 0.8959999999788124 0.7849999999814372
0.8959999999788124 0.7849999999814372 0.8619999999796164
0.7849999999814372 0.8619999999796164 1.4139999999665633
0.8619999999796164 1.4139999999665633 1.4509999999656884
1.4139999999665633 1.4509999999656884 0.9869999999766605
1.4509999999656884 0.9869999999766605 0.8109999999808224
0.9869999999766605 0.8109999999808224 0.687999999983731
0.8109999999808224 0.687999999983731 0.7289999999827614
0.687999999983731 0.7289999999827614 1.4259999999662796
0.7289999999827614 1.4259999999662796 1.6099999999619286
1.4259999999662796 1.6099999999619286 0.7549999999821466
1.6099999999619286 0.7549999999821466 0.6659999999842512
0.7549999999821466 0.6659999999842512 0.6789999999839438
0.6659999999842512 0.6789999999839438 0.7009999999834235
0.6789999999839438 0.7009999999834235 0.7499999999822649
0.7009999999834235 0.7499999999822649 1.0489999999751944
0.7499999999822649 1.0489999999751944 0.8319999999803258
1.0489999999751944 0.8319999999803258 0.6889999999837073
0.8319999999803258 0.6889999999837073 0.6999999999834472
0.6889999999837073 0.6999999999834472 0.6799999999839201
0.6999999999834472 0.6799999999839201 1.3289999999685733
0.6799999999839201 1.3289999999685733 0.738999999982525
1.3289999999685733 0.738999999982525 0.9529999999774645
0.738999999982525 0.9529999999774645 1.1879999999719075
0.9529999999774645 1.1879999999719075 1.585999999962496
1.1879999999719075 1.585999999962496 1.0499999999751708
1.585999999962496 1.0499999999751708 1.3259999999686443
1.0499999999751708 1.3259999999686443 1.967999999953463
1.3259999999686443 1.967999999953463 1.4789999999650263
1.967999999953463 1.4789999999650263 0.6949999999835654
1.4789999999650263 0.6949999999835654 0.7179999999830216
0.6949999999835654 0.7179999999830216 0.772999999981721
0.7179999999830216 0.772999999981721 0.9699999999770625
0.772999999981721 0.9699999999770625 0.7509999999822412
0.9699999999770625 0.7509999999822412 0.721999999982927
0.7509999999822412 0.721999999982927 0.8349999999802549
0.721999999982927 0.8349999999802549 1.4429999999658776
0.8349999999802549 1.4429999999658776 0.8479999999799475
1.4429999999658776 0.8479999999799475 1.4589999999654992
0.8479999999799475 1.4589999999654992 0.8079999999808933
1.4589999999654992 0.8079999999808933 1.494999999964648
0.8079999999808933 1.494999999964648 0.6919999999836364
1.494999999964648 0.6919999999836364 0.7199999999829743
0.6919999999836364 0.7199999999829743 0.792999999981248
0.7199999999829743 0.792999999981248 0.857999999979711
0.792999999981248 0.857999999979711 0.8349999999802549
0.857999999979711 0.8349999999802549 1.4519999999656648
0.8349999999802549 1.4519999999656648 0.8369999999802076
1.4519999999656648 0.8369999999802076 0.9249999999781267
0.8369999999802076 0.9249999999781267 1.4689999999652628
0.9249999999781267 1.4689999999652628 1.4059999999667525
1.4689999999652628 1.4059999999667525 1.350999999968053
1.4059999999667525 1.350999999968053 0.843999999980042
1.350999999968053 0.843999999980042 1.4829999999649317
0.843999999980042 1.4829999999649317 0.69099999998366
1.4829999999649317 0.69099999998366 0.673999999984062
0.69099999998366 0.673999999984062 0.6849999999838019
0.673999999984062 0.6849999999838019 0.7019999999833999
0.6849999999838019 0.7019999999833999 0.7319999999826905
0.7019999999833999 0.7319999999826905 0.8139999999808083
0.7319999999826905 0.8139999999808083 0.857999999979711
0.8139999999808083 0.857999999979711 0.9649999999771808
0.857999999979711 0.9649999999771808 1.3839999999672727
0.9649999999771808 1.3839999999672727 1.511999999964246
1.3839999999672727 1.511999999964246 0.6759999999840147
1.511999999964246 0.6759999999840147 0.687999999983731
0.6759999999840147 0.687999999983731 0.7099999999832107
0.687999999983731 0.7099999999832107 0.7579999999820757
0.7099999999832107 0.7579999999820757 1.0829999999743904
0.7579999999820757 1.0829999999743904 0.7029999999833763
1.0829999999743904 0.7029999999833763 0.6619999999843458
0.7029999999833763 0.6619999999843458 0.673999999984062
0.6619999999843458 0.673999999984062 0.6929999999836127
0.673999999984062 0.6929999999836127 0.7339999999826432
0.6929999999836127 0.7339999999826432 0.9789999999768497
0.7339999999826432 0.9789999999768497 1.2919999999694483
0.9789999999768497 1.2919999999694483 1.9329999999542906
1.2919999999694483 1.9329999999542906 1.078999999974485
1.9329999999542906 1.078999999974485 1.3219999999687388
1.078999999974485 1.3219999999687388 1.5339999999637257
1.3219999999687388 1.5339999999637257 0.8499999999799002
1.5339999999637257 0.8499999999799002 0.8589999999796873
0.8499999999799002 0.8589999999796873 1.6779999999603206
0.8589999999796873 1.6779999999603206 0.6969999999835181
1.6779999999603206 0.6969999999835181 1.837999999956537
0.6969999999835181 1.837999999956537 1.5739999999627798
1.837999999956537 1.5739999999627798 1.401999999966847
1.5739999999627798 1.401999999966847 1.2809999999697084
1.401999999966847 1.2809999999697084 1.7519999999585707
1.2809999999697084 1.7519999999585707 1.5299999999638203
1.7519999999585707 1.5299999999638203 1.7449999999587362
1.5299999999638203 1.7449999999587362 1.514999999964175
1.7449999999587362 1.514999999964175 1.905999999954929
1.514999999964175 1.905999999954929 0.9729999999769916
1.905999999954929 0.9729999999769916 0.6419999999848187
0.9729999999769916 0.6419999999848187 1.5639999999630163
0.6419999999848187 1.5639999999630163 1.64799999996103
1.5639999999630163 1.64799999996103 0.7529999999821939
1.64799999996103 0.7529999999821939 2.027999999952044
0.7529999999821939 2.027999999952044 0.8889999999789779
2.027999999952044 0.8889999999789779 1.4749999999651209
0.8889999999789779 1.4749999999651209 0.7529999999821939
1.4749999999651209 0.7529999999821939 1.8529999999561824
0.7529999999821939 1.8529999999561824 0.6589999999844167
1.8529999999561824 0.6589999999844167 1.6549999999608644
0.6589999999844167 1.6549999999608644 1.6549999999608644
1.6549999999608644 1.6549999999608644 1.5369999999636548
1.6549999999608644 1.5369999999636548 0.8739999999793326
1.5369999999636548 0.8739999999793326 1.7949999999575539
0.8739999999793326 1.7949999999575539 0.6099999999855754
1.7949999999575539 0.6099999999855754 1.6669999999605807
0.6099999999855754 1.6669999999605807 0.8249999999804913
1.6669999999605807 0.8249999999804913 0.6809999999838965
0.8249999999804913 0.6809999999838965 0.6979999999834945
0.6809999999838965 0.6979999999834945 0.7259999999828324
0.6979999999834945 0.7259999999828324 0.7969999999811535
0.7259999999828324 0.7969999999811535 0.8929999999788834
0.7969999999811535 0.8929999999788834 1.013999999976022
0.8929999999788834 1.013999999976022 1.3779999999674146
1.013999999976022 1.3779999999674146 1.1449999999729243
1.3779999999674146 1.1449999999729243 1.2559999999702995
1.1449999999729243 1.2559999999702995 1.8309999999567026
1.2559999999702995 1.8309999999567026 1.6179999999617394
1.8309999999567026 1.6179999999617394 0.891999999978907
1.6179999999617394 0.891999999978907 1.4769999999650736
0.891999999978907 1.4769999999650736 0.8129999999807751
1.4769999999650736 0.8129999999807751 1.4059999999667525
0.8129999999807751 1.4059999999667525 0.7829999999814845
1.4059999999667525 0.7829999999814845 0.877999999979238
0.7829999999814845 0.877999999979238 0.8059999999809406
0.877999999979238 0.8059999999809406 1.412999999966587
0.8059999999809406 1.412999999966587 0.7189999999829979
1.412999999966587 0.7189999999829979 0.792999999981248
0.7189999999829979 0.792999999981248 0.8569999999797346
0.792999999981248 0.8569999999797346 0.843999999980042
0.8569999999797346 0.843999999980042 1.5519999999633
0.843999999980042 1.5519999999633 0.7879999999813663
1.5519999999633 0.7879999999813663 2.163999999948828
0.7879999999813663 2.163999999948828 0.7469999999823358
2.163999999948828 0.7469999999823358 0.7059999999833053
0.7469999999823358 0.7059999999833053 0.7639999999819338
0.7059999999833053 0.7639999999819338 1.3429999999682423
0.7639999999819338 1.3429999999682423 0.8449999999800184
1.3429999999682423 0.8449999999800184 0.7989999999811062
0.8449999999800184 0.7989999999811062 1.4859999999648608
0.7989999999811062 1.4859999999648608 0.806999999980917
1.4859999999648608 0.806999999980917 0.8459999999799948
0.806999999980917 0.8459999999799948 0.8979999999787651
0.8459999999799948 0.8979999999787651 1.4939999999646716
0.8979999999787651 1.4939999999646716 0.7889999999813426
1.4939999999646716 0.7889999999813426 0.8929999999788834
0.7889999999813426 0.8929999999788834 1.3639999999677457
0.8929999999788834 1.3639999999677457 1.8399999999564898
1.3639999999677457 1.8399999999564898 0.7499999999822649
1.8399999999564898 0.7499999999822649 0.6499999999846295
0.7499999999822649 0.6499999999846295 0.653999999984535
0.6499999999846295 0.653999999984535 0.6599999999843931
0.653999999984535 0.6599999999843931 0.6679999999842039
0.6599999999843931 0.6679999999842039 0.6779999999839674
0.6679999999842039 0.6779999999839674 0.6989999999834708
0.6779999999839674 0.6989999999834708 0.7909999999812953
0.6989999999834708 0.7909999999812953 1.7549999999584998
0.7909999999812953 1.7549999999584998 0.7299999999827378
1.7549999999584998 0.7299999999827378 1.2079999999714346
0.7299999999827378 1.2079999999714346 0.8419999999800893
1.2079999999714346 0.8419999999800893 1.3999999999668944
0.8419999999800893 1.3999999999668944 0.8929999999788834
1.3999999999668944 0.8929999999788834 1.4999999999645297
0.8929999999788834 1.4999999999645297 0.7289999999827614
1.4999999999645297 0.7289999999827614 1.5879999999624488
0.7289999999827614 1.5879999999624488 0.8109999999808224
1.5879999999624488 0.8109999999808224 1.4059999999667525
0.8109999999808224 1.4059999999667525 0.7519999999822176
1.4059999999667525 0.7519999999822176 1.1729999999722622
0.7519999999822176 1.1729999999722622 0.6979999999834945
1.1729999999722622 0.6979999999834945 0.6459999999847241
0.6979999999834945 0.6459999999847241 0.6509999999846059
0.6459999999847241 0.6509999999846059 0.656999999984464
0.6509999999846059 0.656999999984464 0.6659999999842512
0.656999999984464 0.6659999999842512 0.6809999999838965
0.6659999999842512 0.6809999999838965 0.707999999983258
0.6809999999838965 0.707999999983258 0.7859999999814136
0.707999999983258 0.7859999999814136 1.5609999999630872
0.7859999999814136 1.5609999999630872 0.7459999999823594
1.5609999999630872 0.7459999999823594 2.1049999999502234
0.7459999999823594 2.1049999999502234 0.8209999999805859
2.1049999999502234 0.8209999999805859 0.7509999999822412
0.8209999999805859 0.7509999999822412 1.0639999999748397
0.7509999999822412 1.0639999999748397 0.8509999999798765
1.0639999999748397 0.8509999999798765 0.7139999999831161
0.8509999999798765 0.7139999999831161 0.7549999999821466
0.7139999999831161 0.7549999999821466 0.6119999999855281
0.7549999999821466 0.6119999999855281 1.8449999999563715
0.6119999999855281 1.8449999999563715 0.8019999999810352
1.8449999999563715 0.8019999999810352 0.8979999999787651
0.8019999999810352 0.8979999999787651 0.8929999999788834
0.8979999999787651 0.8929999999788834 1.4029999999668235
0.8929999999788834 1.4029999999668235 0.8399999999801366
1.4029999999668235 0.8399999999801366 0.976999999976897
0.8399999999801366 0.976999999976897 1.3499999999680767
0.976999999976897 1.3499999999680767 1.5269999999638912
1.3499999999680767 1.5269999999638912 0.8319999999803258
1.5269999999638912 0.8319999999803258 0.9479999999775828
0.8319999999803258 0.9479999999775828 1.4349999999660668
0.9479999999775828 1.4349999999660668 1.8339999999566317
1.4349999999660668 1.8339999999566317 0.7239999999828797
1.8339999999566317 0.7239999999828797 0.7199999999829743
0.7239999999828797 0.7199999999829743 0.7779999999816027
0.7199999999829743 0.7779999999816027 0.9509999999775118
0.7779999999816027 0.9509999999775118 0.8949999999788361
0.9509999999775118 0.8949999999788361 1.245999999970536
0.8949999999788361 1.245999999970536 0.7349999999826196
1.245999999970536 0.7349999999826196 0.7849999999814372
0.7349999999826196 0.7849999999814372 0.9349999999778902
0.7849999999814372 0.9349999999778902 0.9039999999786232
0.9349999999778902 0.9039999999786232 1.30799999996907
0.9039999999786232 1.30799999996907 0.8859999999790489
1.30799999996907 0.8859999999790489 0.7439999999824067
0.8859999999790489 0.7439999999824067 1.7659999999582396
0.7439999999824067 1.7659999999582396 0.7309999999827141
1.7659999999582396 0.7309999999827141 0.6959999999835418
0.7309999999827141 0.6959999999835418 0.7399999999825013
0.6959999999835418 0.7399999999825013 1.4369999999660195
0.7399999999825013 1.4369999999660195 0.6689999999841802
1.4369999999660195 0.6689999999841802 0.670999999984133
0.6689999999841802 0.670999999984133 0.6809999999838965
0.670999999984133 0.6809999999838965 0.6969999999835181
0.6809999999838965 0.6969999999835181 0.724999999982856
0.6969999999835181 0.724999999982856 0.7979999999811298
0.724999999982856 0.7979999999811298 0.8669999999794982
0.7979999999811298 0.8669999999794982 0.8479999999799475
0.8669999999794982 0.8479999999799475 1.4199999999664215
0.8479999999799475 1.4199999999664215 0.8849999999790725
1.4199999999664215 0.8849999999790725 0.8039999999809879
0.8849999999790725 0.8039999999809879 1.449999999965712
0.8039999999809879 1.449999999965712 0.6689999999841802
1.449999999965712 0.6689999999841802 0.6749999999840384
0.6689999999841802 0.6749999999840384 0.687999999983731
0.6749999999840384 0.687999999983731 0.7089999999832344
0.687999999983731 0.7089999999832344 0.7549999999821466
0.7089999999832344 0.7549999999821466 1.2619999999701577
0.7549999999821466 1.2619999999701577 0.5829999999862139
1.2619999999701577 0.5829999999862139 1.497999999964577
0.5829999999862139 1.497999999964577 1.7789999999579322
1.497999999964577 1.7789999999579322 1.4919999999647189
1.7789999999579322 1.4919999999647189 1.970999999953392
1.4919999999647189 1.970999999953392 0.9019999999786705
1.970999999953392 0.9019999999786705 1.4719999999651918
0.9019999999786705 1.4719999999651918 0.8129999999807751
1.4719999999651918 0.8129999999807751 1.4029999999668235
0.8129999999807751 1.4029999999668235 0.7549999999821466
1.4029999999668235 0.7549999999821466 1.0859999999743195
0.7549999999821466 1.0859999999743195 0.7059999999833053
1.0859999999743195 0.7059999999833053 0.6589999999844167
0.7059999999833053 0.6589999999844167 0.6689999999841802
0.6589999999844167 0.6689999999841802 0.6859999999837783
0.6689999999841802 0.6859999999837783 0.7179999999830216
0.6859999999837783 0.7179999999830216 0.8289999999803968
0.7179999999830216 0.8289999999803968 1.4579999999655229
0.8289999999803968 1.4579999999655229 0.8449999999800184
1.4579999999655229 0.8449999999800184 1.5409999999635602
0.8449999999800184 1.5409999999635602 0.7779999999816027
1.5409999999635602 0.7779999999816027 2.049999999951524
0.7779999999816027 2.049999999951524 0.7109999999831871
2.049999999951524 0.7109999999831871 1.6669999999605807
0.7109999999831871 1.6669999999605807 0.8229999999805386
1.6669999999605807 0.8229999999805386 1.3949999999670126
0.8229999999805386 1.3949999999670126 0.7989999999811062
1.3949999999670126 0.7989999999811062 0.8499999999799002
0.7989999999811062 0.8499999999799002 0.8589999999796873
0.8499999999799002 0.8589999999796873 1.6179999999617394
0.8589999999796873 1.6179999999617394 0.7099999999832107
1.6179999999617394 0.7099999999832107 1.8789999999555675
0.7099999999832107 1.8789999999555675 1.5869999999624724
1.8789999999555675 1.5869999999624724 0.8799999999791908
1.5869999999624724 0.8799999999791908 0.8419999999800893
0.8799999999791908 0.8419999999800893 1.3779999999674146
0.8419999999800893 1.3779999999674146 0.8569999999797346
1.3779999999674146 0.8569999999797346 0.7739999999816973
0.8569999999797346 0.7739999999816973 1.5239999999639622
0.7739999999816973 1.5239999999639622 0.8679999999794745
1.5239999999639622 0.8679999999794745 0.8209999999805859
0.8679999999794745 0.8209999999805859 1.4039999999667998
0.8209999999805859 1.4039999999667998 0.8289999999803968
1.4039999999667998 0.8289999999803968 0.8019999999810352
0.8289999999803968 0.8019999999810352 1.4759999999650972
0.8019999999810352 1.4759999999650972 0.7319999999826905
1.4759999999650972 0.7319999999826905 0.8469999999799711
0.7319999999826905 0.8469999999799711 0.7879999999813663
0.8469999999799711 0.7879999999813663 1.494999999964648
0.7879999999813663 1.494999999964648 0.8899999999789543
1.494999999964648 0.8899999999789543 0.8029999999810116
0.8899999999789543 0.8029999999810116 1.4319999999661377
0.8029999999810116 1.4319999999661377 0.6829999999838492
1.4319999999661377 0.6829999999838492 0.7069999999832817
0.6829999999838492 0.7069999999832817 0.758999999982052
0.7069999999832817 0.758999999982052 0.9729999999769916
0.758999999982052 0.9729999999769916 0.7549999999821466
0.9729999999769916 0.7549999999821466 0.6949999999835654
0.7549999999821466 0.6949999999835654 0.7499999999822649
0.6949999999835654 0.7499999999822649 1.409999999966658
0.7499999999822649 1.409999999966658 0.9679999999771098
1.409999999966658 0.9679999999771098 0.7649999999819102
0.9679999999771098 0.7649999999819102 1.9589999999536758
0.7649999999819102 1.9589999999536758 1.4769999999650736
1.9589999999536758 1.4769999999650736 0.7119999999831634
1.4769999999650736 0.7119999999831634 0.7579999999820757
0.7119999999831634 0.7579999999820757 1.180999999972073
0.7579999999820757 1.180999999972073 0.6839999999838255
1.180999999972073 0.6839999999838255 0.6479999999846768
0.6839999999838255 0.6479999999846768 0.653999999984535
0.6479999999846768 0.653999999984535 0.6609999999843694
0.653999999984535 0.6609999999843694 0.6719999999841093
0.6609999999843694 0.6719999999841093 0.6899999999836837
0.6719999999841093 0.6899999999836837 0.7259999999828324
0.6899999999836837 0.7259999999828324 0.8619999999796164
0.7259999999828324 0.8619999999796164 1.3839999999672727
0.8619999999796164 1.3839999999672727 1.47799999996505
1.3839999999672727 1.47799999996505 0.7269999999828087
1.47799999996505 0.7269999999828087 0.8179999999806569
0.7269999999828087 0.8179999999806569 0.8159999999807042
0.8179999999806569 0.8159999999807042 1.5839999999625434
0.8159999999807042 1.5839999999625434 0.6559999999844877
1.5839999999625434 0.6559999999844877 0.6609999999843694
0.6559999999844877 0.6609999999843694 0.6679999999842039
0.6609999999843694 0.6679999999842039 0.6789999999839438
0.6679999999842039 0.6789999999839438 0.6979999999834945
0.6789999999839438 0.6979999999834945 0.7349999999826196
0.6979999999834945 0.7349999999826196 0.8639999999795691
0.7349999999826196 0.8639999999795691 0.7749999999816737
0.8639999999795691 0.7749999999816737 1.6149999999618103
0.7749999999816737 1.6149999999618103 0.7939999999812244
1.6149999999618103 0.7939999999812244 2.1429999999493248
0.7939999999812244 2.1429999999493248 0.7529999999821939
2.1429999999493248 0.7529999999821939 0.7179999999830216
0.7529999999821939 0.7179999999830216 0.809999999980846
0.7179999999830216 0.809999999980846 1.5979999999622123
0.809999999980846 1.5979999999622123 0.7279999999827851
1.5979999999622123 0.7279999999827851 0.6899999999836837
0.7279999999827851 0.6899999999836837 0.7259999999828324
0.6899999999836837 0.7259999999828324 0.8639999999795691
0.7259999999828324 0.8639999999795691 1.3769999999674383
0.8639999999795691 1.3769999999674383 1.4769999999650736
1.3769999999674383 1.4769999999650736 0.741999999982454
1.4769999999650736 0.741999999982454 0.9059999999785759
0.741999999982454 0.9059999999785759 0.7409999999824777
0.9059999999785759 0.7409999999824777 1.545999999963442
0.7409999999824777 1.545999999963442 0.8449999999800184
1.545999999963442 0.8449999999800184 1.862999999955946
0.8449999999800184 1.862999999955946 0.8529999999798292
1.862999999955946 0.8529999999798292 1.6839999999601787
0.8529999999798292 1.6839999999601787 1.7909999999576485
1.6839999999601787 1.7909999999576485 1.5029999999644588
1.7909999999576485 1.5029999999644588 1.5439999999634892
1.5029999999644588 1.5439999999634892 0.9319999999779611
1.5439999999634892 0.9319999999779611 1.8809999999555203
0.9319999999779611 1.8809999999555203 1.5699999999628744
1.8809999999555203 1.5699999999628744 0.7859999999814136
1.5699999999628744 0.7859999999814136 1.4869999999648371
0.7859999999814136 1.4869999999648371 1.1339999999731845
1.4869999999648371 1.1339999999731845 0.707999999983258
1.1339999999731845 0.707999999983258 0.6499999999846295
0.707999999983258 0.6499999999846295 0.6559999999844877
0.6499999999846295 0.6559999999844877 0.6649999999842748
0.6559999999844877 0.6649999999842748 0.6789999999839438
0.6649999999842748 0.6789999999839438 0.7039999999833526
0.6789999999839438 0.7039999999833526 0.7719999999817446
0.7039999999833526 0.7719999999817446 1.4629999999654046
0.7719999999817446 1.4629999999654046 0.8199999999806096
1.4629999999654046 0.8199999999806096 1.4999999999645297
0.8199999999806096 1.4999999999645297 0.6829999999838492
1.4999999999645297 0.6829999999838492 0.7039999999833526
0.6829999999838492 0.7039999999833526 0.7519999999822176
0.7039999999833526 0.7519999999822176 1.0679999999747452
0.7519999999822176 1.0679999999747452 0.7269999999828087
1.0679999999747452 0.7269999999828087 0.6609999999843694
0.7269999999828087 0.6609999999843694 0.670999999984133
0.6609999999843694 0.670999999984133 0.6899999999836837
0.670999999984133 0.6899999999836837 0.7319999999826905
0.6899999999836837 0.7319999999826905 1.4579999999655229
0.7319999999826905 1.4579999999655229 0.6719999999841093
1.4579999999655229 0.6719999999841093 0.6859999999837783
0.6719999999841093 0.6859999999837783 0.7099999999832107
0.6859999999837783 0.7099999999832107 0.7659999999818865
0.7099999999832107 0.7659999999818865 0.9409999999777483
0.7659999999818865 0.9409999999777483 0.7549999999821466
0.9409999999777483 0.7549999999821466 0.7259999999828324
0.7549999999821466 0.7259999999828324 0.95699999997737
0.7259999999828324 0.95699999997737 1.367999999967651
0.95699999997737 1.367999999967651 2.004999999952588
1.367999999967651 2.004999999952588 0.8769999999792617
2.004999999952588 0.8769999999792617 1.6689999999605334
0.8769999999792617 1.6689999999605334 0.6629999999843221
1.6689999999605334 0.6629999999843221 1.4749999999651209
0.6629999999843221 1.4749999999651209 1.964999999953534
1.4749999999651209 1.964999999953534 1.0769999999745323
1.964999999953534 1.0769999999745323 1.2839999999696374
1.0769999999745323 1.2839999999696374 1.9109999999548108
1.2839999999696374 1.9109999999548108 1.497999999964577
1.9109999999548108 1.497999999964577 0.7509999999822412
1.497999999964577 0.7509999999822412 0.9129999999784104
0.7509999999822412 0.9129999999784104 0.7149999999830925
0.9129999999784104 0.7149999999830925 1.6129999999618576
0.7149999999830925 1.6129999999618576 0.8539999999798056
1.6129999999618576 0.8539999999798056 1.534999999963702
0.8539999999798056 1.534999999963702 0.7459999999823594
1.534999999963702 0.7459999999823594 1.5479999999633947
0.7459999999823594 1.5479999999633947 0.8459999999799948
1.5479999999633947 0.8459999999799948 1.6749999999603915
0.8459999999799948 1.6749999999603915 0.8009999999810589
1.6749999999603915 0.8009999999810589 0.670999999984133
0.8009999999810589 0.670999999984133 0.6799999999839201
0.670999999984133 0.6799999999839201 0.6869999999837546
0.6799999999839201 0.6869999999837546 0.707999999983258
0.6869999999837546 0.707999999983258 1.3689999999676274
0.707999999983258 1.3689999999676274 0.9499999999775355
1.3689999999676274 0.9499999999775355 1.1829999999720258
0.9499999999775355 1.1829999999720258 1.6009999999621414
1.1829999999720258 1.6009999999621414 0.9579999999773463
1.6009999999621414 0.9579999999773463 1.3699999999676038
0.9579999999773463 1.3699999999676038 1.6349999999613374
1.3699999999676038 1.6349999999613374 0.9249999999781267
1.6349999999613374 0.9249999999781267 1.8399999999564898
0.9249999999781267 1.8399999999564898 1.0689999999747215
1.8399999999564898 1.0689999999747215 1.3029999999691881
1.0689999999747215 1.3029999999691881 1.9439999999540305
1.3029999999691881 1.9439999999540305 1.4909999999647425
1.9439999999540305 1.4909999999647425 0.8309999999803495
1.4909999999647425 0.8309999999803495 0.8079999999808933
0.8309999999803495 0.8079999999808933 1.480999999964979
0.8079999999808933 1.480999999964979 0.7019999999833999
1.480999999964979 0.7019999999833999 0.7359999999825959
0.7019999999833999 0.7359999999825959 0.8489999999799238
0.7359999999825959 0.8489999999799238 0.7809999999815318
0.8489999999799238 0.7809999999815318 1.4999999999645297
0.7809999999815318 1.4999999999645297 1.0199999999758802
1.4999999999645297 1.0199999999758802 0.7209999999829506
1.0199999999758802 0.7209999999829506 0.6779999999839674
0.7209999999829506 0.6779999999839674 0.7019999999833999
0.6779999999839674 0.7019999999833999 0.7609999999820047
0.7019999999833999 0.7609999999820047 1.4059999999667525
0.7609999999820047 1.4059999999667525 0.9199999999782449
1.4059999999667525 0.9199999999782449 0.7299999999827378
0.9199999999782449 0.7299999999827378 1.5229999999639858
0.7299999999827378 1.5229999999639858 0.9849999999767078
1.5229999999639858 0.9849999999767078 1.8279999999567735
0.9849999999767078 1.8279999999567735 1.633999999961361
1.8279999999567735 1.633999999961361 0.7799999999815554
1.633999999961361 0.7799999999815554 0.826999999980444
0.7799999999815554 0.826999999980444 1.4619999999654283
0.826999999980444 1.4619999999654283 0.8369999999802076
1.4619999999654283 0.8369999999802076 1.4749999999651209
0.8369999999802076 1.4749999999651209 0.8129999999807751
1.4749999999651209 0.8129999999807751 1.4559999999655702
0.8129999999807751 1.4559999999655702 0.8539999999798056
1.4559999999655702 0.8539999999798056 0.8369999999802076
0.8539999999798056 0.8369999999802076 1.5029999999644588
0.8369999999802076 1.5029999999644588 1.347999999968124
1.5029999999644588 1.347999999968124 1.4749999999651209
1.347999999968124 1.4749999999651209 0.6969999999835181
1.4749999999651209 0.6969999999835181 0.7189999999829979
0.6969999999835181 0.7189999999829979 0.77599999998165
0.7189999999829979 0.77599999998165 0.95699999997737
0.77599999998165 0.95699999997737 0.7639999999819338
0.95699999997737 0.7639999999819338 0.741999999982454
0.7639999999819338 0.741999999982454 1.3739999999675092
0.741999999982454 1.3739999999675092 0.6819999999838728
1.3739999999675092 0.6819999999838728 0.6779999999839674
0.6819999999838728 0.6779999999839674 0.6899999999836837
0.6779999999839674 0.6899999999836837 0.7099999999832107
0.6899999999836837 0.7099999999832107 0.7509999999822412
0.7099999999832107 0.7509999999822412 0.9289999999780321
0.7509999999822412 0.9289999999780321 0.704999999983329
0.9289999999780321 0.704999999983329 1.565999999962969
0.704999999983329 1.565999999962969 1.0169999999759511
1.565999999962969 1.0169999999759511 1.3499999999680767
1.0169999999759511 1.3499999999680767 2.075999999950909
1.3499999999680767 2.075999999950909 0.809999999980846
2.075999999950909 0.809999999980846 0.8839999999790962
0.809999999980846 0.8839999999790962 1.3429999999682423
0.8839999999790962 1.3429999999682423 1.517999999964104
1.3429999999682423 1.517999999964104 0.8669999999794982
1.517999999964104 0.8669999999794982 0.8199999999806096
0.8669999999794982 0.8199999999806096 1.409999999966658
0.8199999999806096 1.409999999966658 0.8669999999794982
1.409999999966658 0.8669999999794982 0.7749999999816737
0.8669999999794982 0.7749999999816737 1.6589999999607699
0.7749999999816737 1.6589999999607699 0.7969999999811535
1.6589999999607699 0.7969999999811535 1.9249999999544798
0.7969999999811535 1.9249999999544798 1.47799999996505
1.9249999999544798 1.47799999996505 0.7679999999818392
1.47799999996505 0.7679999999818392 0.9579999999773463
0.7679999999818392 0.9579999999773463 0.7439999999824067
0.9579999999773463 0.7439999999824067 0.7179999999830216
0.7439999999824067 0.7179999999830216 0.8209999999805859
0.7179999999830216 0.8209999999805859 1.4879999999648135
0.8209999999805859 1.4879999999648135 0.7969999999811535
1.4879999999648135 0.7969999999811535 1.517999999964104
0.7969999999811535 1.517999999964104 0.6559999999844877
1.517999999964104 0.6559999999844877 0.6599999999843931
0.6559999999844877 0.6599999999843931 0.6669999999842275
0.6599999999843931 0.6669999999842275 0.6769999999839911
0.6669999999842275 0.6769999999839911 0.6929999999836127
0.6769999999839911 0.6929999999836127 0.721999999982927
0.6929999999836127 0.721999999982927 0.7999999999810825
0.721999999982927 0.7999999999810825 0.8449999999800184
0.7999999999810825 0.8449999999800184 0.8689999999794509
0.8449999999800184 0.8689999999794509 1.5419999999635365
0.8689999999794509 1.5419999999635365 0.7689999999818156
1.5419999999635365 0.7689999999818156 0.7479999999823121
0.7689999999818156 0.7479999999823121 1.4079999999667052
0.7479999999823121 1.4079999999667052 0.8569999999797346
1.4079999999667052 0.8569999999797346 0.7969999999811535
0.8569999999797346 0.7969999999811535 1.545999999963442
0.7969999999811535 1.545999999963442 1.276999999969803
1.545999999963442 1.276999999969803 1.4769999999650736
1.276999999969803 1.4769999999650736 0.7169999999830452
1.4769999999650736 0.7169999999830452 0.7539999999821703
0.7169999999830452 0.7539999999821703 0.9659999999771571
0.7539999999821703 0.9659999999771571 0.6179999999853862
0.9659999999771571 0.6179999999853862 1.6059999999620231
0.6179999999853862 1.6059999999620231 1.593999999962307
1.6059999999620231 1.593999999962307 0.7709999999817683
1.593999999962307 0.7709999999817683 1.599999999962165
0.7709999999817683 1.599999999962165 0.8249999999804913
1.599999999962165 0.8249999999804913 0.7569999999820993
0.8249999999804913 0.7569999999820993 1.9049999999549527
0.7569999999820993 1.9049999999549527 0.9149999999783631
1.9049999999549527 0.9149999999783631 0.8789999999792144
0.9149999999783631 0.8789999999792144 1.3319999999685024
0.8789999999792144 1.3319999999685024 0.8719999999793799
1.3319999999685024 0.8719999999793799 0.7659999999818865
0.8719999999793799 0.7659999999818865 1.6319999999614083
0.7659999999818865 1.6319999999614083 0.7479999999823121
1.6319999999614083 0.7479999999823121 1.6909999999600132
0.7479999999823121 1.6909999999600132 0.7369999999825723
1.6909999999600132 0.7369999999825723 0.6919999999836364
0.7369999999825723 0.6919999999836364 0.7349999999826196
0.6919999999836364 0.7349999999826196 1.4559999999655702
0.7349999999826196 1.4559999999655702 0.6719999999841093
1.4559999999655702 0.6719999999841093 0.6839999999838255
0.6719999999841093 0.6839999999838255 0.7059999999833053
0.6839999999838255 0.7059999999833053 0.7519999999822176
0.7059999999833053 0.7519999999822176 1.3159999999688807
0.7519999999822176 1.3159999999688807 0.6799999999839201
1.3159999999688807 0.6799999999839201 0.636999999984937
0.6799999999839201 0.636999999984937 0.6389999999848897
0.636999999984937 0.6389999999848897 0.6419999999848187
0.6389999999848897 0.6419999999848187 0.6449999999847478
0.6419999999848187 0.6449999999847478 0.6489999999846532
0.6449999999847478 0.6489999999846532 0.653999999984535
0.6489999999846532 0.653999999984535 0.6619999999843458
0.653999999984535 0.6619999999843458 0.673999999984062
0.6619999999843458 0.673999999984062 0.6949999999835654
0.673999999984062 0.6949999999835654 0.741999999982454
0.6949999999835654 0.741999999982454 1.412999999966587
0.741999999982454 1.412999999966587 0.7099999999832107
1.412999999966587 0.7099999999832107 0.7629999999819574
0.7099999999832107 0.7629999999819574 0.976999999976897
0.7629999999819574 0.976999999976897 0.7359999999825959
0.976999999976897 0.7359999999825959 0.6979999999834945
0.7359999999825959 0.6979999999834945 0.7489999999822885
0.6979999999834945 0.7489999999822885 1.401999999966847
0.7489999999822885 1.401999999966847 0.7489999999822885
1.401999999966847 0.7489999999822885 1.0319999999755964
0.7489999999822885 1.0319999999755964 0.6889999999837073
1.0319999999755964 0.6889999999837073 1.6099999999619286
0.6889999999837073 1.6099999999619286 1.9109999999548108
1.6099999999619286 1.9109999999548108 0.8009999999810589
1.9109999999548108 0.8009999999810589 0.9659999999771571
0.8009999999810589 0.9659999999771571 1.293999999969401
0.9659999999771571 1.293999999969401 1.5239999999639622
1.293999999969401 1.5239999999639622 1.4149999999665397
1.5239999999639622 1.4149999999665397 1.2349999999707961
1.4149999999665397 1.2349999999707961 0.8569999999797346
1.2349999999707961 0.8569999999797346 0.5029999999881056
0.8569999999797346 0.5029999999881056 2.0429999999516895
0.5029999999881056 2.0429999999516895 0.7659999999818865
2.0429999999516895 0.7659999999818865 0.755999999982123
0.7659999999818865 0.755999999982123 1.3719999999675565
0.755999999982123 1.3719999999675565 0.77599999998165
