0.7191999999999209 0.72609999999992 0.8944000000015
0.72609999999992 0.8944000000015 1.3562000000025236
0.8944000000015 1.3562000000025236 1.9112999999955456
1.3562000000025236 1.9112999999955456 0.7307999999982968
1.9112999999955456 0.7307999999982968 0.6425999999985024
0.7307999999982968 0.6425999999985024 0.6457999999984949
0.6425999999985024 0.6457999999984949 0.6496999999984858
0.6457999999984949 0.6496999999984858 0.6545999999984744
0.6496999999984858 0.6545999999984744 0.6608999999984597
0.6545999999984744 0.6608999999984597 0.6696999999984392
0.6608999999984597 0.6696999999984392 0.684399999998405
0.6696999999984392 0.684399999998405 0.7197999999983224
0.684399999998405 0.7197999999983224 1.4670999999965808
0.7197999999983224 1.4670999999965808 0.6642999999984518
1.4670999999965808 0.6642999999984518 0.6748999999984271
0.6642999999984518 0.6748999999984271 0.6921999999983868
0.6748999999984271 0.6921999999983868 0.7248999999983123
0.6921999999983868 0.7248999999983123 0.8249999999980773
0.7248999999983123 0.8249999999980773 0.8257999999980754
0.8249999999980773 0.8257999999980754 1.4514999999966172
0.8257999999980754 1.4514999999966172 0.7463999999982605
1.4514999999966172 0.7463999999982605 1.2170999999971635
0.7463999999982605 1.2170999999971635 0.7337999999982898
1.2170999999971635 0.7337999999982898 0.6435999999985
0.7337999999982898 0.6435999999985 0.6468999999984923
0.6435999999985 0.6468999999984923 0.6510999999984826
0.6468999999984923 0.6510999999984826 0.6562999999984704
0.6510999999984826 0.6562999999984704 0.6631999999984544
0.6562999999984704 0.6631999999984544 0.6729999999984315
0.6631999999984544 0.6729999999984315 0.6905999999983905
0.6729999999984315 0.6905999999983905 0.740999999998273
0.6905999999983905 0.740999999998273 1.4024999999967314
0.740999999998273 1.4024999999967314 1.0798999999974832
1.4024999999967314 1.0798999999974832 0.7857999999981686
1.0798999999974832 0.7857999999981686 1.8026000000137437
0.7857999999981686 1.8026000000137437 1.4868000000493566
1.8026000000137437 1.4868000000493566 1.5464000000513352
1.4868000000493566 1.5464000000513352 1.2876000000427439
1.5464000000513352 1.2876000000427439 1.5246000000506115
1.2876000000427439 1.5246000000506115 1.0087000000334854
1.5246000000506115 1.0087000000334854 0.7309000000242634
1.0087000000334854 0.7309000000242634 0.6928000000229986
0.7309000000242634 0.6928000000229986 0.7323000000243098
0.6928000000229986 0.7323000000243098 0.9252000000307135
0.7323000000243098 0.9252000000307135 1.301700000043212
0.9252000000307135 1.301700000043212 1.569500000052102
1.301700000043212 1.569500000052102 0.8099000000268859
1.569500000052102 0.8099000000268859 1.4041000000466113
0.8099000000268859 1.4041000000466113 0.7587000000251862
1.4041000000466113 0.7587000000251862 0.9785000000324828
0.7587000000251862 0.9785000000324828 0.7468000000247912
0.9785000000324828 0.7468000000247912 0.6919000000229687
0.7468000000247912 0.6919000000229687 0.7381000000245024
0.6919000000229687 0.7381000000245024 1.411500000046857
0.7381000000245024 1.411500000046857 0.7200000000239015
1.411500000046857 0.7200000000239015 0.799000000026524
0.7200000000239015 0.799000000026524 0.8455000000280677
0.799000000026524 0.8455000000280677 0.8770000000291134
0.8455000000280677 0.8770000000291134 1.4926000000495492
0.8770000000291134 1.4926000000495492 0.8228000000273141
1.4926000000495492 0.8228000000273141 1.3966000000463623
0.8228000000273141 1.3966000000463623 1.0259000000340563
1.3966000000463623 1.0259000000340563 0.7759000000257572
1.0259000000340563 0.7759000000257572 0.672600000022328
0.7759000000257572 0.672600000022328 0.6871000000228094
0.672600000022328 0.6871000000228094 0.7293000000242102
0.6871000000228094 0.7293000000242102 1.3886000000460896
0.7293000000242102 1.3886000000460896 0.8028000000266502
1.3886000000460896 0.8028000000266502 0.8698000000288744
0.8028000000266502 0.8698000000288744 0.9228000000306338
0.8698000000288744 0.9228000000306338 1.918000000063671
0.9228000000306338 1.918000000063671 1.4746000000489516
1.918000000063671 1.4746000000489516 0.7385000000245157
1.4746000000489516 0.7385000000245157 0.860000000028549
0.7385000000245157 0.860000000028549 0.7692000000255348
0.860000000028549 0.7692000000255348 1.543200000051229
0.7692000000255348 1.543200000051229 0.819000000027188
1.543200000051229 0.819000000027188 1.060800000035215
0.819000000027188 1.060800000035215 1.3376000000444037
1.060800000035215 1.3376000000444037 1.9262000000639432
1.3376000000444037 1.9262000000639432 1.5049000000499575
1.9262000000639432 1.5049000000499575 0.9846000000326853
1.5049000000499575 0.9846000000326853 0.7318000000242932
0.9846000000326853 0.7318000000242932 0.6966000000231247
0.7318000000242932 0.6966000000231247 0.7444000000247115
0.6966000000231247 0.7444000000247115 1.396800000046369
0.7444000000247115 1.396800000046369 0.704500000023387
1.396800000046369 0.704500000023387 0.743000000024665
0.704500000023387 0.743000000024665 0.8995000000298603
0.743000000024665 0.8995000000298603 0.735800000024426
0.8995000000298603 0.735800000024426 1.5875000000526995
0.735800000024426 1.5875000000526995 0.7951000000263946
1.5875000000526995 0.7951000000263946 1.635200000054283
0.7951000000263946 1.635200000054283 0.6447000000214018
1.635200000054283 0.6447000000214018 0.6449000000214085
0.6447000000214018 0.6449000000214085 0.6474000000214915
0.6449000000214085 0.6474000000214915 0.6506000000215977
0.6474000000214915 0.6506000000215977 0.6549000000217404
0.6506000000215977 0.6549000000217404 0.6608000000219363
0.6549000000217404 0.6608000000219363 0.6692000000222151
0.6608000000219363 0.6692000000222151 0.6819000000226367
0.6692000000222151 0.6819000000226367 0.7034000000233505
0.6819000000226367 0.7034000000233505 0.7489000000248609
0.7034000000233505 0.7489000000248609 1.257900000041758
0.7489000000248609 1.257900000041758 0.6743000000223844
1.257900000041758 0.6743000000223844 1.7596000000584127
0.6743000000223844 1.7596000000584127 1.4812000000491707
1.7596000000584127 1.4812000000491707 1.8610000000617788
1.4812000000491707 1.8610000000617788 1.5369000000510198
1.8610000000617788 1.5369000000510198 0.9613000000319118
1.5369000000510198 0.9613000000319118 1.4123000000468835
0.9613000000319118 1.4123000000468835 1.9003000000630834
1.4123000000468835 1.9003000000630834 0.8488000000281772
1.9003000000630834 0.8488000000281772 0.8000000000265572
0.8488000000281772 0.8000000000265572 1.525700000050648
0.8000000000265572 1.525700000050648 1.1998000000398292
1.525700000050648 1.1998000000398292 0.6834000000226865
1.1998000000398292 0.6834000000226865 0.6476000000214981
0.6834000000226865 0.6476000000214981 0.6525000000216608
0.6476000000214981 0.6525000000216608 0.6594000000218898
0.6525000000216608 0.6594000000218898 0.6695000000222251
0.6594000000218898 0.6695000000222251 0.6857000000227629
0.6695000000222251 0.6857000000227629 0.7159000000237654
0.6857000000227629 0.7159000000237654 0.8042000000266967
0.7159000000237654 0.8042000000266967 1.708100000056703
0.8042000000266967 1.708100000056703 0.6962000000231114
1.708100000056703 0.6962000000231114 0.6573000000218201
0.6962000000231114 0.6573000000218201 0.6663000000221189
0.6573000000218201 0.6663000000221189 0.6805000000225903
0.6663000000221189 0.6805000000225903 0.7057000000234268
0.6805000000225903 0.7057000000234268 0.7678000000254883
0.7057000000234268 0.7678000000254883 1.3770000000457117
0.7678000000254883 1.3770000000457117 1.0676000000354406
1.3770000000457117 1.0676000000354406 0.6200000000205819
1.0676000000354406 0.6200000000205819 1.4862000000493367
0.6200000000205819 1.4862000000493367 1.9679000000653275
1.4862000000493367 1.9679000000653275 1.471900000048862
1.9679000000653275 1.471900000048862 0.6913000000229488
1.471900000048862 0.6913000000229488 0.7038000000233637
0.6913000000229488 0.7038000000233637 0.7370000000244659
0.7038000000233637 0.7370000000244659 0.838700000027842
0.7370000000244659 0.838700000027842 0.8060000000267564
0.838700000027842 0.8060000000267564 1.4756000000489848
0.8060000000267564 1.4756000000489848 0.752700000024987
1.4756000000489848 0.752700000024987 0.9836000000326521
0.752700000024987 0.9836000000326521 0.6732000000223479
0.9836000000326521 0.6732000000223479 1.491600000049516
0.6732000000223479 1.491600000049516 1.6612000000551461
1.491600000049516 1.6612000000551461 0.7726000000256477
1.6612000000551461 0.7726000000256477 0.687000000022806
0.7726000000256477 0.687000000022806 0.728300000024177
0.687000000022806 0.728300000024177 1.3964000000463557
0.728300000024177 1.3964000000463557 0.735800000024426
1.3964000000463557 0.735800000024426 0.899400000029857
0.735800000024426 0.899400000029857 0.801500000026607
0.899400000029857 0.801500000026607 1.9969000000662902
0.801500000026607 1.9969000000662902 0.8179000000271515
1.9969000000662902 0.8179000000271515 1.4710000000488321
0.8179000000271515 1.4710000000488321 0.7287000000241903
1.4710000000488321 0.7287000000241903 0.8022000000266303
0.7287000000241903 0.8022000000266303 0.8692000000288544
0.8022000000266303 0.8692000000288544 0.8736000000290005
0.8692000000288544 0.8736000000290005 1.4686000000487525
0.8736000000290005 1.4686000000487525 0.7686000000255149
1.4686000000487525 0.7686000000255149 1.5461000000513252
0.7686000000255149 1.5461000000513252 0.8141000000270253
1.5461000000513252 0.8141000000270253 1.5703000000521286
0.8141000000270253 1.5703000000521286 0.65820000002185
1.5703000000521286 0.65820000002185 0.6634000000220226
0.65820000002185 0.6634000000220226 0.6721000000223114
0.6634000000220226 0.6721000000223114 0.6855000000227562
0.6721000000223114 0.6855000000227562 0.7086000000235231
0.6855000000227562 0.7086000000235231 0.7597000000252194
0.7086000000235231 0.7597000000252194 0.9994000000331766
0.7597000000252194 0.9994000000331766 0.7277000000241571
0.9994000000331766 0.7277000000241571 0.6847000000227297
0.7277000000241571 0.6847000000227297 0.7166000000237887
0.6847000000227297 0.7166000000237887 0.8261000000274237
0.7166000000237887 0.8261000000274237 1.4634000000485798
0.8261000000274237 1.4634000000485798 0.8345000000277025
1.4634000000485798 0.8345000000277025 1.46250000004855
0.8345000000277025 1.46250000004855 0.8246000000273739
1.46250000004855 0.8246000000273739 1.4798000000491243
0.8246000000273739 1.4798000000491243 0.6951000000230749
1.4798000000491243 0.6951000000230749 0.7313000000242766
0.6951000000230749 0.7313000000242766 0.8610000000285822
0.7313000000242766 0.8610000000285822 0.8050000000267232
0.8610000000285822 0.8050000000267232 1.6029000000532108
0.8050000000267232 1.6029000000532108 1.2096000000401546
1.6029000000532108 1.2096000000401546 1.5930000000528821
1.2096000000401546 1.5930000000528821 0.8918000000296047
1.5930000000528821 0.8918000000296047 1.4682000000487392
0.8918000000296047 1.4682000000487392 0.8274000000274668
1.4682000000487392 0.8274000000274668 1.432500000047554
0.8274000000274668 1.432500000047554 0.8884000000294918
1.432500000047554 0.8884000000294918 0.7977000000264809
0.8884000000294918 0.7977000000264809 1.4979000000497251
0.7977000000264809 1.4979000000497251 0.6584000000218566
1.4979000000497251 0.6584000000218566 0.665400000022089
0.6584000000218566 0.665400000022089 0.6764000000224542
0.665400000022089 0.6764000000224542 0.6941000000230417
0.6764000000224542 0.6941000000230417 0.7279000000241638
0.6941000000230417 0.7279000000241638 0.8353000000277291
0.7279000000241638 0.8353000000277291 0.8057000000267465
0.8353000000277291 0.8057000000267465 1.46280000004856
0.8057000000267465 1.46280000004856 0.8920000000296113
1.46280000004856 0.8920000000296113 0.8055000000267398
0.8920000000296113 0.8055000000267398 1.9463000000646105
0.8055000000267398 1.9463000000646105 0.9418000000312645
1.9463000000646105 0.9418000000312645 0.8258000000274137
0.9418000000312645 0.8258000000274137 0.872500000028964
0.8258000000274137 0.872500000028964 1.3469000000447124
0.872500000028964 1.3469000000447124 1.4817000000491873
1.3469000000447124 1.4817000000491873 0.8061000000267597
1.4817000000491873 0.8061000000267597 0.8379000000278154
0.8061000000267597 0.8379000000278154 0.90160000002993
0.8379000000278154 0.90160000002993 1.4514000000481815
0.90160000002993 1.4514000000481815 0.8525000000283001
1.4514000000481815 0.8525000000283001 1.8043000000598965
0.8525000000283001 1.8043000000598965 0.7060000000234368
1.8043000000598965 0.7060000000234368 1.7909000000594517
0.7060000000234368 1.7909000000594517 1.4681000000487359
1.7909000000594517 1.4681000000487359 1.9670000000652976
1.4681000000487359 1.9670000000652976 1.483800000049257
1.9670000000652976 1.483800000049257 0.689500000022889
1.483800000049257 0.689500000022889 0.7080000000235032
0.689500000022889 0.7080000000235032 0.7495000000248808
0.7080000000235032 0.7495000000248808 0.9452000000313774
0.7495000000248808 0.9452000000313774 0.6994000000232177
0.9452000000313774 0.6994000000232177 1.5147000000502828
0.6994000000232177 1.5147000000502828 1.4689000000487624
1.5147000000502828 1.4689000000487624 0.8074000000268029
1.4689000000487624 0.8074000000268029 0.836200000027759
0.8074000000268029 0.836200000027759 0.967300000032111
0.836200000027759 0.967300000032111 1.8286000000607032
0.967300000032111 1.8286000000607032 1.6113000000534896
1.8286000000607032 1.6113000000534896 0.7857000000260825
1.6113000000534896 0.7857000000260825 1.4900000000494629
0.7857000000260825 1.4900000000494629 0.9043000000300196
1.4900000000494629 0.9043000000300196 0.7356000000244194
0.9043000000300196 0.7356000000244194 1.5594000000517667
0.7356000000244194 1.5594000000517667 0.824000000027354
1.5594000000517667 0.824000000027354 1.4222000000472121
0.824000000027354 1.4222000000472121 0.9278000000307998
1.4222000000472121 0.9278000000307998 0.7755000000257439
0.9278000000307998 0.7755000000257439 0.7469000000247945
0.7755000000257439 0.7469000000247945 1.4086000000467607
0.7469000000247945 1.4086000000467607 1.1033000000366258
1.4086000000467607 1.1033000000366258 0.7511000000249339
1.1033000000366258 0.7511000000249339 1.8109000000601156
0.7511000000249339 1.8109000000601156 1.4759000000489948
1.8109000000601156 1.4759000000489948 1.835499999570601
1.4759000000489948 1.835499999570601 0.8087999997969746
1.835499999570601 0.8087999997969746 0.563399999858575
0.8087999997969746 0.563399999858575 1.9270999995162583
0.563399999858575 1.9270999995162583 0.8507999997864317
1.9270999995162583 0.8507999997864317 0.9363999997649444
0.8507999997864317 0.9363999997649444 1.4185999996439023
0.9363999997649444 1.4185999996439023 0.9098999997715964
1.4185999996439023 0.9098999997715964 1.431599999640639
0.9098999997715964 1.431599999640639 0.919099999769287
1.431599999640639 0.919099999769287 1.4222999996429735
0.919099999769287 1.4222999996429735 1.4398999996385555
1.4222999996429735 1.4398999996385555 0.8503999997865321
1.4398999996385555 0.8503999997865321 1.3058999996721923
0.8503999997865321 1.3058999996721923 1.0186999997442854
1.3058999996721923 1.0186999997442854 1.4034999996476927
1.0186999997442854 1.4034999996476927 0.9103999997714709
1.4034999996476927 0.9103999997714709 1.475799999629544
0.9103999997714709 1.475799999629544 0.8036999997982548
1.475799999629544 0.8036999997982548 1.433499999640162
0.8036999997982548 1.433499999640162 0.6751999998305109
1.433499999640162 0.6751999998305109 0.686899999827574
0.6751999998305109 0.686899999827574 0.708499999822152
0.686899999827574 0.708499999822152 0.7546999998105548
0.708499999822152 0.7546999998105548 1.5558999996094371
0.7546999998105548 1.5558999996094371 0.6513999998364852
1.5558999996094371 0.6513999998364852 0.6312999998415307
0.6513999998364852 0.6312999998415307 0.6318999998413801
0.6312999998415307 0.6318999998413801 0.6327999998411542
0.6318999998413801 0.6327999998411542 0.633999999840853
0.6327999998411542 0.633999999840853 0.6353999998405016
0.633999999840853 0.6353999998405016 0.6370999998400748
0.6353999998405016 0.6370999998400748 0.6391999998395477
0.6370999998400748 0.6391999998395477 0.641799999838895
0.6391999998395477 0.641799999838895 0.6452999998380164
0.641799999838895 0.6452999998380164 0.649699999836912
0.6452999998380164 0.649699999836912 0.6557999998353807
0.649699999836912 0.6557999998353807 0.6645999998331718
0.6557999998353807 0.6645999998331718 0.6782999998297328
0.6645999998331718 0.6782999998297328 0.7029999998235326
0.6782999998297328 0.7029999998235326 0.765299999807894
0.7029999998235326 0.765299999807894 1.4170999996442788
0.765299999807894 1.4170999996442788 0.9794999997541254
1.4170999996442788 0.9794999997541254 0.7336999998158262
0.9794999997541254 0.7336999998158262 0.6968999998250638
0.7336999998158262 0.6968999998250638 0.746699999812563
0.6968999998250638 0.746699999812563 1.3994999996486968
0.746699999812563 1.3994999996486968 0.7281999998172068
1.3994999996486968 0.7281999998172068 0.8205999997940125
0.7281999998172068 0.8205999997940125 0.8118999997961964
0.8205999997940125 0.8118999997961964 1.5440999996123992
0.8118999997961964 1.5440999996123992 0.6642999998332471
1.5440999996123992 0.6642999998332471 0.6715999998314146
0.6642999998332471 0.6715999998314146 0.6840999998282769
0.6715999998314146 0.6840999998282769 0.7050999998230054
0.6840999998282769 0.7050999998230054 0.7490999998119605
0.7050999998230054 0.7490999998119605 1.0198999997439842
0.7490999998119605 1.0198999997439842 0.6867999998275991
1.0198999997439842 0.6867999998275991 1.4978999996239963
0.6867999998275991 1.4978999996239963 2.1456999994613852
1.4978999996239963 2.1456999994613852 0.7345999998156003
2.1456999994613852 0.7345999998156003 0.6962999998252144
0.7345999998156003 0.6962999998252144 0.7405999998140942
0.6962999998252144 0.7405999998140942 1.393399999650228
0.7405999998140942 1.393399999650228 0.6845999998281513
1.393399999650228 0.6845999998281513 0.6645999998331718
0.6845999998281513 0.6645999998331718 0.6718999998313393
0.6645999998331718 0.6718999998313393 0.6817999998288542
0.6718999998313393 0.6817999998288542 0.6965999998251391
0.6817999998288542 0.6965999998251391 0.7223999998186628
0.6965999998251391 0.7223999998186628 0.783899999803225
0.7223999998186628 0.783899999803225 0.9341999997654966
0.783899999803225 0.9341999997654966 0.7980999997996605
0.9341999997654966 0.7980999997996605 0.8135999997957697
0.7980999997996605 0.8135999997957697 1.5485999996112696
0.8135999997957697 1.5485999996112696 0.7491999998119354
1.5485999996112696 0.7491999998119354 0.7207999998190644
0.7491999998119354 0.7207999998190644 0.8312999997913266
0.7207999998190644 0.8312999997913266 1.4514999996356437
0.8312999997913266 1.4514999996356437 0.8335999997907493
1.4514999996356437 0.8335999997907493 1.4113999996457096
0.8335999997907493 1.4113999996457096 1.0256999997425282
1.4113999996457096 1.0256999997425282 0.7175999998198677
1.0256999997425282 0.7175999998198677 0.6763999998302097
0.7175999998198677 0.6763999998302097 0.6987999998245868
0.6763999998302097 0.6987999998245868 0.7507999998115338
0.6987999998245868 0.7507999998115338 1.3901999996510312
0.7507999998115338 1.3901999996510312 0.7489999998119856
1.3901999996510312 0.7489999998119856 0.9743999997554056
0.7489999998119856 0.9743999997554056 0.6938999998258168
0.9743999997554056 0.6938999998258168 1.4803999996283892
0.6938999998258168 1.4803999996283892 1.7592999995583796
1.4803999996283892 1.7592999995583796 0.7825999998035513
1.7592999995583796 0.7825999998035513 0.6620999998337993
0.7825999998035513 0.6620999998337993 0.6694999998319418
0.6620999998337993 0.6694999998319418 0.6778999998298332
0.6694999998319418 0.6778999998298332 0.6883999998271975
0.6778999998298332 0.6883999998271975 0.7399999998142448
0.6883999998271975 0.7399999998142448 1.5022999996228918
0.7399999998142448 1.5022999996228918 1.270899999680978
1.5022999996228918 1.270899999680978 1.581499999603011
1.270899999680978 1.581499999603011 0.8097999997967236
1.581499999603011 0.8097999997967236 1.4974999996240967
0.8097999997967236 1.4974999996240967 0.6828999998285781
1.4974999996240967 0.6828999998285781 0.6990999998245115
0.6828999998285781 0.6990999998245115 0.731999999816253
0.6990999998245115 0.731999999816253 0.8317999997912011
0.731999999816253 0.8317999997912011 0.8000999997991585
0.8317999997912011 0.8000999997991585 1.4774999996291172
0.8000999997991585 1.4774999996291172 0.7258999998177842
1.4774999996291172 0.7258999998177842 0.8100999997966483
0.7258999998177842 0.8100999997966483 0.8283999997920546
0.8100999997966483 0.8283999997920546 0.9423999997634382
0.8283999997920546 0.9423999997634382 1.38159999965319
0.9423999997634382 1.38159999965319 1.4895999996260798
1.38159999965319 1.4895999996260798 0.8904999997764662
1.4895999996260798 0.8904999997764662 0.8109999997964223
0.8904999997764662 0.8109999997964223 1.3938999996501025
0.8109999997964223 1.3938999996501025 0.7340999998157258
1.3938999996501025 0.7340999998157258 0.8859999997775958
0.7340999998157258 0.8859999997775958 0.813299999795845
0.8859999997775958 0.813299999795845 1.9158999995190698
0.813299999795845 1.9158999995190698 1.0354999997400682
1.9158999995190698 1.0354999997400682 0.36759999990772485
1.0354999997400682 0.36759999990772485 1.8061999995466067
0.36759999990772485 1.8061999995466067 1.4990999996236951
1.8061999995466067 1.4990999996236951 1.4637999996325561
1.4990999996236951 1.4637999996325561 1.4228999996428229
1.4637999996325561 1.4228999996428229 0.42649999989293974
1.4228999996428229 0.42649999989293974 1.8652999995317714
0.42649999989293974 1.8652999995317714 1.5414999996130518
1.8652999995317714 1.5414999996130518 0.812299999796096
1.5414999996130518 0.812299999796096 1.492299999625402
0.812299999796096 1.492299999625402 0.6915999998263942
1.492299999625402 0.6915999998263942 0.7215999998188636
0.6915999998263942 0.7215999998188636 0.8051999997978783
0.7215999998188636 0.8051999997978783 0.8353999997902974
0.8051999997978783 0.8353999997902974 0.9257999997676052
0.8353999997902974 0.9257999997676052 1.4430999996377523
0.9257999997676052 1.4430999996377523 1.4333999996401872
1.4430999996377523 1.4333999996401872 1.3417999996631806
1.4333999996401872 1.3417999996631806 0.8257999997927072
1.3417999996631806 0.8257999997927072 1.4896999996260547
0.8257999997927072 1.4896999996260547 0.7630999998084462
1.4896999996260547 0.7630999998084462 1.1619999997083141
0.7630999998084462 1.1619999997083141 0.6990999998245115
1.1619999997083141 0.6990999998245115 0.6547999998356318
0.6990999998245115 0.6547999998356318 0.662399999833724
0.6547999998356318 0.662399999833724 0.6738999998308373
0.662399999833724 0.6738999998308373 0.692799999826093
0.6738999998308373 0.692799999826093 0.7307999998165542
0.692799999826093 0.7307999998165542 0.8904999997764662
0.7307999998165542 0.8904999997764662 1.3190999996688788
0.8904999997764662 1.3190999996688788 1.5538999996099392
1.3190999996688788 1.5538999996099392 0.8075999997972758
1.5538999996099392 0.8075999997972758 1.4973999996241218
0.8075999997972758 1.4973999996241218 0.6879999998272979
1.4973999996241218 0.6879999998272979 0.7122999998211981
0.6879999998272979 0.7122999998211981 0.7690999998069401
0.7122999998211981 0.7690999998069401 0.9359999997650448
0.7690999998069401 0.9359999997650448 0.7541999998106803
0.9359999997650448 0.7541999998106803 0.736899999815023
0.7541999998106803 0.736899999815023 1.4478999996365474
0.736899999815023 1.4478999996365474 0.672199999831264
1.4478999996365474 0.672199999831264 0.6833999998284526
0.672199999831264 0.6833999998284526 0.7032999998234573
0.6833999998284526 0.7032999998234573 0.7437999998132909
0.7032999998234573 0.7437999998132909 0.9233999997682076
0.7437999998132909 0.9233999997682076 0.7254999998178846
0.9233999997682076 0.7254999998178846 1.5190999996186747
0.7254999998178846 1.5190999996186747 1.1253999997175015
1.5190999996186747 1.1253999997175015 1.7045999995721104
1.1253999997175015 1.7045999995721104 1.4904999996258539
1.7045999995721104 1.4904999996258539 1.9889999995007202
1.4904999996258539 1.9889999995007202 1.0035999997480758
1.9889999995007202 1.0035999997480758 1.341499999663256
1.0035999997480758 1.341499999663256 1.5042999996223898
1.341499999663256 1.5042999996223898 0.9538999997605515
1.5042999996223898 0.9538999997605515 0.7447999998130399
0.9538999997605515 0.7447999998130399 0.7177999998198175
0.7447999998130399 0.7177999998198175 0.8285999997920044
0.7177999998198175 0.8285999997920044 1.4572999996341878
0.8285999997920044 1.4572999996341878 0.8412999997888164
1.4572999996341878 0.8412999997888164 1.4984999996238457
0.8412999997888164 1.4984999996238457 0.7876999998022711
1.4984999996238457 0.7876999998022711 1.598199999598819
0.7876999998022711 1.598199999598819 1.0379999997394407
1.598199999598819 1.0379999997394407 1.9196999995181159
1.0379999997394407 1.9196999995181159 0.7408999998140189
1.9196999995181159 0.7408999998140189 0.7086999998221017
0.7408999998140189 0.7086999998221017 0.7785999998045554
0.7086999998221017 0.7785999998045554 1.4242999996424714
0.7785999998045554 1.4242999996424714 0.8433999997882893
1.4242999996424714 0.8433999997882893 0.8966999997749099
0.8433999997882893 0.8966999997749099 1.485399999627134
0.8966999997749099 1.485399999627134 0.7971999997998864
1.485399999627134 0.7971999997998864 1.5418999996129514
0.7971999997998864 1.5418999996129514 0.6530999998360585
1.5418999996129514 0.6530999998360585 0.6544999998357071
0.6530999998360585 0.6544999998357071 0.6590999998345524
0.6544999998357071 0.6590999998345524 0.6655999998329207
0.6590999998345524 0.6655999998329207 0.6749999998305611
0.6655999998329207 0.6749999998305611 0.6896999998268711
0.6749999998305611 0.6896999998268711 0.7157999998203195
0.6896999998268711 0.7157999998203195 0.7786999998045303
0.7157999998203195 0.7786999998045303 0.8971999997747844
0.7786999998045303 0.8971999997747844 0.782899999803476
0.8971999997747844 0.782899999803476 0.8482999997870593
0.782899999803476 0.8482999997870593 1.4147999996448561
0.8482999997870593 1.4147999996448561 1.5112999996206327
1.4147999996448561 1.5112999996206327 0.6757999998303603
1.5112999996206327 0.6757999998303603 0.6926999998261181
0.6757999998303603 0.6926999998261181 0.7249999998180101
0.6926999998261181 0.7249999998180101 0.8212999997938368
0.7249999998180101 0.8212999997938368 0.8182999997945899
0.8212999997938368 0.8182999997945899 1.4769999996292427
0.8182999997945899 1.4769999996292427 0.7038999998233066
1.4769999996292427 0.7038999998233066 0.7518999998112577
0.7038999998233066 0.7518999998112577 1.0555999997350227
0.7518999998112577 1.0555999997350227 0.732999999816002
1.0555999997350227 0.732999999816002 0.6628999998335985
0.732999999816002 0.6628999998335985 0.6749999998305611
0.6628999998335985 0.6749999998305611 0.6970999998250136
0.6749999998305611 0.6970999998250136 0.755499999810354
0.6970999998250136 0.755499999810354 1.4189999996438019
0.755499999810354 1.4189999996438019 0.9864999997523682
1.4189999996438019 0.9864999997523682 0.7455999998128391
0.9864999997523682 0.7455999998128391 0.6871999998274987
0.7455999998128391 0.6871999998274987 0.7252999998179348
0.6871999998274987 0.7252999998179348 1.0393999997390893
0.7252999998179348 1.0393999997390893 1.4326999996403629
1.0393999997390893 1.4326999996403629 1.7693999995558443
1.4326999996403629 1.7693999995558443 1.5296999996160139
1.7693999995558443 1.5296999996160139 0.9097999997716215
1.5296999996160139 0.9097999997716215 1.996099999498938
0.9097999997716215 1.996099999498938 0.8623999997835199
1.996099999498938 0.8623999997835199 1.2687999996815051
0.8623999997835199 1.2687999996815051 0.7178999998197924
1.2687999996815051 0.7178999998197924 0.7384999998146213
0.7178999998197924 0.7384999998146213 0.8498999997866576
0.7384999998146213 0.8498999997866576 0.7827999998035011
0.8498999997866576 0.7827999998035011 1.6094999995959824
0.7827999998035011 1.6094999995959824 0.8321999997911007
1.6094999995959824 0.8321999997911007 0.985799999752544
0.8321999997911007 0.985799999752544 1.3363999996645362
0.985799999752544 1.3363999996645362 1.970499999505364
1.3363999996645362 1.970499999505364 0.7040999998232564
1.970499999505364 0.7040999998232564 0.6386999998396732
0.7040999998232564 0.6386999998396732 0.6410999998390707
0.6386999998396732 0.6410999998390707 0.6440999998383177
0.6410999998390707 0.6440999998383177 0.6478999998373638
0.6440999998383177 0.6478999998373638 0.6528999998361087
0.6478999998373638 0.6528999998361087 0.6596999998344018
0.6528999998361087 0.6596999998344018 0.6698999998318413
0.6596999998344018 0.6698999998318413 0.6871999998274987
0.6698999998318413 0.6871999998274987 0.7254999998178846
0.6871999998274987 0.7254999998178846 1.126899999717125
0.7254999998178846 1.126899999717125 1.436499999639409
1.126899999717125 1.436499999639409 1.7041999995722108
1.436499999639409 1.7041999995722108 1.829499999540758
1.7041999995722108 1.829499999540758 1.919599999518141
1.829499999540758 1.919599999518141 0.6984999998246622
1.919599999518141 0.6984999998246622 0.6592999998345022
0.6984999998246622 0.6592999998345022 0.6693999998319669
0.6592999998345022 0.6693999998319669 0.6855999998279003
0.6693999998319669 0.6855999998279003 0.716299999820194
0.6855999998279003 0.716299999820194 0.8081999997971252
0.716299999820194 0.8081999997971252 1.5950999995995971
0.8081999997971252 1.5950999995995971 0.7285999998171064
1.5950999995995971 0.7285999998171064 0.6923999998261934
0.7285999998171064 0.6923999998261934 0.7322999998161777
0.6923999998261934 0.7322999998161777 0.9437999997630868
0.7322999998161777 0.9437999997630868 1.2991999996738741
0.9437999997630868 1.2991999996738741 1.5199999996184488
1.2991999996738741 1.5199999996184488 1.1966999996996037
1.5199999996184488 1.1966999996996037 1.6962999995741939
1.1966999996996037 1.6962999995741939 1.4794999996286151
1.6962999995741939 1.4794999996286151 1.8611999995328006
1.4794999996286151 1.8611999995328006 1.5379999996139304
1.8611999995328006 1.5379999996139304 0.9417999997635889
1.5379999996139304 0.9417999997635889 1.4179999996440529
0.9417999997635889 1.4179999996440529 1.5787999996036888
1.4179999996440529 1.5787999996036888 1.239599999688835
1.5787999996036888 1.239599999688835 1.5568999996091861
1.239599999688835 1.5568999996091861 0.9324999997659233
1.5568999996091861 0.9324999997659233 1.3996999996486466
0.9324999997659233 1.3996999996486466 1.4702999996309245
1.3996999996486466 1.4702999996309245 0.9224999997684336
1.4702999996309245 0.9224999997684336 0.8158999997951923
0.9224999997684336 0.8158999997951923 0.8753999997802566
0.8158999997951923 0.8753999997802566 1.8573999995337545
0.8753999997802566 1.8573999995337545 1.7497999995607643
1.8573999995337545 1.7497999995607643 0.7177999998198175
1.7497999995607643 0.7177999998198175 0.6738999998308373
0.7177999998198175 0.6738999998308373 0.6943999998256913
0.6738999998308373 0.6943999998256913 0.7395999998143452
0.6943999998256913 0.7395999998143452 1.423699999642622
0.7395999998143452 1.423699999642622 0.682999999828553
1.423699999642622 0.682999999828553 0.7008999998240597
0.682999999828553 0.7008999998240597 0.7373999998148975
0.7008999998240597 0.7373999998148975 0.8656999997826915
0.7373999998148975 0.8656999997826915 0.7635999998083207
0.8656999997826915 0.7635999998083207 1.5936999995999486
0.7635999998083207 1.5936999995999486 0.7650999998079442
1.5936999995999486 0.7650999998079442 1.639399999588477
0.7650999998079442 1.639399999588477 0.7761999998051579
1.639399999588477 0.7761999998051579 0.7018999998238087
0.7761999998051579 0.7018999998238087 0.7972999997998613
0.7018999998238087 0.7972999997998613 1.5371999996141312
0.7972999997998613 1.5371999996141312 0.8297999997917032
1.5371999996141312 0.8297999997917032 1.3323999996655402
0.8297999997917032 1.3323999996655402 0.9243999997679566
1.3323999996655402 0.9243999997679566 1.2391999996889353
0.9243999997679566 1.2391999996889353 1.6557999995843602
1.2391999996889353 1.6557999995843602 0.7751999998054089
1.6557999995843602 0.7751999998054089 0.801499999798807
0.7751999998054089 0.801499999798807 1.6322999995902592
0.801499999798807 1.6322999995902592 0.7216999998188385
1.6322999995902592 0.7216999998188385 0.6776999998298834
0.7216999998188385 0.6776999998298834 0.7017999998238338
0.6776999998298834 0.7017999998238338 0.7618999998087475
0.7017999998238338 0.7618999998087475 1.4102999996459857
0.7618999998087475 1.4102999996459857 1.0560999997348972
1.4102999996459857 1.0560999997348972 0.6782999998297328
1.0560999997348972 0.6782999998297328 1.566899999606676
0.6782999998297328 1.566899999606676 1.8566999995339302
1.566899999606676 1.8566999995339302 1.463899999632531
1.8566999995339302 1.463899999632531 1.2310999996909686
1.463899999632531 1.2310999996909686 1.7403999995631239
1.2310999996909686 1.7403999995631239 1.4937999996250255
1.7403999995631239 1.4937999996250255 1.7877999995512255
1.4937999996250255 1.7877999995512255 1.4797999996285398
1.7877999995512255 1.4797999996285398 2.0485999994857593
1.4797999996285398 2.0485999994857593 0.8084999997970499
2.0485999994857593 0.8084999997970499 0.9890999997517156
0.8084999997970499 0.9890999997517156 1.266899999681982
0.9890999997517156 1.266899999681982 1.4899999996259794
1.266899999681982 1.4899999996259794 1.7898999995506983
1.4899999996259794 1.7898999995506983 0.8026999997985058
1.7898999995506983 0.8026999997985058 0.6614999998339499
0.8026999997985058 0.6614999998339499 0.6699999998318162
0.6614999998339499 0.6699999998318162 0.6814999998289295
0.6699999998318162 0.6814999998289295 0.6979999998247877
0.6814999998289295 0.6979999998247877 0.720199999819215
0.6979999998247877 0.720199999819215 0.6688999998320924
0.720199999819215 0.6688999998320924 1.2918999996757066
0.6688999998320924 1.2918999996757066 0.801499999798807
1.2918999996757066 0.801499999798807 1.4194999996436763
0.801499999798807 1.4194999996436763 0.4288999998923373
1.4194999996436763 0.4288999998923373 1.864699999531922
0.4288999998923373 1.864699999531922 1.558099999608885
1.864699999531922 1.558099999608885 0.7929999998009407
1.558099999608885 0.7929999998009407 1.4777999996290418
0.7929999998009407 1.4777999996290418 1.122999999718104
1.4777999996290418 1.122999999718104 0.7215999998188636
1.122999999718104 0.7215999998188636 0.6511999998365354
0.7215999998188636 0.6511999998365354 0.6572999998350042
0.6511999998365354 0.6572999998350042 0.666299999832745
0.6572999998350042 0.666299999832745 0.6807999998291052
0.666299999832745 0.6807999998291052 0.7096999998218507
0.6807999998291052 0.7096999998218507 0.8095999997967738
0.7096999998218507 0.8095999997967738 1.4999999996234692
0.8095999997967738 1.4999999996234692 0.8076999997972507
1.4999999996234692 0.8076999997972507 1.405099999647291
0.8076999997972507 1.405099999647291 0.7071999998224783
1.405099999647291 0.7071999998224783 0.7620999998086972
0.7071999998224783 0.7620999998086972 0.9495999997616309
0.7620999998086972 0.9495999997616309 0.7696999998067895
0.9495999997616309 0.7696999998067895 0.714299999820696
0.7696999998067895 0.714299999820696 0.8878999997771189
0.714299999820696 0.8878999997771189 1.8521999995350598
0.8878999997771189 1.8521999995350598 1.5218999996179718
1.8521999995350598 1.5218999996179718 0.9764999997548784
1.5218999996179718 0.9764999997548784 0.6716999998313895
0.9764999997548784 0.6716999998313895 1.5058999996219882
0.6716999998313895 1.5058999996219882 1.742299999562647
1.5058999996219882 1.742299999562647 0.7607999998090236
1.742299999562647 0.7607999998090236 1.8412999995377959
0.7607999998090236 1.8412999995377959 1.5117999996205072
1.8412999995377959 1.5117999996205072 1.476699999629318
1.5117999996205072 1.476699999629318 0.7036999998233568
1.476699999629318 0.7036999998233568 0.751599999811333
0.7036999998233568 0.751599999811333 1.0606999997337425
0.751599999811333 1.0606999997337425 0.7324999998161275
1.0606999997337425 0.7324999998161275 0.6616999998338997
0.7324999998161275 0.6616999998338997 0.6729999998310632
0.6616999998338997 0.6729999998310632 0.6932999998259675
0.6729999998310632 0.6932999998259675 0.7428999998135168
0.6932999998259675 0.7428999998135168 1.4047999996473663
0.7428999998135168 1.4047999996473663 0.7679999998072162
1.4047999996473663 0.7679999998072162 0.9252999997677307
0.7679999998072162 0.9252999997677307 0.7669999998074672
0.9252999997677307 0.7669999998074672 0.7489999998119856
0.7669999998074672 0.7489999998119856 1.4075999996466635
0.7489999998119856 1.4075999996466635 0.8463999997875362
1.4075999996466635 0.8463999997875362 0.7978999997997107
0.8463999997875362 0.7978999997997107 1.4875999996265818
0.7978999997997107 1.4875999996265818 0.8875999997771942
1.4875999996265818 0.8875999997771942 0.8316999997912262
0.8875999997771942 0.8316999997912262 1.4347999996398357
0.8316999997912262 1.4347999996398357 1.5056999996220384
1.4347999996398357 1.5056999996220384 0.7955999998002881
1.5056999996220384 0.7955999998002881 0.7052999998229552
0.7955999998002881 0.7052999998229552 0.761399999808873
0.7052999998229552 0.761399999808873 1.1653999997074607
0.761399999808873 1.1653999997074607 0.7692999998068899
1.1653999997074607 0.7692999998068899 0.7600999998091993
0.7692999998068899 0.7600999998091993 1.1536999997103976
0.7600999998091993 1.1536999997103976 0.7615999998088228
1.1536999997103976 0.7615999998088228 1.1177999997194092
0.7615999998088228 1.1177999997194092 0.7842999998031246
1.1177999997194092 0.7842999998031246 0.6823999998287036
0.7842999998031246 0.6823999998287036 1.2637999996827602
0.6823999998287036 1.2637999996827602 0.7570999998099524
1.2637999996827602 0.7570999998099524 0.9977999997495317
0.7570999998099524 0.9977999997495317 0.8539999997856285
0.9977999997495317 0.8539999997856285 0.6945999998256411
0.8539999997856285 0.6945999998256411 0.7150999998204952
0.6945999998256411 0.7150999998204952 1.8837999995271275
0.7150999998204952 1.8837999995271275 1.0887999997266888
1.8837999995271275 1.0887999997266888 0.7405999998140942
1.0887999997266888 0.7405999998140942 0.6783999998297077
0.7405999998140942 0.6783999998297077 0.7004999998241601
0.6783999998297077 0.7004999998241601 0.7488999998120107
0.7004999998241601 0.7488999998120107 1.0833999997280443
0.7488999998120107 1.0833999997280443 0.8422999997885654
1.0833999997280443 0.8422999997885654 0.7071999998224783
0.8422999997885654 0.7071999998224783 0.7454999998128642
0.7071999998224783 0.7454999998128642 0.8089999997969244
0.7454999998128642 0.8089999997969244 1.0966999997247058
0.8089999997969244 1.0966999997247058 0.8339999997906489
1.0966999997247058 0.8339999997906489 1.4239999996425468
0.8339999997906489 1.4239999996425468 0.8521999997860803
1.4239999996425468 0.8521999997860803 1.3242999996675735
0.8521999997860803 1.3242999996675735 0.7580999998097013
1.3242999996675735 0.7580999998097013 1.0313999997410974
0.7580999998097013 1.0313999997410974 0.5697999998569685
1.0313999997410974 0.5697999998569685 1.5751999996045924
0.5697999998569685 1.5751999996045924 1.5189999996186998
1.5751999996045924 1.5189999996186998 1.4232999996427225
1.5189999996186998 1.4232999996427225 0.7488999998120107
1.4232999996427225 0.7488999998120107 1.0584999997342948
0.7488999998120107 1.0584999997342948 0.7859999998026979
1.0584999997342948 0.7859999998026979 0.668299999832243
0.7859999998026979 0.668299999832243 0.6768999998300842
0.668299999832243 0.6768999998300842 0.6899999998267958
0.6768999998300842 0.6899999998267958 0.7487999998120358
0.6899999998267958 0.7487999998120358 1.5622999996078306
0.7487999998120358 1.5622999996078306 1.1903999997011852
1.5622999996078306 1.1903999997011852 1.5811999996030863
1.1903999997011852 1.5811999996030863 1.1030999997230992
1.5811999996030863 1.1030999997230992 1.3125999996705104
1.1030999997230992 1.3125999996705104 1.879499999528207
1.3125999996705104 1.879499999528207 1.603999999597363
1.879499999528207 1.603999999597363 0.7875999998022962
1.603999999597363 0.7875999998022962 0.895599999775186
0.7875999998022962 0.895599999775186 1.3741999996550476
0.895599999775186 1.3741999996550476 1.6524999995851886
1.3741999996550476 1.6524999995851886 0.8353999997902974
1.6524999995851886 0.8353999997902974 0.6900999998267707
0.8353999997902974 0.6900999998267707 0.7019999998237836
0.6900999998267707 0.7019999998237836 1.3860999996520604
0.7019999998237836 1.3860999996520604 1.2074999996968927
1.3860999996520604 1.2074999996968927 1.0030999997482013
1.2074999996968927 1.0030999997482013 0.8854999997777213
1.0030999997482013 0.8854999997777213 0.809399999796824
0.8854999997777213 0.809399999796824 1.6311999995905353
0.809399999796824 1.6311999995905353 0.7266999998175834
1.6311999995905353 0.7266999998175834 0.6690999998320422
0.7266999998175834 0.6690999998320422 0.6841999998282517
0.6690999998320422 0.6841999998282517 0.7117999998213236
0.6841999998282517 0.7117999998213236 0.7836999998032752
0.7117999998213236 0.7836999998032752 1.3536999996601935
0.7836999998032752 1.3536999996601935 0.8647999997829174
1.3536999996601935 0.8647999997829174 0.9761999997549538
0.8647999997829174 0.9761999997549538 1.37669999965442
0.9761999997549538 1.37669999965442 1.4939999996249753
1.37669999965442 1.4939999996249753 0.6867999998275991
1.4939999996249753 0.6867999998275991 0.7065999998226289
0.6867999998275991 0.7065999998226289 0.749599999811835
0.7065999998226289 0.749599999811835 0.979899999754025
0.749599999811835 0.979899999754025 0.688799999827097
0.979899999754025 0.688799999827097 1.478699999628816
0.688799999827097 1.478699999628816 1.659999999583306
1.478699999628816 1.659999999583306 0.814299999795594
1.659999999583306 0.814299999795594 0.6846999998281262
0.814299999795594 0.6846999998281262 0.702599999823633
0.6846999998281262 0.702599999823633 1.3739999996550978
0.702599999823633 1.3739999996550978 0.7109999998215244
1.3739999996550978 0.7109999998215244 0.7757999998052583
0.7109999998215244 0.7757999998052583 0.9158999997700903
0.7757999998052583 0.9158999997700903 0.8168999997949413
0.9158999997700903 0.8168999997949413 1.4343999996399361
0.8168999997949413 1.4343999996399361 0.6642999998332471
1.4343999996399361 0.6642999998332471 0.6754999998304356
0.6642999998332471 0.6754999998304356 0.6940999998257666
0.6754999998304356 0.6940999998257666 0.7304999998166295
0.6940999998257666 0.7304999998166295 0.8635999997832187
0.7304999998166295 0.8635999997832187 0.8546999997854527
0.8635999997832187 0.8546999997854527 1.856799999533905
0.8546999997854527 1.856799999533905 0.7987999997994848
1.856799999533905 0.7987999997994848 0.651599999836435
0.7987999997994848 0.651599999836435 0.6568999998351046
0.651599999836435 0.6568999998351046 0.6635999998334228
0.6568999998351046 0.6635999998334228 0.6723999998312138
0.6635999998334228 0.6723999998312138 0.6844999998281764
0.6723999998312138 0.6844999998281764 0.7028999998235577
0.6844999998281764 0.7028999998235577 0.7362999998151736
0.7028999998235577 0.7362999998151736 0.8424999997885152
0.7362999998151736 0.8424999997885152 0.7703999998066138
0.8424999997885152 0.7703999998066138 1.6443999995872218
0.7703999998066138 1.6443999995872218 0.8268999997924311
1.6443999995872218 0.8268999997924311 1.0546999997352486
0.8268999997924311 1.0546999997352486 1.287499999676811
1.0546999997352486 1.287499999676811 1.5046999996222894
1.287499999676811 1.5046999996222894 1.4352999996397102
1.5046999996222894 1.4352999996397102 1.023999999742955
1.4352999996397102 1.023999999742955 0.8138999997956944
1.023999999742955 0.8138999997956944 0.6818999998288291
0.8138999997956944 0.6818999998288291 0.6881999998272477
0.6818999998288291 0.6881999998272477 0.7406999998140691
0.6881999998272477 0.7406999998140691 1.6261999995917904
0.7406999998140691 1.6261999995917904 0.8531999997858293
1.6261999995917904 0.8531999997858293 0.708399999822177
0.8531999997858293 0.708399999822177 0.700599999824135
0.708399999822177 0.700599999824135 0.7933999998008403
0.700599999824135 0.7933999998008403 1.8525999995349594
0.7933999998008403 1.8525999995349594 1.6182999995937735
1.8525999995349594 1.6182999995937735 0.7704999998065887
1.6182999995937735 0.7704999998065887 0.7801999998041538
0.7704999998065887 0.7801999998041538 1.5200999996184237
0.7801999998041538 1.5200999996184237 0.7704999998065887
1.5200999996184237 0.7704999998065887 1.6006999995981914
0.7704999998065887 1.6006999995981914 0.8205999997940125
1.6006999995981914 0.8205999997940125 0.7496999998118099
0.8205999997940125 0.7496999998118099 1.7991999995483638
0.7496999998118099 1.7991999995483638 0.7901999998016436
1.7991999995483638 0.7901999998016436 0.9001999997740313
0.7901999998016436 0.9001999997740313 1.034799999740244
0.9001999997740313 1.034799999740244 1.4255999996421451
1.034799999740244 1.4255999996421451 0.8589999997843734
1.4255999996421451 0.8589999997843734 1.4059999996470651
0.8589999997843734 1.4059999996470651 0.8929999997758387
1.4059999996470651 0.8929999997758387 0.8068999997974515
0.8929999997758387 0.8068999997974515 1.1093999997215178
0.8068999997974515 1.1093999997215178 1.232599999690592
1.1093999997215178 1.232599999690592 1.7653999995568483
1.232599999690592 1.7653999995568483 1.5743999996047933
1.7653999995568483 1.5743999996047933 1.8030999995473849
1.5743999996047933 1.8030999995473849 0.7165999998201187
1.8030999995473849 0.7165999998201187 1.8228999995424147
0.7165999998201187 1.8228999995424147 1.4800999996284645
1.8228999995424147 1.4800999996284645 1.608899999596133
1.4800999996284645 1.608899999596133 0.8160999997951421
1.608899999596133 0.8160999997951421 0.7237999998183113
0.8160999997951421 0.7237999998183113 1.4107999996458602
0.7237999998183113 1.4107999996458602 1.2418999996882576
1.4107999996458602 1.2418999996882576 0.5539999998609346
1.2418999996882576 0.5539999998609346 1.9608999995077738
0.5539999998609346 1.9608999995077738 0.7895999998017942
1.9608999995077738 0.7895999998017942 1.4949999996247243
0.7895999998017942 1.4949999996247243 0.9040999997730523
1.4949999996247243 0.9040999997730523 0.7317999998163032
0.9040999997730523 0.7317999998163032 1.5758999996044167
0.7317999998163032 1.5758999996044167 0.8118999997961964
1.5758999996044167 0.8118999997961964 1.4054999996471906
0.8118999997961964 1.4054999996471906 0.7756999998052834
1.4054999996471906 0.7756999998052834 0.8983999997744831
0.7756999998052834 0.8983999997744831 0.782899999803476
0.8983999997744831 0.782899999803476 0.8410999997888666
0.782899999803476 0.8410999997888666 1.436599999639384
0.8410999997888666 1.436599999639384 1.4849999996272345
1.436599999639384 1.4849999996272345 0.6813999998289546
1.4849999996272345 0.6813999998289546 0.7040999998232564
0.6813999998289546 0.7040999998232564 0.754499999810605
0.7040999998232564 0.754499999810605 1.0008999997487535
0.754499999810605 1.0008999997487535 0.7630999998084462
1.0008999997487535 0.7630999998084462 0.6795999998294064
0.7630999998084462 0.6795999998294064 0.7065999998226289
0.6795999998294064 0.7065999998226289 0.8204999997940376
0.7065999998226289 0.8204999997940376 1.7585999995585553
0.8204999997940376 1.7585999995585553 0.7232999998184368
1.7585999995585553 0.7232999998184368 1.8120999995451257
0.7232999998184368 1.8120999995451257 1.48939999962613
1.8120999995451257 1.48939999962613 1.4905999996258288
1.48939999962613 1.4905999996258288 0.9036999997731527
1.4905999996258288 0.9036999997731527 0.8989999997743325
0.9036999997731527 0.8989999997743325 1.913799999519597
0.8989999997743325 1.913799999519597 1.4773999996291423
1.913799999519597 1.4773999996291423 0.7688999998069903
1.4773999996291423 0.7688999998069903 0.9586999997593466
0.7688999998069903 0.9586999997593466 0.7448999998130148
0.9586999997593466 0.7448999998130148 0.7188999998195413
0.7448999998130148 0.7188999998195413 0.8275999997922554
0.7188999998195413 0.8275999997922554 1.462899999632782
0.8275999997922554 1.462899999632782 0.8239999997931591
1.462899999632782 0.8239999997931591 1.4113999996457096
0.8239999997931591 1.4113999996457096 0.971099999756234
1.4113999996457096 0.971099999756234 0.7153999998204199
0.971099999756234 0.7153999998204199 1.6101999995958067
0.7153999998204199 1.6101999995958067 1.7639999995571998
1.6101999995958067 1.7639999995571998 0.7119999998212734
1.7639999995571998 0.7119999998212734 0.7121999998212232
0.7119999998212734 0.7121999998212232 0.7565999998100779
0.7121999998212232 0.7565999998100779 1.212999999695512
0.7565999998100779 1.212999999695512 0.7262999998176838
1.212999999695512 0.7262999998176838 0.6528999998361087
0.7262999998176838 0.6528999998361087 0.6593999998344771
0.6528999998361087 0.6593999998344771 0.6689999998320673
0.6593999998344771 0.6689999998320673 0.683899999828327
0.6689999998320673 0.683899999828327 0.7107999998215746
0.683899999828327 0.7107999998215746 0.7790999998044299
0.7107999998215746 0.7790999998044299 1.2799999996786937
0.7790999998044299 1.2799999996786937 0.9684999997568866
1.2799999996786937 0.9684999997568866 0.8505999997864819
0.9684999997568866 0.8505999997864819 0.8744999997804825
0.8505999997864819 0.8744999997804825 1.3348999996649127
0.8744999997804825 1.3348999996649127 1.4849999996272345
1.3348999996649127 1.4849999996272345 0.8194999997942887
1.4849999996272345 0.8194999997942887 0.8184999997945397
0.8194999997942887 0.8184999997945397 1.088599999726739
0.8184999997945397 1.088599999726739 1.2872999996768613
1.088599999726739 1.2872999996768613 1.910699999520375
1.2872999996768613 1.910699999520375 1.582399999602785
1.910699999520375 1.582399999602785 0.804499999798054
1.582399999602785 0.804499999798054 1.4813999996281382
0.804499999798054 1.4813999996281382 0.7058999998228046
1.4813999996281382 0.7058999998228046 0.7470999998124626
0.7058999998228046 0.7470999998124626 0.9460999997625095
0.7470999998124626 0.9460999997625095 0.7075999998223779
0.9460999997625095 0.7075999998223779 1.4980999996239461
0.7075999998223779 1.4980999996239461 1.4622999996329327
1.4980999996239461 1.4622999996329327 0.9625999997583676
1.4622999996329327 0.9625999997583676 0.801499999798807
0.9625999997583676 0.801499999798807 1.9393999995131708
0.801499999798807 1.9393999995131708 1.4917999996255276
1.9393999995131708 1.4917999996255276 0.6885999998271473
1.4917999996255276 0.6885999998271473 0.7098999998218005
0.6885999998271473 0.7098999998218005 0.7574999998098519
0.7098999998218005 0.7574999998098519 1.1280999997168237
0.7574999998098519 1.1280999997168237 0.6928999998260679
1.1280999997168237 0.6928999998260679 0.6539999998358326
0.6928999998260679 0.6539999998358326 0.6616999998338997
0.6539999998358326 0.6616999998338997 0.6733999998309628
0.6616999998338997 0.6733999998309628 0.6928999998260679
0.6733999998309628 0.6928999998260679 0.7333999998159015
0.6928999998260679 0.7333999998159015 0.9656999997575895
0.7333999998159015 0.9656999997575895 1.2862999996771123
0.9656999997575895 1.2862999996771123 1.5036999996225404
1.2862999996771123 1.5036999996225404 1.438399999638932
1.5036999996225404 1.438399999638932 0.9868999997522678
1.438399999638932 0.9868999997522678 0.8456999997877119
0.9868999997522678 0.8456999997877119 0.6882999998272226
0.8456999997877119 0.6882999998272226 0.7707999998065134
0.6882999998272226 0.7707999998065134 2.0453999994865626
0.7707999998065134 2.0453999994865626 0.7976999997997609
2.0453999994865626 0.7976999997997609 0.8341999997905987
0.7976999997997609 0.8341999997905987 1.441499999638154
0.8341999997905987 1.441499999638154 0.846599999787486
1.441499999638154 0.846599999787486 1.438499999638907
0.846599999787486 1.438499999638907 0.8398999997891679
1.438499999638907 0.8398999997891679 0.8871999997772946
0.8398999997891679 0.8871999997772946 1.4858999996270086
0.8871999997772946 1.4858999996270086 0.8028999997984556
1.4858999996270086 0.8028999997984556 1.4201999996435006
0.8028999997984556 1.4201999996435006 0.7013999998239342
1.4201999996435006 0.7013999998239342 0.742699999813567
0.7013999998239342 0.742699999813567 0.9434999997631621
0.742699999813567 0.9434999997631621 0.7346999998155752
0.9434999997631621 0.7346999998155752 2.01369999949452
0.7346999998155752 2.01369999949452 0.9115999997711697
2.01369999949452 0.9115999997711697 1.2579999996842162
0.9115999997711697 1.2579999996842162 0.7741999998056599
1.2579999996842162 0.7741999998056599 1.0188999997442352
0.7741999998056599 1.0188999997442352 0.8003999997990832
1.0188999997442352 0.8003999997990832 0.734899999815525
0.8003999997990832 0.734899999815525 0.9250999997677809
0.734899999815525 0.9250999997677809 1.2621999996831619
0.9250999997677809 1.2621999996831619 1.6221999995927945
1.2621999996831619 1.6221999995927945 0.7847999998029991
1.6221999995927945 0.7847999998029991 0.8618999997836454
0.7847999998029991 0.8618999997836454 1.3949999996498263
0.8618999997836454 1.3949999996498263 1.46489999963228
1.3949999996498263 1.46489999963228 0.8312999997913266
1.46489999963228 0.8312999997913266 0.821099999793887
0.8312999997913266 0.821099999793887 1.4480999996364972
0.821099999793887 1.4480999996364972 0.8297999997917032
1.4480999996364972 0.8297999997917032 0.8704999997814866
0.8297999997917032 0.8704999997814866 1.3998999996485963
0.8704999997814866 1.3998999996485963 0.8490999997868585
1.3998999996485963 0.8490999997868585 1.367899999656629
0.8490999997868585 1.367899999656629 0.9596999997590956
1.367899999656629 0.9596999997590956 1.4047999996473663
0.9596999997590956 1.4047999996473663 0.940699999763865
1.4047999996473663 0.940699999763865 1.384599999652437
0.940699999763865 1.384599999652437 1.4718999996305229
1.384599999652437 1.4718999996305229 0.784899999802974
1.4718999996305229 0.784899999802974 0.8728999997808842
0.784899999802974 0.8728999997808842 0.8114999997962968
0.8728999997808842 0.8114999997962968 1.405199999647266
0.8114999997962968 1.405199999647266 0.7754999998053336
1.405199999647266 0.7754999998053336 0.8980999997745585
0.7754999998053336 0.8980999997745585 0.7847999998029991
0.8980999997745585 0.7847999998029991 0.8488999997869087
0.7847999998029991 0.8488999997869087 1.4346999996398608
0.8488999997869087 1.4346999996398608 1.4310999996407645
1.4346999996398608 1.4310999996407645 0.7837999998032501
1.4310999996407645 0.7837999998032501 0.9282999997669776
0.7837999998032501 0.9282999997669776 0.8284999997920295
0.9282999997669776 0.8284999997920295 1.3703999996560015
0.8284999997920295 1.3703999996560015 1.2780999996791707
1.3703999996560015 1.2780999996791707 0.9315999997661493
1.2780999996791707 0.9315999997661493 0.9128999997708434
0.9315999997661493 0.9128999997708434 1.331599999665741
0.9128999997708434 1.331599999665741 1.0237999997430052
1.331599999665741 1.0237999997430052 0.7576999998098017
1.0237999997430052 0.7576999998098017 0.7053999998229301
0.7576999998098017 0.7053999998229301 0.7633999998083709
0.7053999998229301 0.7633999998083709 1.2922999996756062
0.7633999998083709 1.2922999996756062 0.8162999997950919
1.2922999996756062 0.8162999997950919 0.8621999997835701
0.8162999997950919 0.8621999997835701 1.0274999997420764
0.8621999997835701 1.0274999997420764 1.315899999669682
1.0274999997420764 1.315899999669682 1.6851999995769802
1.315899999669682 1.6851999995769802 0.7168999998200434
1.6851999995769802 0.7168999998200434 1.8546999995344322
0.7168999998200434 1.8546999995344322 1.5122999996203816
1.8546999995344322 1.5122999996203816 0.7235999998183615
1.5122999996203816 0.7235999998183615 0.6857999998278501
0.7235999998183615 0.6857999998278501 0.7047999998230807
0.6857999998278501 0.7047999998230807 0.7399999998142448
0.7047999998230807 0.7399999998142448 0.8623999997835199
0.7399999998142448 0.8623999997835199 0.7168999998200434
0.8623999997835199 0.7168999998200434 2.0463999994863116
0.7168999998200434 2.0463999994863116 0.6822999998287287
2.0463999994863116 0.6822999998287287 0.6471999998375395
0.6822999998287287 0.6471999998375395 0.6519999998363346
0.6471999998375395 0.6519999998363346 0.6588999998346026
0.6519999998363346 0.6588999998346026 0.6688999998320924
0.6588999998346026 0.6688999998320924 0.6847999998281011
0.6688999998320924 0.6847999998281011 0.7144999998206458
0.6847999998281011 0.7144999998206458 0.8001999997991334
0.7144999998206458 0.8001999997991334 1.7336999995648057
0.8001999997991334 1.7336999995648057 0.6122999998463001
1.7336999995648057 0.6122999998463001 1.4767999996292929
0.6122999998463001 1.4767999996292929 1.8643999995319973
1.4767999996292929 1.8643999995319973 1.5508999996106922
1.8643999995319973 1.5508999996106922 0.869199999781813
1.5508999996106922 0.869199999781813 1.5245999996174078
0.869199999781813 1.5245999996174078 0.7850999998029238
1.5245999996174078 0.7850999998029238 0.7960999998001625
0.7850999998029238 0.7960999998001625 1.5281999996163904
0.7960999998001625 1.5281999996163904 0.8101999997966232
1.5281999996163904 0.8101999997966232 0.8312999997913266
0.8101999997966232 0.8312999997913266 1.9561999995089536
0.8312999997913266 1.9561999995089536 0.963199999758217
1.9561999995089536 0.963199999758217 1.3693999996562525
0.963199999758217 1.3693999996562525 1.4767999996292929
1.3693999996562525 1.4767999996292929 0.7847999998029991
1.4767999996292929 0.7847999998029991 0.8771999997798048
0.7847999998029991 0.8771999997798048 0.8042999997981042
0.8771999997798048 0.8042999997981042 1.416799999644354
0.8042999997981042 1.416799999644354 0.7000999998242605
1.416799999644354 0.7000999998242605 0.7373999998148975
0.7000999998242605 0.7373999998148975 0.8771999997798048
0.7373999998148975 0.8771999997798048 0.758399999809626
0.8771999997798048 0.758399999809626 1.713799999569801
0.758399999809626 1.713799999569801 0.7385999998145962
1.713799999569801 0.7385999998145962 0.6726999998311385
0.7385999998145962 0.6726999998311385 0.6926999998261181
0.6726999998311385 0.6926999998261181 0.740799999814044
