0.7372999999999189 0.7488999999999175 0.8890000000016456
0.7488999999999175 0.8890000000016456 1.9682000000008073
0.8890000000016456 1.9682000000008073 1.648099999996159
1.9682000000008073 1.648099999996159 0.6863999999984003
1.648099999996159 0.6863999999984003 0.678799999998418
0.6863999999984003 0.678799999998418 0.6772999999984215
0.678799999998418 0.6772999999984215 0.6790999999984173
0.6772999999984215 0.6790999999984173 0.6845999999984045
0.6790999999984173 0.6845999999984045 0.6949999999983802
0.6845999999984045 0.6949999999983802 0.713999999998336
0.6949999999983802 0.713999999998336 0.7560999999982378
0.713999999998336 0.7560999999982378 1.4788999999965533
0.7560999999982378 1.4788999999965533 0.6962999999983772
1.4788999999965533 0.6962999999983772 0.6989999999983709
0.6962999999983772 0.6989999999983709 0.710999999998343
0.6989999999983709 0.710999999998343 0.739199999998279
0.710999999998343 0.739199999998279 0.8332999999980579
0.739199999998279 0.8332999999980579 1.5443999999964007
0.8332999999980579 1.5443999999964007 0.7756999999981922
1.5443999999964007 0.7756999999981922 0.7531999999982446
0.7756999999981922 0.7531999999982446 1.5786999999963207
0.7531999999982446 1.5786999999963207 0.6797999999984157
1.5786999999963207 0.6797999999984157 0.6756999999984252
0.6797999999984157 0.6756999999984252 0.6758999999984248
0.6756999999984252 0.6758999999984248 0.6792999999984168
0.6758999999984248 0.6792999999984168 0.6863999999984003
0.6792999999984168 0.6863999999984003 0.6988999999983712
0.6863999999984003 0.6988999999983712 0.7219999999983173
0.6988999999983712 0.7219999999983173 0.7792999999981838
0.7219999999983173 0.7792999999981838 1.4325999999966612
0.7792999999981838 1.4325999999966612 1.0985999999974396
1.4325999999966612 1.0985999999974396 0.8739999999979631
1.0985999999974396 0.8739999999979631 1.7742000000157283
0.8739999999979631 1.7742000000157283 2.037500000067638
1.7742000000157283 2.037500000067638 0.9824000000326123
2.037500000067638 0.9824000000326123 1.400600000046495
0.9824000000326123 1.400600000046495 1.489400000049443
1.400600000046495 1.489400000049443 1.0557000000350456
1.489400000049443 1.0557000000350456 0.9852000000327052
1.0557000000350456 0.9852000000327052 0.8231000000273241
0.9852000000327052 0.8231000000273241 0.9924000000329443
0.8231000000273241 0.9924000000329443 0.7388000000245256
0.9924000000329443 0.7388000000245256 1.6207000000538017
0.7388000000245256 1.6207000000538017 1.3578000000450743
1.6207000000538017 1.3578000000450743 1.3810000000458444
1.3578000000450743 1.3810000000458444 0.8025000000266402
1.3810000000458444 0.8025000000266402 1.0043000000333393
0.8025000000266402 1.0043000000333393 0.7574000000251431
1.0043000000333393 0.7574000000251431 0.7208000000239281
0.7574000000251431 0.7208000000239281 0.765500000025412
0.7208000000239281 0.765500000025412 1.4194000000471192
0.765500000025412 1.4194000000471192 0.7316000000242866
1.4194000000471192 0.7316000000242866 0.8045000000267066
0.7316000000242866 0.8045000000267066 1.4762000000490048
0.8045000000267066 1.4762000000490048 0.8044000000267033
1.4762000000490048 0.8044000000267033 1.5264000000506712
0.8044000000267033 1.5264000000506712 0.9132000000303151
1.5264000000506712 0.9132000000303151 0.891600000029598
0.9132000000303151 0.891600000029598 1.3734000000455922
0.891600000029598 1.3734000000455922 0.6988000000231978
1.3734000000455922 0.6988000000231978 0.7207000000239248
0.6988000000231978 0.7207000000239248 0.7744000000257074
0.7207000000239248 0.7744000000257074 1.4180000000470656
0.7744000000257074 1.4180000000470656 0.8292000000275266
1.4180000000470656 0.8292000000275266 0.8589000000285125
0.8292000000275266 0.8589000000285125 0.9641000000320048
0.8589000000285125 0.9641000000320048 1.9498000000647266
0.9641000000320048 1.9498000000647266 1.502900000049891
1.9498000000647266 1.502900000049891 0.7529000000249937
1.502900000049891 0.7529000000249937 0.8652000000287217
0.7529000000249937 0.8652000000287217 0.9393000000311815
0.8652000000287217 0.9393000000311815 1.3827000000459009
0.9393000000311815 1.3827000000459009 1.6591000000550764
1.3827000000459009 1.6591000000550764 0.7076000000234899
1.6591000000550764 0.7076000000234899 1.9096000000633921
0.7076000000234899 1.9096000000633921 1.6416000000544955
1.9096000000633921 1.6416000000544955 0.8258000000274137
1.6416000000544955 0.8258000000274137 1.4368000000476968
0.8258000000274137 1.4368000000476968 0.7220000000239679
1.4368000000476968 0.7220000000239679 0.7679000000254916
0.7220000000239679 0.7679000000254916 1.2976000000430759
0.7679000000254916 1.2976000000430759 0.7945000000263747
1.2976000000430759 0.7945000000263747 0.7900000000262253
0.7945000000263747 0.7900000000262253 0.9264000000307533
0.7900000000262253 0.9264000000307533 0.7725000000256443
0.9264000000307533 0.7725000000256443 1.627400000054024
0.7725000000256443 1.627400000054024 1.7290000000573968
1.627400000054024 1.7290000000573968 0.7415000000246152
1.7290000000573968 0.7415000000246152 0.6616000000219628
0.7415000000246152 0.6616000000219628 0.6630000000220093
0.6616000000219628 0.6630000000220093 0.6667000000221321
0.6630000000220093 0.6667000000221321 0.6732000000223479
0.6667000000221321 0.6732000000223479 0.6849000000227363
0.6732000000223479 0.6849000000227363 0.7090000000235364
0.6849000000227363 0.7090000000235364 0.7671000000254651
0.7090000000235364 0.7671000000254651 0.8232000000273274
0.7671000000254651 0.8232000000273274 0.8256000000274071
0.8232000000273274 0.8256000000274071 1.3073000000433979
0.8256000000274071 1.3073000000433979 0.6403000000212558
1.3073000000433979 0.6403000000212558 1.7880000000593554
0.6403000000212558 1.7880000000593554 1.5624000000518663
1.7880000000593554 1.5624000000518663 1.886100000062612
1.5624000000518663 1.886100000062612 1.5762000000523244
1.886100000062612 1.5762000000523244 0.9746000000323534
1.5762000000523244 0.9746000000323534 1.9075000000633224
0.9746000000323534 1.9075000000633224 1.494100000049599
1.9075000000633224 1.494100000049599 0.8510000000282503
1.494100000049599 0.8510000000282503 1.4294000000474512
0.8510000000282503 1.4294000000474512 0.8702000000288876
1.4294000000474512 0.8702000000288876 1.4715000000488487
0.8702000000288876 1.4715000000488487 0.7125000000236525
1.4715000000488487 0.7125000000236525 0.6966000000231247
0.7125000000236525 0.6966000000231247 0.6935000000230218
0.6966000000231247 0.6935000000230218 0.6972000000231446
0.6935000000230218 0.6972000000231446 0.7091000000235397
0.6972000000231446 0.7091000000235397 0.736100000024436
0.7091000000235397 0.736100000024436 0.8214000000272677
0.736100000024436 0.8214000000272677 1.7229000000571943
0.8214000000272677 1.7229000000571943 0.7176000000238218
1.7229000000571943 0.7176000000238218 0.6792000000225471
0.7176000000238218 0.6792000000225471 0.689800000022899
0.6792000000225471 0.689800000022899 0.70700000002347
0.689800000022899 0.70700000002347 0.7370000000244659
0.70700000002347 0.7370000000244659 0.7955000000264079
0.7370000000244659 0.7955000000264079 1.3687000000454361
0.7955000000264079 1.3687000000454361 1.049600000034843
1.3687000000454361 1.049600000034843 1.269800000042153
1.049600000034843 1.269800000042153 1.9347000000642254
1.269800000042153 1.9347000000642254 1.807900000060016
1.9347000000642254 1.807900000060016 0.7407000000245887
1.807900000060016 0.7407000000245887 0.6981000000231745
0.7407000000245887 0.6981000000231745 0.7234000000240144
0.6981000000231745 0.7234000000240144 0.7843000000260361
0.7234000000240144 0.7843000000260361 1.1433000000379536
0.7843000000260361 1.1433000000379536 1.5636000000519061
1.1433000000379536 1.5636000000519061 0.7883000000261688
1.5636000000519061 0.7883000000261688 1.0016000000332497
0.7883000000261688 1.0016000000332497 0.743000000024665
1.0016000000332497 0.743000000024665 2.003400000066506
0.743000000024665 2.003400000066506 1.5125000000502098
2.003400000066506 1.5125000000502098 0.741100000024602
1.5125000000502098 0.741100000024602 0.7867000000261157
0.741100000024602 0.7867000000261157 0.9659000000320646
0.7867000000261157 0.9659000000320646 0.8083000000268328
0.9659000000320646 0.8083000000268328 0.7969000000264543
0.8083000000268328 0.7969000000264543 0.8688000000288412
0.7969000000264543 0.8688000000288412 1.9409000000644312
0.8688000000288412 1.9409000000644312 0.8837000000293358
1.9409000000644312 0.8837000000293358 1.6096000000534332
0.8837000000293358 1.6096000000534332 0.8684000000288279
1.6096000000534332 0.8684000000288279 0.9563000000317459
0.8684000000288279 0.9563000000317459 0.984500000032682
0.9563000000317459 0.984500000032682 0.8940000000296777
0.984500000032682 0.8940000000296777 1.501300000049838
0.8940000000296777 1.501300000049838 0.8051000000267265
1.501300000049838 0.8051000000267265 1.5267000000506812
0.8051000000267265 1.5267000000506812 1.744400000057908
1.5267000000506812 1.744400000057908 0.7230000000240011
1.744400000057908 0.7230000000240011 0.6713000000222848
0.7230000000240011 0.6713000000222848 0.6770000000224741
0.6713000000222848 0.6770000000224741 0.6861000000227762
0.6770000000224741 0.6861000000227762 0.7004000000232509
0.6861000000227762 0.7004000000232509 0.7244000000240476
0.7004000000232509 0.7244000000240476 0.7695000000255448
0.7244000000240476 0.7695000000255448 1.4166000000470262
0.7695000000255448 1.4166000000470262 0.7081000000235065
1.4166000000470262 0.7081000000235065 0.7389000000245289
0.7081000000235065 0.7389000000245289 0.8476000000281374
0.7389000000245289 0.8476000000281374 1.4712000000488388
0.8476000000281374 1.4712000000488388 0.8562000000284229
1.4712000000488388 0.8562000000284229 1.4737000000489218
0.8562000000284229 1.4737000000489218 1.5729000000522149
1.4737000000489218 1.5729000000522149 0.7745000000257107
1.5729000000522149 0.7745000000257107 0.7071000000234733
0.7745000000257107 0.7071000000234733 0.7392000000245389
0.7071000000234733 0.7392000000245389 0.857500000028466
0.7392000000245389 0.857500000028466 1.4607000000484902
0.857500000028466 1.4607000000484902 0.9839000000326621
1.4607000000484902 0.9839000000326621 1.9112000000634453
0.9839000000326621 1.9112000000634453 1.5796000000524373
1.9112000000634453 1.5796000000524373 0.8516000000282702
1.5796000000524373 0.8516000000282702 1.4590000000484338
0.8516000000282702 1.4590000000484338 1.4139000000469366
1.4590000000484338 1.4139000000469366 0.9180000000304744
1.4139000000469366 0.9180000000304744 0.8199000000272179
0.9180000000304744 0.8199000000272179 1.5143000000502695
0.8199000000272179 1.5143000000502695 0.6859000000227695
1.5143000000502695 0.6859000000227695 0.6868000000227994
0.6859000000227695 0.6868000000227994 0.6934000000230185
0.6868000000227994 0.6934000000230185 0.7075000000234866
0.6934000000230185 0.7075000000234866 0.7372000000244725
0.7075000000234866 0.7372000000244725 0.8367000000277756
0.7372000000244725 0.8367000000277756 1.5117000000501832
0.8367000000277756 1.5117000000501832 0.8060000000267564
1.5117000000501832 0.8060000000267564 0.8791000000291831
0.8060000000267564 0.8791000000291831 2.017800000066984
0.8791000000291831 2.017800000066984 0.8757000000290702
2.017800000066984 0.8757000000290702 1.4151000000469764
0.8757000000290702 1.4151000000469764 0.9109000000302387
1.4151000000469764 0.9109000000302387 0.787400000026139
0.9109000000302387 0.787400000026139 1.8849000000625722
0.787400000026139 1.8849000000625722 0.9400000000312048
1.8849000000625722 0.9400000000312048 0.9000000000298769
0.9400000000312048 0.9000000000298769 0.9295000000308562
0.9000000000298769 0.9295000000308562 1.4748000000489583
0.9295000000308562 1.4748000000489583 0.8733000000289906
1.4748000000489583 0.8733000000289906 1.7936000000595413
0.8733000000289906 1.7936000000595413 1.175300000039016
1.7936000000595413 1.175300000039016 1.691200000056142
1.175300000039016 1.691200000056142 1.6936000000562217
1.691200000056142 1.6936000000562217 2.277800000075615
1.6936000000562217 2.277800000075615 0.7504000000249107
2.277800000075615 0.7504000000249107 0.692300000022982
0.7504000000249107 0.692300000022982 0.7098000000235629
0.692300000022982 0.7098000000235629 0.745500000024748
0.7098000000235629 0.745500000024748 0.9174000000304545
0.745500000024748 0.9174000000304545 1.874200000062217
0.9174000000304545 1.874200000062217 1.5494000000514347
1.874200000062217 1.5494000000514347 0.8449000000280478
1.5494000000514347 0.8449000000280478 0.8465000000281009
0.8449000000280478 0.8465000000281009 0.9959000000330605
0.8465000000281009 0.9959000000330605 1.8832000000625158
0.9959000000330605 1.8832000000625158 1.6066000000533336
1.8832000000625158 1.6066000000533336 0.8161000000270917
1.6066000000533336 0.8161000000270917 1.4871000000493666
0.8161000000270917 1.4871000000493666 0.9047000000300329
1.4871000000493666 0.9047000000300329 1.3284000000440983
0.9047000000300329 1.3284000000440983 1.5528000000515476
1.3284000000440983 1.5528000000515476 0.891600000029598
1.5528000000515476 0.891600000029598 0.8366000000277722
0.891600000029598 0.8366000000277722 1.415600000046993
0.8366000000277722 1.415600000046993 0.7884000000261722
1.415600000046993 0.7884000000261722 1.3482000000447556
0.7884000000261722 1.3482000000447556 1.1792000000391454
1.3482000000447556 1.1792000000391454 0.6644000000220558
1.1792000000391454 0.6644000000220558 1.6786000000557237
0.6644000000220558 1.6786000000557237 1.728100000057367
1.6786000000557237 1.728100000057367 1.64329999963482
1.728100000057367 1.64329999963482 1.1853999997024403
1.64329999963482 1.1853999997024403 0.8717999997811603
1.1853999997024403 0.8717999997811603 1.5744999996047682
0.8717999997811603 1.5744999996047682 0.8594999997842478
1.5744999996047682 0.8594999997842478 0.9087999997718725
0.8594999997842478 0.9087999997718725 1.9769999995037324
0.9087999997718725 1.9769999995037324 0.8551999997853272
1.9769999995037324 0.8551999997853272 1.653099999585038
0.8551999997853272 1.653099999585038 0.7816999998037772
1.653099999585038 0.7816999998037772 1.8533999995347585
0.7816999998037772 1.8533999995347585 1.0254999997425784
1.8533999995347585 1.0254999997425784 0.8268999997924311
1.0254999997425784 0.8268999997924311 1.61189999959538
0.8268999997924311 1.61189999959538 0.8062999997976021
1.61189999959538 0.8062999997976021 1.5399999996134284
0.8062999997976021 1.5399999996134284 1.4621999996329578
1.5399999996134284 1.4621999996329578 0.8392999997893185
1.4621999996329578 0.8392999997893185 1.4542999996349408
0.8392999997893185 1.4542999996349408 0.7060999998227544
1.4542999996349408 0.7060999998227544 0.7080999998222524
0.7060999998227544 0.7080999998222524 0.7228999998185373
0.7080999998222524 0.7228999998185373 0.7628999998084964
0.7228999998185373 0.7628999998084964 1.5493999996110688
0.7628999998084964 1.5493999996110688 0.7920999998011666
1.5493999996110688 0.7920999998011666 0.6908999998265699
0.7920999998011666 0.6908999998265699 0.6958999998253148
0.6908999998265699 0.6958999998253148 0.6908999998265699
0.6958999998253148 0.6908999998265699 0.681999999828804
0.6908999998265699 0.681999999828804 0.6747999998306113
0.681999999828804 0.6747999998306113 0.6704999998316907
0.6747999998306113 0.6704999998316907 0.6687999998321175
0.6704999998316907 0.6687999998321175 0.6694999998319418
0.6687999998321175 0.6694999998319418 0.6724999998311887
0.6694999998319418 0.6724999998311887 0.6779999998298081
0.6724999998311887 0.6779999998298081 0.686899999827574
0.6779999998298081 0.686899999827574 0.7011999998239844
0.686899999827574 0.7011999998239844 0.7256999998178344
0.7011999998239844 0.7256999998178344 0.7808999998039781
0.7256999998178344 0.7808999998039781 1.4241999996424966
0.7808999998039781 1.4241999996424966 1.2292999996914205
1.4241999996424966 1.2292999996914205 0.8442999997880634
1.2292999996914205 0.8442999997880634 0.8281999997921048
0.8442999997880634 0.8281999997921048 0.9990999997492054
0.8281999997921048 0.9990999997492054 0.7614999998088479
0.9990999997492054 0.7614999998088479 0.730999999816504
0.7614999998088479 0.730999999816504 0.8091999997968742
0.730999999816504 0.8091999997968742 1.7543999995596096
0.8091999997968742 1.7543999995596096 0.8305999997915023
1.7543999995596096 0.8305999997915023 0.7645999998080697
0.8305999997915023 0.7645999998080697 0.7683999998071158
0.7645999998080697 0.7683999998071158 0.7578999998097515
0.7683999998071158 0.7578999998097515 0.7821999998036517
0.7578999998097515 0.7821999998036517 1.0398999997389637
0.7821999998036517 1.0398999997389637 0.7425999998135921
1.0398999997389637 0.7425999998135921 1.9350999995142502
0.7425999998135921 1.9350999995142502 1.7133999995699014
1.9350999995142502 1.7133999995699014 0.7786999998045303
1.7133999995699014 0.7786999998045303 0.7416999998138181
0.7786999998045303 0.7416999998138181 0.8841999997780476
0.7416999998138181 0.8841999997780476 1.3921999996505292
0.8841999997780476 1.3921999996505292 0.6686999998321426
1.3921999996505292 0.6686999998321426 0.6718999998313393
0.6686999998321426 0.6718999998313393 0.6778999998298332
0.6718999998313393 0.6778999998298332 0.6873999998274485
0.6778999998298332 0.6873999998274485 0.7022999998237083
0.6873999998274485 0.7022999998237083 0.7274999998173826
0.7022999998237083 0.7274999998173826 0.7776999998047813
0.7274999998173826 0.7776999998047813 1.3961999996495251
0.7776999998047813 1.3961999996495251 0.829999999791653
1.3961999996495251 0.829999999791653 1.5662999996068265
0.829999999791653 1.5662999996068265 0.7650999998079442
1.5662999996068265 0.7650999998079442 0.7360999998152238
0.7650999998079442 0.7360999998152238 0.8368999997899209
0.7360999998152238 0.8368999997899209 1.5293999996160892
0.8368999997899209 1.5293999996160892 1.3290999996663686
1.5293999996160892 1.3290999996663686 0.8971999997747844
1.3290999996663686 0.8971999997747844 1.3976999996491486
0.8971999997747844 1.3976999996491486 0.7343999998156505
1.3976999996491486 0.7343999998156505 0.7419999998137428
0.7343999998156505 0.7419999998137428 0.7879999998021958
0.7419999998137428 0.7879999998021958 0.9617999997585684
0.7879999998021958 0.9617999997585684 0.8056999997977528
0.9617999997585684 0.8056999997977528 0.7863999998025974
0.8056999997977528 0.7863999998025974 0.890699999776416
0.7863999998025974 0.890699999776416 1.8849999995268263
0.890699999776416 1.8849999995268263 1.800099999548138
1.8849999995268263 1.800099999548138 0.8163999997950668
1.800099999548138 0.8163999997950668 0.7700999998066891
0.8163999997950668 0.7700999998066891 0.7931999998008905
0.7700999998066891 0.7931999998008905 0.7855999998027983
0.7931999998008905 0.7855999998027983 0.8459999997876366
0.7855999998027983 0.8459999997876366 0.8519999997861305
0.8459999997876366 0.8519999997861305 0.9534999997606519
0.8519999997861305 0.9534999997606519 1.9726999995048118
0.9534999997606519 1.9726999995048118 0.940699999763865
1.9726999995048118 0.940699999763865 1.6760999995792645
0.940699999763865 1.6760999995792645 0.7353999998153995
1.6760999995792645 0.7353999998153995 0.6943999998256913
0.7353999998153995 0.6943999998256913 0.7147999998205705
0.6943999998256913 0.7147999998205705 0.7523999998111321
0.7147999998205705 0.7523999998111321 0.8251999997928579
0.7523999998111321 0.8251999997928579 1.9062999995214795
0.8251999997928579 1.9062999995214795 0.7813999998038526
1.9062999995214795 0.7813999998038526 0.842699999788465
0.7813999998038526 0.842699999788465 0.8522999997860552
0.842699999788465 0.8522999997860552 0.9472999997622082
0.8522999997860552 0.9472999997622082 2.000699999497783
0.9472999997622082 2.000699999497783 0.8963999997749852
2.000699999497783 0.8963999997749852 1.4271999996417435
0.8963999997749852 1.4271999996417435 0.9703999997564097
1.4271999996417435 0.9703999997564097 0.772099999806187
0.9703999997564097 0.772099999806187 0.7441999998131905
0.772099999806187 0.7441999998131905 0.869099999781838
0.7441999998131905 0.869099999781838 2.0574999994835252
0.869099999781838 2.0574999994835252 0.8266999997924813
2.0574999994835252 0.8266999997924813 1.022099999743432
0.8266999997924813 1.022099999743432 1.3645999996574574
1.022099999743432 1.3645999996574574 1.9326999995148526
1.3645999996574574 1.9326999995148526 1.5446999996122486
1.9326999995148526 1.5446999996122486 0.8815999997787003
1.5446999996122486 0.8815999997787003 0.9791999997542007
0.8815999997787003 0.9791999997542007 1.9059999995215549
0.9791999997542007 1.9059999995215549 1.548299999611345
1.9059999995215549 1.548299999611345 0.920099999769036
1.548299999611345 0.920099999769036 1.4307999996408398
0.920099999769036 1.4307999996408398 0.7028999998235577
1.4307999996408398 0.7028999998235577 0.7292999998169307
0.7028999998235577 0.7292999998169307 0.8047999997979787
0.7292999998169307 0.8047999997979787 1.547199999611621
0.8047999997979787 1.547199999611621 0.7902999998016185
1.547199999611621 0.7902999998016185 2.0279999994909303
0.7902999998016185 2.0279999994909303 0.9034999997732029
2.0279999994909303 0.9034999997732029 0.9047999997728766
0.9034999997732029 0.9047999997728766 1.567699999606475
0.9047999997728766 1.567699999606475 0.791699999801267
1.567699999606475 0.791699999801267 0.7643999998081199
0.791699999801267 0.7643999998081199 1.497299999624147
0.7643999998081199 1.497299999624147 0.6764999998301846
1.497299999624147 0.6764999998301846 0.6818999998288291
0.6764999998301846 0.6818999998288291 0.6916999998263691
0.6818999998288291 0.6916999998263691 0.7086999998221017
0.6916999998263691 0.7086999998221017 0.7430999998134666
0.7086999998221017 0.7430999998134666 0.8897999997766419
0.7430999998134666 0.8897999997766419 1.9200999995180155
0.8897999997766419 1.9200999995180155 0.9951999997501844
1.9200999995180155 0.9951999997501844 1.6462999995867449
0.9951999997501844 1.6462999995867449 0.7390999998144707
1.6462999995867449 0.7390999998144707 0.6996999998243609
0.7390999998144707 0.6996999998243609 0.7227999998185624
0.6996999998243609 0.7227999998185624 0.7695999998068146
0.7227999998185624 0.7695999998068146 1.409099999646287
0.7695999998068146 1.409099999646287 0.7619999998087224
1.409099999646287 0.7619999998087224 1.333699999665214
0.7619999998087224 1.333699999665214 0.7659999998077183
1.333699999665214 0.7659999998077183 0.7337999998158011
0.7659999998077183 0.7337999998158011 0.7357999998152991
0.7337999998158011 0.7357999998152991 0.7651999998079191
0.7357999998152991 0.7651999998079191 0.9344999997654213
0.7651999998079191 0.9344999997654213 0.817199999794866
0.9344999997654213 0.817199999794866 2.3442999994115326
0.817199999794866 2.3442999994115326 0.6660999998327952
2.3442999994115326 0.6660999998327952 1.8082999995460796
0.6660999998327952 1.8082999995460796 1.5743999996047933
1.8082999995460796 1.5743999996047933 2.1049999994716018
1.5743999996047933 2.1049999994716018 0.7910999998014177
2.1049999994716018 0.7910999998014177 1.6163999995942504
0.7910999998014177 1.6163999995942504 0.8320999997911258
1.6163999995942504 0.8320999997911258 1.4212999996432245
0.8320999997911258 1.4212999996432245 0.742699999813567
1.4212999996432245 0.742699999813567 0.8535999997857289
0.742699999813567 0.8535999997857289 1.4480999996364972
0.8535999997857289 1.4480999996364972 0.871099999781336
1.4480999996364972 0.871099999781336 1.514899999619729
0.871099999781336 1.514899999619729 0.8307999997914521
1.514899999619729 0.8307999997914521 1.5780999996038645
0.8307999997914521 1.5780999996038645 1.3270999996668706
1.5780999996038645 1.3270999996668706 1.686299999576704
1.3270999996668706 1.686299999576704 0.8078999997972005
1.686299999576704 0.8078999997972005 0.8109999997964223
0.8078999997972005 0.8109999997964223 1.164999999707561
0.8109999997964223 1.164999999707561 0.925999999767555
1.164999999707561 0.925999999767555 1.4838999996275106
0.925999999767555 1.4838999996275106 0.8102999997965981
1.4838999996275106 0.8102999997965981 1.4984999996238457
0.8102999997965981 1.4984999996238457 1.2347999996900398
1.4984999996238457 1.2347999996900398 0.802499999798556
1.2347999996900398 0.802499999798556 0.7246999998180854
0.802499999798556 0.7246999998180854 0.7362999998151736
0.7246999998180854 0.7362999998151736 0.7232999998184368
0.7362999998151736 0.7232999998184368 0.7136999998208466
0.7232999998184368 0.7136999998208466 0.716299999820194
0.7136999998208466 0.716299999820194 0.7342999998156756
0.716299999820194 0.7342999998156756 0.7902999998016185
0.7342999998156756 0.7902999998016185 0.9497999997615807
0.7902999998016185 0.9497999997615807 1.1710999997060298
0.9497999997615807 1.1710999997060298 0.8919999997760897
1.1710999997060298 0.8919999997760897 1.8181999995435945
0.8919999997760897 1.8181999995435945 0.7383999998146464
1.8181999995435945 0.7383999998146464 0.6962999998252144
0.7383999998146464 0.6962999998252144 0.7192999998194409
0.6962999998252144 0.7192999998194409 0.7672999998073919
0.7192999998194409 0.7672999998073919 1.101399999723526
0.7672999998073919 1.101399999723526 1.6180999995938237
1.101399999723526 1.6180999995938237 0.7608999998089985
1.6180999995938237 0.7608999998089985 0.7890999998019197
0.7608999998089985 0.7890999998019197 1.0795999997289982
0.7890999998019197 1.0795999997289982 0.7416999998138181
1.0795999997289982 0.7416999998138181 0.6978999998248128
0.7416999998138181 0.6978999998248128 0.7264999998176336
0.6978999998248128 0.7264999998176336 0.8222999997935858
0.7264999998176336 0.8222999997935858 1.1678999997068331
0.8222999997935858 1.1678999997068331 0.876999999779855
1.1678999997068331 0.876999999779855 1.4004999996484457
0.876999999779855 1.4004999996484457 0.7428999998135168
1.4004999996484457 0.7428999998135168 0.7748999998054842
0.7428999998135168 0.7748999998054842 1.1047999997226725
0.7748999998054842 1.1047999997226725 0.7640999998081952
1.1047999997226725 0.7640999998081952 1.8612999995327755
0.7640999998081952 1.8612999995327755 2.016499999493817
1.8612999995327755 2.016499999493817 1.0273999997421015
2.016499999493817 1.0273999997421015 1.3842999996525123
1.0273999997421015 1.3842999996525123 1.502199999622917
1.3842999996525123 1.502199999622917 1.024999999742704
1.502199999622917 1.024999999742704 0.8974999997747091
1.024999999742704 0.8974999997747091 0.8683999997820138
0.8974999997747091 0.8683999997820138 0.9350999997652707
0.8683999997820138 0.9350999997652707 0.8085999997970248
0.9350999997652707 0.8085999997970248 1.5558999996094371
0.8085999997970248 1.5558999996094371 0.8599999997841223
1.5558999996094371 0.8599999997841223 0.9564999997598989
0.8599999997841223 0.9564999997598989 1.968499999505866
0.9564999997598989 1.968499999505866 1.6809999995780345
1.968499999505866 1.6809999995780345 0.6842999998282266
1.6809999995780345 0.6842999998282266 0.6758999998303352
0.6842999998282266 0.6758999998303352 0.6732999998309879
0.6758999998303352 0.6732999998309879 0.6735999998309126
0.6732999998309879 0.6735999998309126 0.6766999998301344
0.6735999998309126 0.6766999998301344 0.682999999828553
0.6766999998301344 0.682999999828553 0.693699999825867
0.682999999828553 0.693699999825867 0.7124999998211479
0.693699999825867 0.7124999998211479 0.7518999998112577
0.7124999998211479 0.7518999998112577 1.1488999997116025
0.7518999998112577 1.1488999997116025 1.6791999995784863
1.1488999997116025 1.6791999995784863 1.5502999996108429
1.6791999995784863 1.5502999996108429 1.9240999995170114
1.5502999996108429 1.9240999995170114 1.8062999995465816
1.9240999995170114 1.8062999995465816 0.776999999804957
1.8062999995465816 0.776999999804957 0.7336999998158262
0.776999999804957 0.7336999998158262 0.8090999997968993
0.7336999998158262 0.8090999997968993 0.8261999997926068
0.8090999997968993 0.8261999997926068 0.8804999997789764
0.8261999997926068 0.8804999997789764 0.8334999997907744
0.8804999997789764 0.8334999997907744 1.510999999620708
0.8334999997907744 1.510999999620708 0.7228999998185373
1.510999999620708 0.7228999998185373 0.7588999998095005
0.7228999998185373 0.7588999998095005 0.9708999997562842
0.7588999998095005 0.9708999997562842 1.2451999996874292
0.9708999997562842 1.2451999996874292 1.5694999996060233
1.2451999996874292 1.5694999996060233 1.2332999996904164
1.5694999996060233 1.2332999996904164 1.7475999995613165
1.2332999996904164 1.7475999995613165 1.7553999995593585
1.7475999995613165 1.7553999995593585 1.6309999995905855
1.7553999995593585 1.6309999995905855 2.1062999994712754
1.6309999995905855 2.1062999994712754 0.7879999998021958
2.1062999994712754 0.7879999998021958 1.5770999996041155
0.7879999998021958 1.5770999996041155 0.9949999997502346
1.5770999996041155 0.9949999997502346 1.895099999524291
0.9949999997502346 1.895099999524291 1.6435999995874226
1.895099999524291 1.6435999995874226 0.7909999998014428
1.6435999995874226 0.7909999998014428 2.0084999994958253
0.7909999998014428 2.0084999994958253 0.9595999997591207
2.0084999994958253 0.9595999997591207 0.8213999997938117
0.9595999997591207 0.8213999997938117 0.9558999997600495
0.8213999997938117 0.9558999997600495 1.389399999651232
0.9558999997600495 1.389399999651232 2.242899999436986
1.389399999651232 2.242899999436986 0.7356999998153242
2.242899999436986 0.7356999998153242 0.6957999998253399
0.7356999998153242 0.6957999998253399 0.7161999998202191
0.6957999998253399 0.7161999998202191 0.7575999998098268
0.7161999998202191 0.7575999998098268 1.465999999632004
0.7575999998098268 1.465999999632004 0.6948999998255658
1.465999999632004 0.6948999998255658 0.7094999998219009
0.6948999998255658 0.7094999998219009 0.7412999998139185
0.7094999998219009 0.7412999998139185 0.8589999997843734
0.7412999998139185 0.8589999997843734 1.439399999638681
0.8589999997843734 1.439399999638681 0.9313999997661995
1.439399999638681 0.9313999997661995 2.092999999474614
0.9313999997661995 2.092999999474614 0.8206999997939874
2.092999999474614 0.8206999997939874 0.7375999998148473
0.8206999997939874 0.7375999998148473 0.8429999997883897
0.7375999998148473 0.8429999997883897 1.486399999626883
0.8429999997883897 1.486399999626883 0.8422999997885654
1.486399999626883 0.8422999997885654 1.4211999996432496
0.8422999997885654 1.4211999996432496 0.9383999997644423
1.4211999996432496 0.9383999997644423 1.2987999996739745
0.9383999997644423 1.2987999996739745 1.6391999995885271
1.2987999996739745 1.6391999995885271 0.8089999997969244
1.6391999995885271 0.8089999997969244 0.8105999997965228
0.8089999997969244 0.8105999997965228 1.8787999995283826
0.8105999997965228 1.8787999995283826 0.7979999997996856
1.8787999995283826 0.7979999997996856 0.772099999806187
0.7979999997996856 0.772099999806187 0.8164999997950417
0.772099999806187 0.8164999997950417 0.9081999997720231
0.8164999997950417 0.9081999997720231 0.8145999997955187
0.9081999997720231 0.8145999997955187 1.0194999997440846
0.8145999997955187 1.0194999997440846 1.8030999995473849
1.0194999997440846 1.8030999995473849 1.5248999996172188
1.8030999995473849 1.5248999996172188 2.0759999994788814
1.5248999996172188 2.0759999994788814 1.1369999997145896
2.0759999994788814 1.1369999997145896 1.7408999995629983
1.1369999997145896 1.7408999995629983 1.6120999995953298
1.7408999995629983 1.6120999995953298 1.829499999540758
1.6120999995953298 1.829499999540758 1.9209999995177895
1.829499999540758 1.9209999995177895 1.6358999995893555
1.9209999995177895 1.6358999995893555 0.8160999997951421
1.6358999995893555 0.8160999997951421 0.9757999997550542
0.8160999997951421 0.9757999997550542 1.8466999995364404
0.9757999997550542 1.8466999995364404 1.552199999610366
1.8466999995364404 1.552199999610366 1.5917999996004255
1.552199999610366 1.5917999996004255 0.674199999830762
1.5917999996004255 0.674199999830762 0.6779999998298081
0.674199999830762 0.6779999998298081 0.6852999998279756
0.6779999998298081 0.6852999998279756 0.697699999824863
0.6852999998279756 0.697699999824863 0.7198999998192903
0.697699999824863 0.7198999998192903 0.7719999998062121
0.7198999998192903 0.7719999998062121 1.4250999996422706
0.7719999998062121 1.4250999996422706 0.8212999997938368
1.4250999996422706 0.8212999997938368 1.335599999664737
0.8212999997938368 1.335599999664737 0.860299999784047
1.335599999664737 0.860299999784047 1.5831999996025843
0.860299999784047 1.5831999996025843 1.549199999611119
1.5831999996025843 1.549199999611119 1.4490999996362461
1.549199999611119 1.4490999996362461 0.8511999997863313
1.4490999996362461 0.8511999997863313 1.465999999632004
0.8511999997863313 1.465999999632004 0.706499999822654
1.465999999632004 0.706499999822654 0.698599999824637
0.706499999822654 0.698599999824637 0.7012999998239593
0.698599999824637 0.7012999998239593 0.713299999820947
0.7012999998239593 0.713299999820947 0.742699999813567
0.713299999820947 0.742699999813567 0.847599999787235
0.742699999813567 0.847599999787235 1.4670999996317278
0.847599999787235 1.4670999996317278 0.8370999997898707
1.4670999996317278 0.8370999997898707 1.426699999641869
0.8370999997898707 1.426699999641869 0.7344999998156254
1.426699999641869 0.7344999998156254 0.7824999998035764
0.7344999998156254 0.7824999998035764 0.970099999756485
0.7824999998035764 0.970099999756485 0.8784999997794785
0.970099999756485 0.8784999997794785 1.1157999997199113
0.8784999997794785 1.1157999997199113 0.8141999997956191
1.1157999997199113 0.8141999997956191 1.5699999996058978
0.8141999997956191 1.5699999996058978 1.4879999996264814
1.5699999996058978 1.4879999996264814 0.9681999997569619
1.4879999996264814 0.9681999997569619 1.2628999996829862
0.9681999997569619 1.2628999996829862 1.5611999996081067
1.2628999996829862 1.5611999996081067 1.080699999728722
1.5611999996081067 1.080699999728722 1.822499999542515
1.080699999728722 1.822499999542515 1.5584999996087845
1.822499999542515 1.5584999996087845 1.941199999512719
1.5584999996087845 1.941199999512719 0.7666999998075426
1.941199999512719 0.7666999998075426 0.791699999801267
0.7666999998075426 0.791699999801267 1.0868999997271658
0.791699999801267 1.0868999997271658 0.7376999998148221
1.0868999997271658 0.7376999998148221 0.6945999998256411
0.7376999998148221 0.6945999998256411 0.7188999998195413
0.6945999998256411 0.7188999998195413 0.7843999998030995
0.7188999998195413 0.7843999998030995 1.2390999996889605
0.7843999998030995 1.2390999996889605 0.8332999997908246
1.2390999996889605 0.8332999997908246 0.773099999805936
0.8332999997908246 0.773099999805936 1.4062999996469898
0.773099999805936 1.4062999996469898 0.8032999997983552
1.4062999996469898 0.8032999997983552 0.9215999997686595
0.8032999997983552 0.9215999997686595 0.807399999797326
0.9215999997686595 0.807399999797326 0.8323999997910505
0.807399999797326 0.8323999997910505 1.9732999995046612
0.8323999997910505 1.9732999995046612 0.9175999997696636
1.9732999995046612 0.9175999997696636 0.873099999780834
0.9175999997696636 0.873099999780834 1.480599999628339
0.873099999780834 1.480599999628339 0.8393999997892934
1.480599999628339 0.8393999997892934 1.4881999996264312
0.8393999997892934 1.4881999996264312 0.7228999998185373
1.4881999996264312 0.7228999998185373 0.775099999805434
0.7228999998185373 0.775099999805434 1.372899999655374
0.775099999805434 1.372899999655374 0.8149999997954183
1.372899999655374 0.8149999997954183 0.9537999997605766
0.8149999997954183 0.9537999997605766 0.7805999998040534
0.9537999997605766 0.7805999998040534 0.7683999998071158
0.7805999998040534 0.7683999998071158 1.4224999996429233
0.7683999998071158 1.4224999996429233 0.7791999998044048
1.4224999996429233 0.7791999998044048 1.2207999996935541
0.7791999998044048 1.2207999996935541 0.9016999997736548
1.2207999996935541 0.9016999997736548 1.027899999741976
0.9016999997736548 1.027899999741976 0.7677999998072664
1.027899999741976 0.7677999998072664 0.7352999998154246
0.7677999998072664 0.7352999998154246 0.833899999790674
0.7352999998154246 0.833899999790674 1.522799999617746
0.833899999790674 1.522799999617746 0.8866999997774201
1.522799999617746 0.8866999997774201 1.3828999996528637
0.8866999997774201 1.3828999996528637 0.6961999998252395
1.3828999996528637 0.6961999998252395 0.7155999998203697
0.6961999998252395 0.7155999998203697 0.7599999998092244
0.7155999998203697 0.7599999998092244 1.4366999996393588
0.7599999998092244 1.4366999996393588 0.7167999998200685
1.4366999996393588 0.7167999998200685 0.7339999998157509
0.7167999998200685 0.7339999998157509 0.7890999998019197
0.7339999998157509 0.7890999998019197 0.9508999997613046
0.7890999998019197 0.9508999997613046 1.125899999717376
0.9508999997613046 1.125899999717376 0.937699999764618
1.125899999717376 0.937699999764618 1.5554999996095376
0.937699999764618 1.5554999996095376 0.9630999997582421
1.5554999996095376 0.9630999997582421 0.7757999998052583
0.9630999997582421 0.7757999998052583 0.7512999998114083
0.7757999998052583 0.7512999998114083 0.982799999753297
0.7512999998114083 0.982799999753297 1.8424999995374947
0.982799999753297 1.8424999995374947 1.5425999996127757
1.8424999995374947 1.5425999996127757 1.4594999996336355
1.5425999996127757 1.4594999996336355 0.7619999998087224
1.4594999996336355 0.7619999998087224 1.3703999996560015
0.7619999998087224 1.3703999996560015 0.7452999998129144
1.3703999996560015 0.7452999998129144 0.7344999998156254
0.7452999998129144 0.7344999998156254 0.7519999998112326
0.7344999998156254 0.7519999998112326 0.8297999997917032
0.7519999998112326 0.8297999997917032 0.8599999997841223
0.8297999997917032 0.8599999997841223 0.9922999997509123
0.8599999997841223 0.9922999997509123 1.8997999995231112
0.9922999997509123 1.8997999995231112 1.788199999551125
1.8997999995231112 1.788199999551125 0.827999999792155
1.788199999551125 0.827999999792155 1.8259999995416365
0.827999999792155 1.8259999995416365 2.1113999994699952
1.8259999995416365 2.1113999994699952 0.8443999997880383
2.1113999994699952 0.8443999997880383 0.9203999997689607
0.8443999997880383 0.9203999997689607 1.367899999656629
0.9203999997689607 1.367899999656629 1.7003999995731647
1.367899999656629 1.7003999995731647 1.0127999997457664
1.7003999995731647 1.0127999997457664 0.8758999997801311
1.0127999997457664 0.8758999997801311 0.9056999997726507
0.8758999997801311 0.9056999997726507 0.8570999997848503
0.9056999997726507 0.8570999997848503 1.4452999996372
0.8570999997848503 1.4452999996372 0.9311999997662497
1.4452999996372 0.9311999997662497 0.8280999997921299
0.9311999997662497 0.8280999997921299 0.8190999997943891
0.8280999997921299 0.8190999997943891 1.9100999995205257
0.8190999997943891 1.9100999995205257 0.7574999998098519
1.9100999995205257 0.7574999998098519 0.7379999998147468
0.7574999998098519 0.7379999998147468 0.7507999998115338
0.7379999998147468 0.7507999998115338 0.8148999997954434
0.7507999998115338 0.8148999997954434 0.8805999997789513
0.8148999997954434 0.8805999997789513 0.8688999997818883
0.8805999997789513 0.8688999997818883 1.4921999996254272
0.8688999997818883 1.4921999996254272 1.3885999996514329
1.4921999996254272 1.3885999996514329 1.5287999996162398
1.3885999996514329 1.5287999996162398 0.709399999821926
1.5287999996162398 0.709399999821926 0.722199999818713
0.709399999821926 0.722199999818713 0.7586999998095507
0.722199999818713 0.7586999998095507 0.9770999997547278
0.7586999998095507 0.9770999997547278 1.245399999687379
0.9770999997547278 1.245399999687379 1.5562999996093367
1.245399999687379 1.5562999996093367 1.4948999996247494
1.5562999996093367 1.4948999996247494 0.7214999998188887
1.4948999996247494 0.7214999998188887 0.769199999806915
0.7214999998188887 0.769199999806915 1.3455999996622268
0.769199999806915 1.3455999996622268 0.7796999998042793
1.3455999996622268 0.7796999998042793 0.8205999997940125
0.7796999998042793 0.8205999997940125 0.9045999997729268
0.8205999997940125 0.9045999997729268 0.8190999997943891
0.9045999997729268 0.8190999997943891 1.4927999996252765
0.8190999997943891 1.4927999996252765 0.6873999998274485
1.4927999996252765 0.6873999998274485 0.6943999998256913
0.6873999998274485 0.6943999998256913 0.7095999998218758
0.6943999998256913 0.7095999998218758 0.7421999998136926
0.7095999998218758 0.7421999998136926 0.8675999997822146
0.7421999998136926 0.8675999997822146 1.4234999996426723
0.8675999997822146 1.4234999996426723 1.676499999579164
1.4234999996426723 1.676499999579164 0.6725999998311636
1.676499999579164 0.6725999998311636 0.6702999998317409
0.6725999998311636 0.6702999998317409 0.6710999998315401
0.6702999998317409 0.6710999998315401 0.6743999998307117
0.6710999998315401 0.6743999998307117 0.6804999998291805
0.6743999998307117 0.6804999998291805 0.6904999998266703
0.6804999998291805 0.6904999998266703 0.7068999998225536
0.6904999998266703 0.7068999998225536 0.7376999998148221
0.7068999998225536 0.7376999998148221 0.8381999997895946
0.7376999998148221 0.8381999997895946 1.9192999995182163
0.8381999997895946 1.9192999995182163 0.9382999997644674
1.9192999995182163 0.9382999997644674 1.0779999997293999
0.9382999997644674 1.0779999997293999 1.3368999996644106
1.0779999997293999 1.3368999996644106 2.09699999947361
1.3368999996644106 2.09699999947361 0.8381999997895946
2.09699999947361 0.8381999997895946 1.4313999996406892
0.8381999997895946 1.4313999996406892 0.722199999818713
1.4313999996406892 0.722199999818713 0.7461999998126885
0.722199999818713 0.7461999998126885 0.8353999997902974
0.7461999998126885 0.8353999997902974 1.1739999997053019
0.8353999997902974 1.1739999997053019 1.1651999997075109
1.1739999997053019 1.1651999997075109 0.7118999998212985
1.1651999997075109 0.7118999998212985 0.7497999998117848
0.7118999998212985 0.7497999998117848 0.9682999997569368
0.7497999998117848 0.9682999997569368 1.3575999996592145
0.9682999997569368 1.3575999996592145 2.13109999946505
1.3575999996592145 2.13109999946505 0.7954999998003132
2.13109999946505 0.7954999998003132 0.8018999997987066
0.7954999998003132 0.8018999997987066 1.5357999996144827
0.8018999997987066 1.5357999996144827 0.826999999792406
1.5357999996144827 0.826999999792406 1.9790999995032053
0.826999999792406 1.9790999995032053 0.8873999997772444
1.9790999995032053 0.8873999997772444 0.8194999997942887
0.8873999997772444 0.8194999997942887 1.4980999996239461
0.8194999997942887 1.4980999996239461 0.8149999997954183
1.4980999996239461 0.8149999997954183 0.9020999997735544
0.8149999997954183 0.9020999997735544 1.2132999996954368
0.9020999997735544 1.2132999996954368 1.6694999995809212
1.2132999996954368 1.6694999995809212 0.8911999997762905
1.6694999995809212 0.8911999997762905 0.8438999997881638
0.8911999997762905 0.8438999997881638 1.4326999996403629
0.8438999997881638 1.4326999996403629 1.1423999997132341
1.4326999996403629 1.1423999997132341 1.0540999997353993
1.1423999997132341 1.0540999997353993 1.5924999996002498
1.0540999997353993 1.5924999996002498 1.9375999995136226
1.5924999996002498 1.9375999995136226 1.8320999995401053
1.9375999995136226 1.8320999995401053 0.7837999998032501
1.8320999995401053 0.7837999998032501 1.8374999995387498
0.7837999998032501 1.8374999995387498 1.9858999995014983
1.8374999995387498 1.9858999995014983 1.5210999996181727
1.9858999995014983 1.5210999996181727 0.8212999997938368
1.5210999996181727 0.8212999997938368 0.8764999997799805
0.8212999997938368 0.8764999997799805 0.8607999997839215
0.8764999997799805 0.8607999997839215 1.4945999996248247
0.8607999997839215 1.4945999996248247 1.4114999996456845
1.4945999996248247 1.4114999996456845 0.9246999997678813
1.4114999996456845 0.9246999997678813 1.5181999996189006
0.9246999997678813 1.5181999996189006 0.8100999997966483
1.5181999996189006 0.8100999997966483 0.8733999997807587
0.8100999997966483 0.8733999997807587 2.0366999994887465
0.8733999997807587 2.0366999994887465 0.8503999997865321
2.0366999994887465 0.8503999997865321 1.4166999996443792
0.8503999997865321 1.4166999996443792 0.7982999997996103
1.4166999996443792 0.7982999997996103 0.9199999997690611
0.7982999997996103 0.9199999997690611 0.8270999997923809
0.9199999997690611 0.8270999997923809 0.8481999997870844
0.8270999997923809 0.8481999997870844 2.208599999445596
0.8481999997870844 2.208599999445596 0.7362999998151736
2.208599999445596 0.7362999998151736 0.6963999998251893
0.7362999998151736 0.6963999998251893 0.7171999998199681
0.6963999998251893 0.7171999998199681 0.760399999809124
0.7171999998199681 0.760399999809124 1.4418999996380535
0.760399999809124 1.4418999996380535 0.7119999998212734
1.4418999996380535 0.7119999998212734 0.7440999998132156
0.7119999998212734 0.7440999998132156 0.8688999997818883
0.7440999998132156 0.8688999997818883 1.4123999996454586
0.8688999997818883 1.4123999996454586 1.0877999997269399
1.4123999996454586 1.0877999997269399 1.67559999957939
1.0877999997269399 1.67559999957939 1.6388999995886024
1.67559999957939 1.6388999995886024 1.5300999996159135
1.6388999995886024 1.5300999996159135 1.3446999996624527
1.5300999996159135 1.3446999996624527 0.8601999997840721
1.3446999996624527 0.8601999997840721 1.5870999996016053
0.8601999997840721 1.5870999996016053 1.4868999996267576
1.5870999996016053 1.4868999996267576 0.7751999998054089
1.4868999996267576 0.7751999998054089 1.175899999704825
0.7751999998054089 1.175899999704825 0.9009999997738305
1.175899999704825 0.9009999997738305 0.9203999997689607
0.9009999997738305 0.9203999997689607 0.8107999997964725
0.9203999997689607 0.8107999997964725 1.5318999996154616
0.8107999997964725 1.5318999996154616 0.9134999997706927
1.5318999996154616 0.9134999997706927 0.8370999997898707
0.9134999997706927 0.8370999997898707 0.9185999997694125
0.8370999997898707 0.9185999997694125 1.894199999524517
0.9185999997694125 1.894199999524517 1.7434999995623457
1.894199999524517 1.7434999995623457 0.8069999997974264
1.7434999995623457 0.8069999997974264 0.7934999998008152
0.8069999997974264 0.7934999998008152 0.893599999775688
0.7934999998008152 0.893599999775688 1.240499999688609
0.893599999775688 1.240499999688609 0.7119999998212734
1.240499999688609 0.7119999998212734 0.6729999998310632
0.7119999998212734 0.6729999998310632 0.6801999998292558
0.6729999998310632 0.6801999998292558 0.6915999998263942
0.6801999998292558 0.6915999998263942 0.710399999821675
0.6915999998263942 0.710399999821675 0.7447999998130399
0.710399999821675 0.7447999998130399 0.8175999997947656
0.7447999998130399 0.8175999997947656 1.353299999660294
0.8175999997947656 1.353299999660294 1.3889999996513325
1.353299999660294 1.3889999996513325 0.9273999997672036
1.3889999996513325 0.9273999997672036 0.7728999998059862
0.9273999997672036 0.7728999998059862 1.6310999995905604
0.7728999998059862 1.6310999995905604 0.9752999997551797
1.6310999995905604 0.9752999997551797 1.090699999726212
0.9752999997551797 1.090699999726212 1.1583999997092178
1.090699999726212 1.1583999997092178 1.2987999996739745
1.1583999997092178 1.2987999996739745 1.9618999995075228
1.2987999996739745 1.9618999995075228 1.5787999996036888
1.9618999995075228 1.5787999996036888 0.8356999997902221
1.5787999996036888 0.8356999997902221 1.5002999996233939
0.8356999997902221 1.5002999996233939 0.7144999998206458
1.5002999996233939 0.7144999998206458 0.7509999998114836
0.7144999998206458 0.7509999998114836 0.936799999764844
0.7509999998114836 0.936799999764844 1.3285999996664941
0.936799999764844 1.3285999996664941 1.612899999595129
1.3285999996664941 1.612899999595129 0.976899999754778
1.612899999595129 0.976899999754778 0.8315999997912513
0.976899999754778 0.8315999997912513 1.840199999538072
0.8315999997912513 1.840199999538072 1.7368999995640024
1.840199999538072 1.7368999995640024 0.879899999779127
1.7368999995640024 0.879899999779127 0.8283999997920546
0.879899999779127 0.8283999997920546 0.8339999997906489
0.8283999997920546 0.8339999997906489 1.1712999997059796
0.8339999997906489 1.1712999997059796 0.7148999998205454
1.1712999997059796 0.7148999998205454 0.6773999998299587
0.7148999998205454 0.6773999998299587 0.6874999998274234
0.6773999998299587 0.6874999998274234 0.7042999998232062
0.6874999998274234 0.7042999998232062 0.735899999815274
0.7042999998232062 0.735899999815274 0.8346999997904732
0.735899999815274 0.8346999997904732 0.861299999783796
0.8346999997904732 0.861299999783796 1.8571999995338047
0.861299999783796 1.8571999995338047 1.75399999955971
1.8571999995338047 1.75399999955971 1.2663999996821076
1.75399999955971 1.2663999996821076 0.7969999997999366
1.2663999996821076 0.7969999997999366 0.7428999998135168
0.7969999997999366 0.7428999998135168 0.8811999997788007
0.7428999998135168 0.8811999997788007 1.4153999996447055
0.8811999997788007 1.4153999996447055 1.4743999996298953
1.4153999996447055 1.4743999996298953 0.8533999997857791
1.4743999996298953 0.8533999997857791 1.4467999996368235
0.8533999997857791 1.4467999996368235 0.8666999997824405
1.4467999996368235 0.8666999997824405 1.4621999996329578
0.8666999997824405 1.4621999996329578 0.8699999997816121
1.4621999996329578 0.8699999997816121 0.8964999997749601
0.8699999997816121 0.8964999997749601 1.9515999995101083
0.8964999997749601 1.9515999995101083 1.061299999733592
1.9515999995101083 1.061299999733592 0.749599999811835
1.061299999733592 0.749599999811835 0.7101999998217252
0.749599999811835 0.7101999998217252 0.7460999998127136
0.7101999998217252 0.7460999998127136 0.9236999997681323
0.7460999998127136 0.9236999997681323 1.8845999995269267
0.9236999997681323 1.8845999995269267 1.5603999996083076
1.8845999995269267 1.5603999996083076 0.9515999997611289
1.5603999996083076 0.9515999997611289 0.7816999998037772
0.9515999997611289 0.7816999998037772 0.7661999998076681
0.7816999998037772 0.7661999998076681 1.4214999996431743
0.7661999998076681 1.4214999996431743 0.7530999998109564
1.4214999996431743 0.7530999998109564 0.938699999764367
0.7530999998109564 0.938699999764367 1.310099999671138
0.938699999764367 1.310099999671138 1.6201999995932965
1.310099999671138 1.6201999995932965 0.8325999997910003
1.6201999995932965 0.8325999997910003 0.8564999997850009
0.8325999997910003 0.8564999997850009 2.069399999480538
0.8564999997850009 2.069399999480538 0.7981999997996354
2.069399999480538 0.7981999997996354 0.8276999997922303
0.7981999997996354 0.8276999997922303 1.5469999996116712
0.8276999997922303 1.5469999996116712 0.8803999997790015
1.5469999996116712 0.8803999997790015 1.1354999997149662
0.8803999997790015 1.1354999997149662 1.5852999996020571
1.1354999997149662 1.5852999996020571 0.895599999775186
1.5852999996020571 0.895599999775186 0.7941999998006395
0.895599999775186 0.7941999998006395 1.5758999996044167
0.7941999998006395 1.5758999996044167 1.3537999996601684
1.5758999996044167 1.3537999996601684 1.0166999997447874
1.3537999996601684 1.0166999997447874 1.396399999649475
1.0166999997447874 1.396399999649475 1.4905999996258288
1.396399999649475 1.4905999996258288 0.7973999997998362
1.4905999996258288 0.7973999997998362 1.1958999996998045
0.7973999997998362 1.1958999996998045 1.1369999997145896
1.1958999996998045 1.1369999997145896 0.8079999997971754
1.1369999997145896 0.8079999997971754 0.7786999998045303
0.8079999997971754 0.7786999998045303 1.4205999996434002
0.7786999998045303 1.4205999996434002 0.9062999997725001
1.4205999996434002 0.9062999997725001 0.7981999997996354
0.9062999997725001 0.7981999997996354 1.9435999995121165
0.7981999997996354 1.9435999995121165 0.8832999997782736
1.9435999995121165 0.8832999997782736 0.9054999997727009
0.8832999997782736 0.9054999997727009 0.8614999997837458
0.9054999997727009 0.8614999997837458 1.456099999634489
0.8614999997837458 1.456099999634489 0.8890999997768176
1.456099999634489 0.8890999997768176 0.8649999997828672
0.8890999997768176 0.8649999997828672 1.412999999645308
0.8649999997828672 1.412999999645308 1.385599999652186
1.412999999645308 1.385599999652186 1.0257999997425031
1.385599999652186 1.0257999997425031 0.7550999998104544
1.0257999997425031 0.7550999998104544 0.7200999998192401
0.7550999998104544 0.7200999998192401 0.7715999998063126
0.7200999998192401 0.7715999998063126 1.4242999996424714
0.7715999998063126 1.4242999996424714 0.8177999997947154
1.4242999996424714 0.8177999997947154 1.4057999996471153
0.8177999997947154 1.4057999996471153 0.8186999997944895
1.4057999996471153 0.8186999997944895 1.588399999601279
0.8186999997944895 1.588399999601279 1.005299999747649
1.588399999601279 1.005299999747649 1.8775999995286838
1.005299999747649 1.8775999995286838 1.8249999995418875
1.8775999995286838 1.8249999995418875 0.7419999998137428
1.8249999995418875 0.7419999998137428 0.6967999998250889
0.7419999998137428 0.6967999998250889 0.7306999998165793
0.6967999998250889 0.7306999998165793 0.844699999787963
0.7306999998165793 0.844699999787963 1.0227999997432562
0.844699999787963 1.0227999997432562 0.8156999997952425
1.0227999997432562 0.8156999997952425 1.919599999518141
0.8156999997952425 1.919599999518141 0.7267999998175583
1.919599999518141 0.7267999998175583 0.6823999998287036
0.7267999998175583 0.6823999998287036 0.7041999998232313
0.6823999998287036 0.7041999998232313 0.7546999998105548
0.7041999998232313 0.7546999998105548 0.8070999997974013
0.7546999998105548 0.8070999997974013 0.8016999997987568
0.8070999997974013 0.8016999997987568 0.8606999997839466
0.8016999997987568 0.8606999997839466 0.8417999997886909
0.8606999997839466 0.8417999997886909 1.1658999997073352
0.8417999997886909 1.1658999997073352 1.6826999995776077
1.1658999997073352 1.6826999995776077 1.55799999960891
1.6826999995776077 1.55799999960891 2.0486999994857342
1.55799999960891 2.0486999994857342 0.9097999997716215
2.0486999994857342 0.9097999997716215 1.5333999996151988
0.9097999997716215 1.5333999996151988 0.8121999997961211
1.5333999996151988 0.8121999997961211 0.823099999793385
0.8121999997961211 0.823099999793385 1.939199999513221
0.823099999793385 1.939199999513221 0.9745999997553554
1.939199999513221 0.9745999997553554 0.7558999998102536
0.9745999997553554 0.7558999998102536 1.5649999996071529
0.7558999998102536 1.5649999996071529 0.9319999997660489
1.5649999996071529 0.9319999997660489 2.089899999475392
0.9319999997660489 2.089899999475392 0.7853999998028485
2.089899999475392 0.7853999998028485 0.7811999998039028
0.7853999998028485 0.7811999998039028 1.4375999996391329
0.7811999998039028 1.4375999996391329 1.0162999997448878
1.4375999996391329 1.0162999997448878 0.8374999997897703
1.0162999997448878 0.8374999997897703 0.8649999997828672
0.8374999997897703 0.8649999997828672 1.006299999747398
0.8649999997828672 1.006299999747398 0.8027999997984807
1.006299999747398 0.8027999997984807 1.7622999995576265
0.8027999997984807 1.7622999995576265 0.7557999998102787
1.7622999995576265 0.7557999998102787 0.7125999998211228
0.7557999998102787 0.7125999998211228 0.7569999998099775
0.7125999998211228 0.7569999998099775 1.2471999996869272
0.7569999998099775 1.2471999996869272 0.8648999997828923
1.2471999996869272 0.8648999997828923 0.7521999998111824
0.8648999997828923 0.7521999998111824 1.003399999748126
0.7521999998111824 1.003399999748126 1.3224999996680253
1.003399999748126 1.3224999996680253 2.0073999994961014
1.3224999996680253 2.0073999994961014 1.5249999996171937
2.0073999994961014 1.5249999996171937 0.7150999998204952
1.5249999996171937 0.7150999998204952 0.7290999998169809
0.7150999998204952 0.7290999998169809 0.7731999998059109
0.7290999998169809 0.7731999998059109 1.027799999742001
0.7731999998059109 1.027799999742001 0.8836999997781732
1.027799999742001 0.8836999997781732 0.8640999997830932
0.8836999997781732 0.8640999997830932 0.914199999770517
0.8640999997830932 0.914199999770517 0.8412999997888164
0.914199999770517 0.8412999997888164 1.5054999996220886
0.8412999997888164 1.5054999996220886 0.7458999998127638
1.5054999996220886 0.7458999998127638 0.8236999997932344
0.7458999998127638 0.8236999997932344 0.8855999997776962
0.8236999997932344 0.8855999997776962 0.9678999997570372
0.8855999997776962 0.9678999997570372 1.9269999995162834
0.9678999997570372 1.9269999995162834 1.4941999996249251
1.9269999995162834 1.4941999996249251 0.7845999998030493
1.4941999996249251 0.7845999998030493 0.9649999997577652
0.7845999998030493 0.9649999997577652 1.0632999997330899
0.9649999997577652 1.0632999997330899 1.0364999997398172
1.0632999997330899 1.0364999997398172 0.8609999997838713
1.0364999997398172 0.8609999997838713 1.4074999996466886
0.8609999997838713 1.4074999996466886 0.7661999998076681
1.4074999996466886 0.7661999998076681 0.9032999997732531
0.7661999998076681 0.9032999997732531 0.804499999798054
0.9032999997732531 0.804499999798054 1.950899999510284
0.804499999798054 1.950899999510284 0.8547999997854276
1.950899999510284 0.8547999997854276 0.970099999756485
0.8547999997854276 0.970099999756485 0.7842999998031246
0.970099999756485 0.7842999998031246 0.7771999998049068
0.7842999998031246 0.7771999998049068 1.4299999996410406
0.7771999998049068 1.4299999996410406 0.9373999997646933
1.4299999996410406 0.9373999997646933 1.2083999996966668
0.9373999997646933 1.2083999996966668 1.7953999995493177
1.2083999996966668 1.7953999995493177 0.7559999998102285
1.7953999995493177 0.7559999998102285 0.7210999998189891
0.7559999998102285 0.7210999998189891 0.7696999998067895
0.7210999998189891 0.7696999998067895 1.4170999996442788
0.7696999998067895 1.4170999996442788 0.7862999998026226
1.4170999996442788 0.7862999998026226 1.331599999665741
0.7862999998026226 1.331599999665741 0.9849999997527448
1.331599999665741 0.9849999997527448 0.7581999998096762
0.9849999997527448 0.7581999998096762 1.5672999996065755
0.7581999998096762 1.5672999996065755 0.9173999997697138
1.5672999996065755 0.9173999997697138 2.2209999994424834
0.9173999997697138 2.2209999994424834 0.6944999998256662
2.2209999994424834 0.6944999998256662 1.7046999995720853
0.6944999998256662 1.7046999995720853 1.845999999536616
1.7046999995720853 1.845999999536616 0.8490999997868585
1.845999999536616 0.8490999997868585 1.444299999637451
0.8490999997868585 1.444299999637451 0.9501999997614803
