1.0819999999998808 1.0416000000012477 0.8677000000018311
1.0416000000012477 0.8677000000018311 2.471999999996542
0.8677000000018311 2.471999999996542 0.7979999999981402
2.471999999996542 0.7979999999981402 0.8492999999980206
0.7979999999981402 0.8492999999980206 0.7866999999981665
0.8492999999980206 0.7866999999981665 0.730699999998297
0.7866999999981665 0.730699999998297 0.722999999998315
0.730699999998297 0.722999999998315 0.7420999999982705
0.722999999998315 0.7420999999982705 0.9148999999978678
0.7420999999982705 0.9148999999978678 1.410399999996713
0.9148999999978678 1.410399999996713 0.7721999999982003
1.410399999996713 0.7721999999982003 0.8292999999980672
0.7721999999982003 0.8292999999980672 0.9381999999978134
0.8292999999980672 0.9381999999978134 0.8074999999981198
0.9381999999978134 0.8074999999981198 0.8683999999979761
0.8074999999981198 0.8683999999979761 1.5827999999963112
0.8683999999979761 1.5827999999963112 0.8375999999980479
1.5827999999963112 0.8375999999980479 1.6735999999960995
0.8375999999980479 1.6735999999960995 0.75519999999824
1.6735999999960995 0.75519999999824 0.7383999999982791
0.75519999999824 0.7383999999982791 0.8600999999979955
0.7383999999982791 0.8600999999979955 0.8129999999981052
0.8600999999979955 0.8129999999981052 0.7431999999982679
0.8129999999981052 0.7431999999982679 0.7367999999982828
0.7431999999982679 0.7367999999982828 0.7596999999982295
0.7367999999982828 0.7596999999982295 0.8404999999980411
0.7596999999982295 0.8404999999980411 1.426299999996676
0.8404999999980411 1.426299999996676 1.0960999999974455
1.426299999996676 1.0960999999974455 1.8253999999957458
1.0960999999974455 1.8253999999957458 2.032100000060801
1.8253999999957458 2.032100000060801 1.6748000000555976
2.032100000060801 1.6748000000555976 1.3748000000456386
1.6748000000555976 1.3748000000456386 1.5594000000517667
1.3748000000456386 1.5594000000517667 1.3362000000443572
1.5594000000517667 1.3362000000443572 0.8659000000287449
1.3362000000443572 0.8659000000287449 0.8036000000266768
0.8659000000287449 0.8036000000266768 0.9725000000322837
0.8036000000266768 0.9725000000322837 1.3814000000458577
0.9725000000322837 1.3814000000458577 2.09720000006962
1.3814000000458577 2.09720000006962 1.001700000033253
2.09720000006962 1.001700000033253 1.035800000034385
1.001700000033253 1.035800000034385 1.2575000000417447
1.035800000034385 1.2575000000417447 0.8029000000266535
1.2575000000417447 0.8029000000266535 0.9887000000328214
0.8029000000266535 0.9887000000328214 1.221000000040533
0.9887000000328214 1.221000000040533 0.8097000000268793
1.221000000040533 0.8097000000268793 1.0609000000352182
0.8097000000268793 1.0609000000352182 1.0724000000356
1.0609000000352182 1.0724000000356 0.9456000000313907
1.0724000000356 0.9456000000313907 2.0492000000680264
0.9456000000313907 2.0492000000680264 0.9535000000316529
2.0492000000680264 0.9535000000316529 1.2643000000419704
0.9535000000316529 1.2643000000419704 1.0878000000361112
1.2643000000419704 1.0878000000361112 0.7477000000248211
1.0878000000361112 0.7477000000248211 1.0010000000332298
0.7477000000248211 1.0010000000332298 1.1689000000387963
1.0010000000332298 1.1689000000387963 0.838400000027832
1.1689000000387963 0.838400000027832 1.2952000000429962
0.838400000027832 1.2952000000429962 1.1030000000366158
1.2952000000429962 1.1030000000366158 1.944900000064564
1.1030000000366158 1.944900000064564 1.5757000000523078
1.944900000064564 1.5757000000523078 0.7847000000260493
1.5757000000523078 0.7847000000260493 0.8812000000292528
0.7847000000260493 0.8812000000292528 1.5076000000500471
0.8812000000292528 1.5076000000500471 1.3936000000462627
1.5076000000500471 1.3936000000462627 1.1585000000384582
1.3936000000462627 1.1585000000384582 1.8453000000612576
1.1585000000384582 1.8453000000612576 2.158600000071658
1.8453000000612576 2.158600000071658 0.9101000000302122
2.158600000071658 0.9101000000302122 1.4754000000489782
0.9101000000302122 1.4754000000489782 0.7543000000250402
1.4754000000489782 0.7543000000250402 0.7940000000263581
0.7543000000250402 0.7940000000263581 1.4818000000491907
0.7940000000263581 1.4818000000491907 0.7472000000248045
1.4818000000491907 0.7472000000248045 0.7763000000257705
0.7472000000248045 0.7763000000257705 0.9144000000303549
0.7763000000257705 0.9144000000303549 2.103500000069829
0.9144000000303549 2.103500000069829 0.8683000000288246
2.103500000069829 0.8683000000288246 1.722800000057191
0.8683000000288246 1.722800000057191 0.7116000000236227
1.722800000057191 0.7116000000236227 0.7382000000245057
0.7116000000236227 0.7382000000245057 0.8418000000279449
0.7382000000245057 0.8418000000279449 0.7995000000265406
0.8418000000279449 0.7995000000265406 0.7341000000243696
0.7995000000265406 0.7341000000243696 0.7231000000240044
0.7341000000243696 0.7231000000240044 0.7387000000245223
0.7231000000240044 0.7387000000245223 0.8508000000282436
0.7387000000245223 0.8508000000282436 1.6340000000542432
0.8508000000282436 1.6340000000542432 0.7356000000244194
1.6340000000542432 0.7356000000244194 1.9179000000636677
0.7356000000244194 1.9179000000636677 1.9382000000643416
1.9179000000636677 1.9382000000643416 2.0135000000668413
1.9382000000643416 2.0135000000668413 1.671500000055488
2.0135000000668413 1.671500000055488 1.3686000000454328
1.671500000055488 1.3686000000454328 2.061300000068428
1.3686000000454328 2.061300000068428 0.9471000000314405
2.061300000068428 0.9471000000314405 0.9211000000305773
0.9471000000314405 0.9211000000305773 1.4399000000477997
0.9211000000305773 1.4399000000477997 1.5857000000526398
1.4399000000477997 1.5857000000526398 0.7235000000240177
1.5857000000526398 0.7235000000240177 0.7160000000237687
0.7235000000240177 0.7160000000237687 0.7393000000245422
0.7160000000237687 0.7393000000245422 0.9281000000308097
0.7393000000245422 0.9281000000308097 0.9090000000301757
0.9281000000308097 0.9090000000301757 0.8777000000291366
0.9090000000301757 0.8777000000291366 1.735900000057626
0.8777000000291366 1.735900000057626 0.7676000000254817
1.735900000057626 0.7676000000254817 0.7614000000252759
0.7676000000254817 0.7614000000252759 0.9613000000319118
0.7614000000252759 0.9613000000319118 0.8332000000276594
0.9613000000319118 0.8332000000276594 0.8311000000275897
0.8332000000276594 0.8311000000275897 1.4150000000469731
0.8311000000275897 1.4150000000469731 1.1404000000378574
1.4150000000469731 1.1404000000378574 1.093700000036307
1.1404000000378574 1.093700000036307 1.7492000000580674
1.093700000036307 1.7492000000580674 2.243400000074473
1.7492000000580674 2.243400000074473 0.8557000000284063
2.243400000074473 0.8557000000284063 0.967300000032111
0.8557000000284063 0.967300000032111 0.8205000000272378
0.967300000032111 0.8205000000272378 0.8713000000289242
0.8205000000272378 0.8713000000289242 1.58360000005257
0.8713000000289242 1.58360000005257 0.8238000000273473
1.58360000005257 0.8238000000273473 1.323300000043929
0.8238000000273473 1.323300000043929 0.872500000028964
1.323300000043929 0.872500000028964 2.0765000000689326
0.872500000028964 2.0765000000689326 1.5594000000517667
2.0765000000689326 1.5594000000517667 0.7597000000252194
1.5594000000517667 0.7597000000252194 0.7997000000265473
0.7597000000252194 0.7997000000265473 1.4611000000485035
0.7997000000265473 1.4611000000485035 0.7840000000260261
1.4611000000485035 0.7840000000260261 0.9273000000307832
0.7840000000260261 0.9273000000307832 1.9245000000638868
0.9273000000307832 1.9245000000638868 1.0453000000347004
1.9245000000638868 1.0453000000347004 1.6425000000545253
1.0453000000347004 1.6425000000545253 1.1385000000377943
1.6425000000545253 1.1385000000377943 0.8958000000297375
1.1385000000377943 0.8958000000297375 0.9500000000315367
0.8958000000297375 0.9500000000315367 1.399600000046462
0.9500000000315367 1.399600000046462 0.9561000000317392
1.399600000046462 0.9561000000317392 2.0596000000683716
0.9561000000317392 2.0596000000683716 0.9022000000299499
2.0596000000683716 0.9022000000299499 1.6515000000548241
0.9022000000299499 1.6515000000548241 0.7148000000237289
1.6515000000548241 0.7148000000237289 0.7302000000242401
0.7148000000237289 0.7302000000242401 0.8616000000286022
0.7302000000242401 0.8616000000286022 0.9389000000311682
0.8616000000286022 0.9389000000311682 0.8307000000275764
0.9389000000311682 0.8307000000275764 1.1063000000367254
0.8307000000275764 1.1063000000367254 1.0811000000358888
1.1063000000367254 1.0811000000358888 0.8062000000267631
1.0811000000358888 0.8062000000267631 0.8867000000294354
0.8062000000267631 0.8867000000294354 1.492200000049536
0.8867000000294354 1.492200000049536 0.9164000000304213
1.492200000049536 0.9164000000304213 1.4673000000487093
0.9164000000304213 1.4673000000487093 1.662100000055176
1.4673000000487093 1.662100000055176 1.0198000000338538
1.662100000055176 1.0198000000338538 0.9168000000304346
1.0198000000338538 0.9168000000304346 0.9240000000306736
0.9168000000304346 0.9240000000306736 1.4189000000471026
0.9240000000306736 1.4189000000471026 1.0582000000351286
1.4189000000471026 1.0582000000351286 1.9431000000645042
1.0582000000351286 1.9431000000645042 1.6166000000536656
1.9431000000645042 1.6166000000536656 1.4818000000491907
1.6166000000536656 1.4818000000491907 0.8949000000297076
1.4818000000491907 0.8949000000297076 1.4702000000488056
0.8949000000297076 1.4702000000488056 1.4551000000483043
1.4702000000488056 1.4551000000483043 1.178800000039132
1.4551000000483043 1.178800000039132 0.9609000000318986
1.178800000039132 0.9609000000318986 0.819000000027188
0.9609000000318986 0.819000000027188 0.7471000000248011
0.819000000027188 0.7471000000248011 0.7426000000246518
0.7471000000248011 0.7426000000246518 0.770500000025578
0.7426000000246518 0.770500000025578 0.8745000000290304
0.770500000025578 0.8745000000290304 2.0280000000673226
0.8745000000290304 2.0280000000673226 0.9620000000319351
2.0280000000673226 0.9620000000319351 1.3497000000448054
0.9620000000319351 1.3497000000448054 1.5884000000527294
1.3497000000448054 1.5884000000527294 1.3149000000436502
1.5884000000527294 1.3149000000436502 1.0606000000352083
1.3149000000436502 1.0606000000352083 0.8471000000281208
1.0606000000352083 0.8471000000281208 2.068100000068654
0.8471000000281208 2.068100000068654 0.867200000028788
2.068100000068654 0.867200000028788 1.4436000000479225
0.867200000028788 1.4436000000479225 0.8968000000297707
1.4436000000479225 0.8968000000297707 1.5722000000521916
0.8968000000297707 1.5722000000521916 1.8389000000610451
1.5722000000521916 1.8389000000610451 0.7825000000259763
1.8389000000610451 0.7825000000259763 1.920800000063764
0.7825000000259763 1.920800000063764 1.9536000000648528
1.920800000063764 1.9536000000648528 2.3232000000771222
1.9536000000648528 2.3232000000771222 0.7976000000264776
2.3232000000771222 0.7976000000264776 0.9616000000319218
0.7976000000264776 0.9616000000319218 0.9068000000301026
0.9616000000319218 0.9068000000301026 0.989200000032838
0.9068000000301026 0.989200000032838 1.3220000000438858
0.989200000032838 1.3220000000438858 1.699000000056401
1.3220000000438858 1.699000000056401 1.2874000000427372
1.699000000056401 1.2874000000427372 0.9064000000300894
1.2874000000427372 0.9064000000300894 1.0444000000346705
0.9064000000300894 1.0444000000346705 1.9677000000653209
1.0444000000346705 1.9677000000653209 1.5549000000516173
1.9677000000653209 1.5549000000516173 1.5503000000514646
1.5549000000516173 1.5503000000514646 1.2828000000425845
1.5503000000514646 1.2828000000425845 0.9420000000312712
1.2828000000425845 0.9420000000312712 2.0279000000673193
0.9420000000312712 2.0279000000673193 1.046100000034727
2.0279000000673193 1.046100000034727 0.881900000029276
1.046100000034727 0.881900000029276 1.4445000000479524
0.881900000029276 1.4445000000479524 0.8124000000269689
1.4445000000479524 0.8124000000269689 1.465300000048643
0.8124000000269689 1.465300000048643 1.1320000000375785
1.465300000048643 1.1320000000375785 1.3466000000447025
1.1320000000375785 1.3466000000447025 1.9476000000646536
1.3466000000447025 1.9476000000646536 2.1698999996870327
1.9476000000646536 2.1698999996870327 0.8621999997835701
2.1698999996870327 0.8621999997835701 1.3134999996702845
0.8621999997835701 1.3134999996702845 1.6134999995949784
1.3134999996702845 1.6134999995949784 1.4381999996389823
1.6134999995949784 1.4381999996389823 0.9006999997739058
1.4381999996389823 0.9006999997739058 1.6107999995956561
0.9006999997739058 1.6107999995956561 1.4581999996339619
1.6107999995956561 1.4581999996339619 0.9816999997535731
1.4581999996339619 0.9816999997535731 2.1200999994678114
0.9816999997535731 2.1200999994678114 0.869199999781813
2.1200999994678114 0.869199999781813 1.3126999996704853
0.869199999781813 1.3126999996704853 1.652999999585063
1.3126999996704853 1.652999999585063 1.4395999996386308
1.652999999585063 1.4395999996386308 0.9538999997605515
1.4395999996386308 0.9538999997605515 1.9688999995057657
0.9538999997605515 1.9688999995057657 1.2123999996956627
1.9688999995057657 1.2123999996956627 0.7942999998006144
1.2123999996956627 0.7942999998006144 0.9264999997674295
0.7942999998006144 0.9264999997674295 0.8605999997839717
0.9264999997674295 0.8605999997839717 0.8100999997966483
0.8605999997839717 0.8100999997966483 1.5855999996019818
0.8100999997966483 1.5855999996019818 0.9385999997643921
1.5855999996019818 0.9385999997643921 0.7474999998123621
0.9385999997643921 0.7474999998123621 0.7158999998202944
0.7474999998123621 0.7158999998202944 0.7134999998208968
0.7158999998202944 0.7134999998208968 0.7492999998119103
0.7134999998208968 0.7492999998119103 0.8309999997914019
0.7492999998119103 0.8309999997914019 0.7715999998063126
0.8309999997914019 0.7715999998063126 0.723099999818487
0.7715999998063126 0.723099999818487 0.715299999820445
0.723099999818487 0.715299999820445 0.737799999814797
0.715299999820445 0.737799999814797 0.9159999997700652
0.737799999814797 0.9159999997700652 0.9020999997735544
0.9159999997700652 0.9020999997735544 0.8459999997876366
0.9020999997735544 0.8459999997876366 1.3750999996548217
0.8459999997876366 1.3750999996548217 1.1044999997227478
1.3750999996548217 1.1044999997227478 0.8241999997931089
1.1044999997227478 0.8241999997931089 1.1067999997221705
0.8241999997931089 1.1067999997221705 1.0781999997293497
1.1067999997221705 1.0781999997293497 0.8346999997904732
1.0781999997293497 0.8346999997904732 1.1920999997007584
0.8346999997904732 1.1920999997007584 0.9192999997692368
1.1920999997007584 0.9192999997692368 1.6270999995915645
0.9192999997692368 1.6270999995915645 0.7179999998197673
1.6270999995915645 0.7179999998197673 0.7297999998168052
0.7179999998197673 0.7297999998168052 0.8294999997917785
0.7297999998168052 0.8294999997917785 1.049399999736579
0.8294999997917785 1.049399999736579 1.0920999997258605
1.049399999736579 1.0920999997258605 1.187699999701863
1.0920999997258605 1.187699999701863 1.6826999995776077
1.187699999701863 1.6826999995776077 2.0285999994907797
1.6826999995776077 2.0285999994907797 0.7747999998055093
2.0285999994907797 0.7747999998055093 0.7921999998011415
0.7747999998055093 0.7921999998011415 1.5485999996112696
0.7921999998011415 1.5485999996112696 0.7512999998114083
1.5485999996112696 0.7512999998114083 0.7188999998195413
0.7512999998114083 0.7188999998195413 0.7205999998191146
0.7188999998195413 0.7205999998191146 0.7637999998082705
0.7205999998191146 0.7637999998082705 1.0163999997448627
0.7637999998082705 1.0163999997448627 0.8917999997761399
1.0163999997448627 0.8917999997761399 0.9765999997548533
0.8917999997761399 0.9765999997548533 1.307199999671866
0.9765999997548533 1.307199999671866 0.8915999997761901
1.307199999671866 0.8915999997761901 1.5287999996162398
0.8915999997761901 1.5287999996162398 0.7703999998066138
1.5287999996162398 0.7703999998066138 0.8719999997811101
0.7703999998066138 0.8719999997811101 2.0238999994919595
0.8719999997811101 2.0238999994919595 0.9769999997547529
2.0238999994919595 0.9769999997547529 0.897599999774684
0.9769999997547529 0.897599999774684 1.4582999996339367
0.897599999774684 1.4582999996339367 0.7390999998144707
1.4582999996339367 0.7390999998144707 0.8222999997935858
0.7390999998144707 0.8222999997935858 1.373799999655148
0.8222999997935858 1.373799999655148 0.8162999997950919
1.373799999655148 0.8162999997950919 0.8473999997872852
0.8162999997950919 0.8473999997872852 1.326799999666946
0.8473999997872852 1.326799999666946 2.0847999994766724
1.326799999666946 2.0847999994766724 1.6385999995886777
2.0847999994766724 1.6385999995886777 0.7408999998140189
1.6385999995886777 0.7408999998140189 0.7276999998173324
0.7408999998140189 0.7276999998173324 0.7425999998135921
0.7276999998173324 0.7425999998135921 0.8150999997953932
0.7425999998135921 0.8150999997953932 1.3136999996702343
0.8150999997953932 1.3136999996702343 1.0104999997463437
1.3136999996702343 1.0104999997463437 2.0474999994860354
1.0104999997463437 2.0474999994860354 0.9252999997677307
2.0474999994860354 0.9252999997677307 1.9363999995139238
0.9252999997677307 1.9363999995139238 0.8845999997779472
1.9363999995139238 0.8845999997779472 0.7661999998076681
0.8845999997779472 0.7661999998076681 0.7706999998065385
0.7661999998076681 0.7706999998065385 0.8526999997859548
0.7706999998065385 0.8526999997859548 1.6435999995874226
0.8526999997859548 1.6435999995874226 1.1517999997108745
1.6435999995874226 1.1517999997108745 0.8983999997744831
1.1517999997108745 0.8983999997744831 1.1220999997183299
0.8983999997744831 1.1220999997183299 1.2077999996968174
1.1220999997183299 1.2077999996968174 1.90589999952158
1.2077999996968174 1.90589999952158 1.1762999997047245
1.90589999952158 1.1762999997047245 0.8747999997804072
1.1762999997047245 0.8747999997804072 1.4571999996342129
0.8747999997804072 1.4571999996342129 0.7758999998052332
1.4571999996342129 0.7758999998052332 0.912299999770994
0.7758999998052332 0.912299999770994 2.1050999994715767
0.912299999770994 2.1050999994715767 0.8598999997841474
2.1050999994715767 0.8598999997841474 1.0559999997349223
0.8598999997841474 1.0559999997349223 1.9437999995120663
1.0559999997349223 1.9437999995120663 2.0701999994803373
1.9437999995120663 2.0701999994803373 1.0898999997264127
2.0701999994803373 1.0898999997264127 1.4006999996483955
1.0898999997264127 1.4006999996483955 1.8870999995262991
1.4006999996483955 1.8870999995262991 1.6515999995854145
1.8870999995262991 1.6515999995854145 1.6150999995945767
1.6515999995854145 1.6150999995945767 0.8077999997972256
1.6150999995945767 0.8077999997972256 0.7610999998089483
0.8077999997972256 0.7610999998089483 1.1516999997108996
0.7610999998089483 1.1516999997108996 0.9728999997557821
1.1516999997108996 0.9728999997557821 0.9914999997511131
0.9728999997557821 0.9914999997511131 2.0688999994806636
0.9914999997511131 2.0688999994806636 0.9115999997711697
2.0688999994806636 0.9115999997711697 1.4801999996284394
0.9115999997711697 1.4801999996284394 1.5988999995986433
1.4801999996284394 1.5988999995986433 1.127799999716899
1.5988999995986433 1.127799999716899 1.2960999996746523
1.127799999716899 1.2960999996746523 0.7777999998047562
1.2960999996746523 0.7777999998047562 0.8636999997831936
0.7777999998047562 0.8636999997831936 0.8658999997826413
0.8636999997831936 0.8658999997826413 0.7715999998063126
0.8658999997826413 0.7715999998063126 0.781899999803727
0.7715999998063126 0.781899999803727 0.9255999997676554
0.781899999803727 0.9255999997676554 1.99409999949944
0.9255999997676554 1.99409999949944 0.9741999997554558
1.99409999949944 0.9741999997554558 1.6996999995733404
0.9741999997554558 1.6996999995733404 1.0766999997297262
1.6996999995733404 1.0766999997297262 0.8147999997954685
1.0766999997297262 0.8147999997954685 0.8160999997951421
0.8147999997954685 0.8160999997951421 1.4057999996471153
0.8160999997951421 1.4057999996471153 0.8431999997883395
1.4057999996471153 0.8431999997883395 1.1334999997154682
0.8431999997883395 1.1334999997154682 1.0349999997401937
1.1334999997154682 1.0349999997401937 0.7884999998020703
1.0349999997401937 0.7884999998020703 0.7558999998102536
0.7884999998020703 0.7558999998102536 0.778999999804455
0.7558999998102536 0.778999999804455 0.9362999997649695
0.778999999804455 0.9362999997649695 2.0045999994968042
0.9362999997649695 2.0045999994968042 1.2163999996946586
2.0045999994968042 1.2163999996946586 1.8340999995396032
1.2163999996946586 1.8340999995396032 1.987099999501197
1.8340999995396032 1.987099999501197 2.163699999456867
1.987099999501197 2.163699999456867 0.8708999997813862
2.163699999456867 0.8708999997813862 2.050799999485207
0.8708999997813862 2.050799999485207 1.0898999997264127
2.050799999485207 1.0898999997264127 0.8294999997917785
1.0898999997264127 0.8294999997917785 1.2303999996911443
0.8294999997917785 1.2303999996911443 0.8942999997755123
1.2303999996911443 0.8942999997755123 1.562799999607705
0.8942999997755123 1.562799999607705 1.5293999996160892
1.562799999607705 1.5293999996160892 0.8564999997850009
1.5293999996160892 0.8564999997850009 1.6146999995946771
0.8564999997850009 1.6146999995946771 1.4459999996370243
1.6146999995946771 1.4459999996370243 2.0564999994837763
1.4459999996370243 2.0564999994837763 0.7899999998016938
2.0564999994837763 0.7899999998016938 0.8309999997914019
0.7899999998016938 0.8309999997914019 1.4823999996278872
0.8309999997914019 1.4823999996278872 0.9226999997683833
1.4823999996278872 0.9226999997683833 1.3927999996503786
0.9226999997683833 1.3927999996503786 1.5664999996067763
1.3927999996503786 1.5664999996067763 1.2755999996797982
1.5664999996067763 1.2755999996797982 0.9864999997523682
1.2755999996797982 0.9864999997523682 0.755499999810354
0.9864999997523682 0.755499999810354 0.7204999998191397
0.755499999810354 0.7204999998191397 0.7197999998193154
0.7204999998191397 0.7197999998193154 0.7546999998105548
0.7197999998193154 0.7546999998105548 1.0087999997467705
0.7546999998105548 1.0087999997467705 0.913199999770768
1.0087999997467705 0.913199999770768 0.9656999997575895
0.913199999770768 0.9656999997575895 1.3593999996587627
0.9656999997575895 1.3593999996587627 0.8574999997847499
1.3593999996587627 0.8574999997847499 1.9752999995041591
0.8574999997847499 1.9752999995041591 0.9113999997712199
1.9752999995041591 0.9113999997712199 0.7686999998070405
0.9113999997712199 0.7686999998070405 0.7709999998064632
0.7686999998070405 0.7709999998064632 0.8508999997864066
0.7709999998064632 0.8508999997864066 1.6595999995834063
0.8508999997864066 1.6595999995834063 1.114099999720338
1.6595999995834063 1.114099999720338 0.8598999997841474
1.114099999720338 0.8598999997841474 1.112199999720815
0.8598999997841474 1.112199999720815 1.0335999997405452
1.112199999720815 1.0335999997405452 0.8104999997965479
1.0335999997405452 0.8104999997965479 0.7724999998060866
0.8104999997965479 0.7724999998060866 0.8178999997946903
0.7724999998060866 0.8178999997946903 1.4654999996321294
0.8178999997946903 1.4654999996321294 1.0564999997347968
1.4654999996321294 1.0564999997347968 1.119899999718882
1.0564999997347968 1.119899999718882 0.8349999997903979
1.119899999718882 0.8349999997903979 1.1237999997179031
0.8349999997903979 1.1237999997179031 1.2768999996794719
1.1237999997179031 1.2768999996794719 1.9847999995017744
1.2768999996794719 1.9847999995017744 2.1806999994525995
1.9847999995017744 2.1806999994525995 0.8527999997859297
2.1806999994525995 0.8527999997859297 2.062599999482245
0.8527999997859297 2.062599999482245 1.1188999997191331
2.062599999482245 1.1188999997191331 0.8203999997940628
1.1188999997191331 0.8203999997940628 1.0519999997359264
0.8203999997940628 1.0519999997359264 0.9734999997556315
1.0519999997359264 0.9734999997556315 0.8883999997769934
0.9734999997556315 0.8883999997769934 1.4914999996256029
0.8883999997769934 1.4914999996256029 1.5930999996000992
1.4914999996256029 1.5930999996000992 1.3386999996639588
1.5930999996000992 1.3386999996639588 2.0427999994872152
1.3386999996639588 2.0427999994872152 0.9042999997730021
2.0427999994872152 0.9042999997730021 0.8025999997985309
0.9042999997730021 0.8025999997985309 0.7332999998159266
0.8025999997985309 0.7332999998159266 0.7149999998205203
0.7332999998159266 0.7149999998205203 0.7247999998180603
0.7149999998205203 0.7247999998180603 0.8127999997959705
0.7247999998180603 0.8127999997959705 0.9750999997552299
0.8127999997959705 0.9750999997552299 0.8336999997907242
0.9750999997552299 0.8336999997907242 1.2143999996951607
0.8336999997907242 1.2143999996951607 1.2537999996852704
1.2143999996951607 1.2537999996852704 1.9426999995123424
1.2537999996852704 1.9426999995123424 2.0143999994943442
1.9426999995123424 2.0143999994943442 1.849999999535612
2.0143999994943442 1.849999999535612 1.0330999997406707
1.849999999535612 1.0330999997406707 0.7801999998041538
1.0330999997406707 0.7801999998041538 0.7492999998119103
0.7801999998041538 0.7492999998119103 0.766299999807643
0.7492999998119103 0.766299999807643 0.8506999997864568
0.766299999807643 0.8506999997864568 1.927399999516183
0.8506999997864568 1.927399999516183 0.8915999997761901
1.927399999516183 0.8915999997761901 0.8082999997971001
0.8915999997761901 0.8082999997971001 0.9950999997502095
0.8082999997971001 0.9950999997502095 1.36199999965811
0.9950999997502095 1.36199999965811 2.5157999993684825
1.36199999965811 2.5157999993684825 0.7605999998090738
2.5157999993684825 0.7605999998090738 1.9190999995182665
0.7605999998090738 1.9190999995182665 1.9451999995117149
1.9190999995182665 1.9451999995117149 2.084199999476823
1.9451999995117149 2.084199999476823 1.004399999747875
2.084199999476823 1.004399999747875 2.028299999490855
1.004399999747875 2.028299999490855 1.043599999738035
2.028299999490855 1.043599999738035 1.96469999950682
1.043599999738035 1.96469999950682 1.6097999995959071
1.96469999950682 1.6097999995959071 1.4320999996405135
1.6097999995959071 1.4320999996405135 1.514899999619729
1.4320999996405135 1.514899999619729 1.4577999996340623
1.514899999619729 1.4577999996340623 1.00919999974667
1.4577999996340623 1.00919999974667 1.3253999996672974
1.00919999974667 1.3253999996672974 2.3382999994130387
1.3253999996672974 2.3382999994130387 0.7832999998033756
2.3382999994130387 0.7832999998033756 0.7875999998022962
0.7832999998033756 0.7875999998022962 1.0956999997249568
0.7875999998022962 1.0956999997249568 1.133699999715418
1.0956999997249568 1.133699999715418 0.831899999791176
1.133699999715418 0.831899999791176 0.982799999753297
0.831899999791176 0.982799999753297 0.839699999789218
0.982799999753297 0.839699999789218 0.9056999997726507
0.839699999789218 0.9056999997726507 1.4497999996360704
0.9056999997726507 1.4497999996360704 0.9746999997553303
1.4497999996360704 0.9746999997553303 2.1853999994514197
0.9746999997553303 2.1853999994514197 0.8162999997950919
2.1853999994514197 0.8162999997950919 1.15619999970977
0.8162999997950919 1.15619999970977 0.9748999997552801
1.15619999970977 0.9748999997552801 1.5566999996092363
0.9748999997552801 1.5566999996092363 1.4191999996437517
1.5566999996092363 1.4191999996437517 1.0142999997453899
1.4191999996437517 1.0142999997453899 1.265099999682434
1.0142999997453899 1.265099999682434 1.7302999995656592
1.265099999682434 1.7302999995656592 1.2475999996868268
1.7302999995656592 1.2475999996868268 0.9536999997606017
1.2475999996868268 0.9536999997606017 1.564799999607203
0.9536999997606017 1.564799999607203 0.7372999998149226
1.564799999607203 0.7372999998149226 0.7589999998094754
0.7372999998149226 0.7589999998094754 0.8356999997902221
0.7589999998094754 0.8356999997902221 1.4317999996405888
0.8356999997902221 1.4317999996405888 1.0625999997332656
1.4317999996405888 1.0625999997332656 1.8404999995379967
1.0625999997332656 1.8404999995379967 2.0922999994747897
1.8404999995379967 2.0922999994747897 1.5321999996153863
2.0922999994747897 1.5321999996153863 1.7102999995706796
1.5321999996153863 1.7102999995706796 1.9308999995153044
1.7102999995706796 1.9308999995153044 1.9388999995132963
1.9308999995153044 1.9388999995132963 1.9765999995038328
1.9388999995132963 1.9765999995038328 2.179199999452976
1.9765999995038328 2.179199999452976 0.8748999997803821
2.179199999452976 0.8748999997803821 1.0193999997441097
0.8748999997803821 1.0193999997441097 1.9160999995190195
1.0193999997441097 1.9160999995190195 2.4528999993842717
1.9160999995190195 2.4528999993842717 0.762299999808647
2.4528999993842717 0.762299999808647 0.7992999997993593
0.762299999808647 0.7992999997993593 0.9035999997731778
0.7992999997993593 0.9035999997731778 0.7776999998047813
0.9035999997731778 0.7776999998047813 0.7625999998085717
0.7776999998047813 0.7625999998085717 0.8064999997975519
0.7625999998085717 0.8064999997975519 1.4574999996341376
0.8064999997975519 1.4574999996341376 0.8484999997870091
1.4574999996341376 0.8484999997870091 1.617799999593899
0.8484999997870091 1.617799999593899 0.8512999997863062
1.617799999593899 0.8512999997863062 2.054799999484203
0.8512999997863062 2.054799999484203 1.2641999996826598
2.054799999484203 1.2641999996826598 1.7152999995694245
1.2641999996826598 1.7152999995694245 1.1772999997044735
1.7152999995694245 1.1772999997044735 0.9762999997549286
1.1772999997044735 0.9762999997549286 0.8069999997974264
0.9762999997549286 0.8069999997974264 0.7443999998131403
0.8069999997974264 0.7443999998131403 0.7423999998136424
0.7443999998131403 0.7423999998136424 0.772099999806187
0.7423999998136424 0.772099999806187 0.8824999997784744
0.772099999806187 0.8824999997784744 2.037199999488621
0.8824999997784744 2.037199999488621 1.0383999997393403
2.037199999488621 1.0383999997393403 1.0557999997349725
1.0383999997393403 1.0557999997349725 0.9381999997644925
1.0557999997349725 0.9381999997644925 1.006299999747398
0.9381999997644925 1.006299999747398 1.1364999997147152
1.006299999747398 1.1364999997147152 1.0888999997266637
1.1364999997147152 1.0888999997266637 0.8366999997899711
1.0888999997266637 0.8366999997899711 2.1304999994652007
0.8366999997899711 2.1304999994652007 0.9187999997693623
2.1304999994652007 0.9187999997693623 1.3203999996685525
0.9187999997693623 1.3203999996685525 2.0922999994747897
1.3203999996685525 2.0922999994747897 1.192599999700633
2.0922999994747897 1.192599999700633 1.8203999995430422
1.192599999700633 1.8203999995430422 2.0770999994786052
1.8203999995430422 2.0770999994786052 1.585399999602032
2.0770999994786052 1.585399999602032 0.764299999808145
1.585399999602032 0.764299999808145 0.7917999998012419
0.764299999808145 0.7917999998012419 1.500199999623419
0.7917999998012419 1.500199999623419 0.7406999998140691
1.500199999623419 0.7406999998140691 0.7349999998154999
0.7406999998140691 0.7349999998154999 0.7578999998097515
0.7349999998154999 0.7578999998097515 0.8448999997879127
0.7578999998097515 0.8448999997879127 1.4105999996459104
0.8448999997879127 1.4105999996459104 0.8049999997979285
1.4105999996459104 0.8049999997979285 1.4583999996339116
0.8049999997979285 1.4583999996339116 0.809399999796824
1.4583999996339116 0.809399999796824 1.457099999634238
0.809399999796824 1.457099999634238 0.887799999777144
1.457099999634238 0.887799999777144 1.4915999996255778
0.887799999777144 1.4915999996255778 0.9056999997726507
1.4915999996255778 0.9056999997726507 1.4602999996334347
0.9056999997726507 1.4602999996334347 1.5096999996210343
1.4602999996334347 1.5096999996210343 1.5836999996024588
1.5096999996210343 1.5836999996024588 0.8165999997950166
1.5836999996024588 0.8165999997950166 0.7758999998052332
0.8165999997950166 0.7758999998052332 1.393399999650228
0.7758999998052332 1.393399999650228 0.8418999997886658
1.393399999650228 0.8418999997886658 0.8168999997949413
0.8418999997886658 0.8168999997949413 1.443299999637702
0.8168999997949413 1.443299999637702 0.8026999997985058
1.443299999637702 0.8026999997985058 1.4601999996334598
0.8026999997985058 1.4601999996334598 0.8057999997977277
1.4601999996334598 0.8057999997977277 1.4478999996365474
0.8057999997977277 1.4478999996365474 0.8163999997950668
1.4478999996365474 0.8163999997950668 1.3876999996516588
0.8163999997950668 1.3876999996516588 0.8391999997893436
1.3876999996516588 0.8391999997893436 0.8878999997771189
0.8391999997893436 0.8878999997771189 1.5064999996218376
0.8878999997771189 1.5064999996218376 0.867199999782315
1.5064999996218376 0.867199999782315 1.496199999624423
0.867199999782315 1.496199999624423 0.732999999816002
1.496199999624423 0.732999999816002 0.7668999998074923
0.732999999816002 0.7668999998074923 1.466899999631778
0.7668999998074923 1.466899999631778 0.811299999796347
1.466899999631778 0.811299999796347 0.7552999998104042
0.811299999796347 0.7552999998104042 1.0907999997261868
0.7552999998104042 1.0907999997261868 1.0667999997322113
1.0907999997261868 1.0667999997322113 0.8510999997863564
1.0667999997322113 0.8510999997863564 1.306099999672142
0.8510999997863564 1.306099999672142 1.6075999995964594
1.306099999672142 1.6075999995964594 1.0306999997412731
1.6075999995964594 1.0306999997412731 1.1872999997019633
1.0306999997412731 1.1872999997019633 1.0918999997259107
1.1872999997019633 1.0918999997259107 1.2029999996980223
1.0918999997259107 1.2029999996980223 2.0180999994934155
1.2029999996980223 2.0180999994934155 1.6631999995825026
2.0180999994934155 1.6631999995825026 0.8116999997962466
1.6631999995825026 0.8116999997962466 1.3657999996571561
0.8116999997962466 1.3657999996571561 0.8408999997889168
1.3657999996571561 0.8408999997889168 0.7590999998094503
0.8408999997889168 0.7590999998094503 0.7661999998076681
0.7590999998094503 0.7661999998076681 0.838799999789444
0.7661999998076681 0.838799999789444 1.6317999995903847
0.838799999789444 1.6317999995903847 1.329599999666243
1.6317999995903847 1.329599999666243 2.3658999994061105
1.329599999666243 2.3658999994061105 0.7707999998065134
2.3658999994061105 0.7707999998065134 1.9687999995057908
0.7707999998065134 1.9687999995057908 2.1826999994520975
1.9687999995057908 2.1826999994520975 0.854399999785528
2.1826999994520975 0.854399999785528 0.9539999997605264
0.854399999785528 0.9539999997605264 2.001799999497507
0.9539999997605264 2.001799999497507 1.5277999996164908
2.001799999497507 1.5277999996164908 0.7591999998094252
1.5277999996164908 0.7591999998094252 0.8263999997925566
0.7591999998094252 0.8263999997925566 1.4723999996303974
0.8263999997925566 1.4723999996303974 1.4681999996314516
1.4723999996303974 1.4681999996314516 0.9799999997539999
1.4681999996314516 0.9799999997539999 1.2981999996741251
0.9799999997539999 1.2981999996741251 0.8986999997744078
1.2981999996741251 0.8986999997744078 1.582399999602785
0.8986999997744078 1.582399999602785 0.7259999998177591
1.582399999602785 0.7259999998177591 0.7482999998121613
0.7259999998177591 0.7482999998121613 0.9801999997539497
0.7482999998121613 0.9801999997539497 1.1593999997089668
0.9801999997539497 1.1593999997089668 0.9081999997720231
1.1593999997089668 0.9081999997720231 1.5376999996140057
0.9081999997720231 1.5376999996140057 1.4516999996355935
1.5376999996140057 1.4516999996355935 1.5639999996074039
1.4516999996355935 1.5639999996074039 0.7310999998164789
1.5639999996074039 0.7310999998164789 0.764299999808145
0.7310999998164789 0.764299999808145 1.323799999667699
0.764299999808145 1.323799999667699 0.8718999997811352
1.323799999667699 0.8718999997811352 2.0766999994787056
0.8718999997811352 2.0766999994787056 1.559999999608408
2.0766999994787056 1.559999999608408 0.7586999998095507
1.559999999608408 0.7586999998095507 0.796599999800037
0.7586999998095507 0.796599999800037 1.4681999996314516
0.796599999800037 1.4681999996314516 0.7635999998083207
1.4681999996314516 0.7635999998083207 0.8138999997956944
0.7635999998083207 0.8138999997956944 1.466799999631803
0.8138999997956944 1.466799999631803 1.2823999996780913
1.466799999631803 1.2823999996780913 0.9227999997683582
1.2823999996780913 0.9227999997683582 0.7578999998097515
0.9227999997683582 0.7578999998097515 0.7468999998125128
0.7578999998097515 0.7468999998125128 0.7735999998058105
0.7468999998125128 0.7735999998058105 0.894599999775437
0.7735999998058105 0.894599999775437 2.4950999993736787
0.894599999775437 2.4950999993736787 0.7551999998104293
2.4950999993736787 0.7551999998104293 0.7888999998019699
0.7551999998104293 0.7888999998019699 0.8488999997869087
0.7888999998019699 0.8488999997869087 0.7536999998108058
0.8488999997869087 0.7536999998108058 0.7252999998179348
0.7536999998108058 0.7252999998179348 0.7294999998168805
0.7252999998179348 0.7294999998168805 0.7684999998070907
0.7294999998168805 0.7684999998070907 1.2283999996916464
0.7684999998070907 1.2283999996916464 0.8982999997745083
1.2283999996916464 0.8982999997745083 1.5700999996058727
0.8982999997745083 1.5700999996058727 1.6454999995869457
1.5700999996058727 1.6454999995869457 0.8148999997954434
1.6454999995869457 0.8148999997954434 2.0123999994948463
0.8148999997954434 2.0123999994948463 1.5199999996184488
2.0123999994948463 1.5199999996184488 1.456199999634464
1.5199999996184488 1.456199999634464 0.7658999998077434
1.456199999634464 0.7658999998077434 0.7700999998066891
0.7658999998077434 0.7700999998066891 0.8500999997866074
0.7700999998066891 0.8500999997866074 1.6682999995812224
0.8500999997866074 1.6682999995812224 1.1114999997209907
1.6682999995812224 1.1114999997209907 0.844699999787963
1.1114999997209907 0.844699999787963 1.020999999743708
0.844699999787963 1.020999999743708 1.3146999996699833
1.020999999743708 1.3146999996699833 2.2091999994454454
1.3146999996699833 2.2091999994454454 0.8379999997896448
2.2091999994454454 0.8379999997896448 0.8596999997841976
0.8379999997896448 0.8596999997841976 1.5165999996193023
0.8596999997841976 1.5165999996193023 1.476599999629343
1.5165999996193023 1.476599999629343 1.471799999630548
1.476599999629343 1.471799999630548 0.859399999784273
1.471799999630548 0.859399999784273 1.946999999511263
0.859399999784273 1.946999999511263 0.9539999997605264
1.946999999511263 0.9539999997605264 0.916199999770015
0.9539999997605264 0.916199999770015 1.3908999996508555
0.916199999770015 1.3908999996508555 1.5977999995989194
1.3908999996508555 1.5977999995989194 1.3653999996572566
1.5977999995989194 1.3653999996572566 1.0289999997416999
1.3653999996572566 1.0289999997416999 0.8688999997818883
1.0289999997416999 0.8688999997818883 1.1535999997104227
0.8688999997818883 1.1535999997104227 2.146699999461134
1.1535999997104227 2.146699999461134 1.7497999995607643
2.146699999461134 1.7497999995607643 2.3286999994154485
1.7497999995607643 2.3286999994154485 1.0156999997450384
2.3286999994154485 1.0156999997450384 1.9015999995226593
1.0156999997450384 1.9015999995226593 1.8590999995333277
1.9015999995226593 1.8590999995333277 1.497199999624172
1.8590999995333277 1.497199999624172 0.8233999997933097
1.497199999624172 0.8233999997933097 1.4930999996252012
0.8233999997933097 1.4930999996252012 1.5155999996195533
1.4930999996252012 1.5155999996195533 0.8547999997854276
1.5155999996195533 0.8547999997854276 1.5555999996095125
0.8547999997854276 1.5555999996095125 1.550199999610868
1.5555999996095125 1.550199999610868 1.2696999996812792
1.550199999610868 1.2696999996812792 0.9532999997607021
1.2696999996812792 0.9532999997607021 1.9970999994986869
0.9532999997607021 1.9970999994986869 1.1227999997181541
1.9970999994986869 1.1227999997181541 0.8337999997906991
1.1227999997181541 0.8337999997906991 1.363899999657633
0.8337999997906991 1.363899999657633 0.8795999997792023
1.363899999657633 0.8795999997792023 0.8981999997745334
0.8795999997792023 0.8981999997745334 2.2651999994313883
0.8981999997745334 2.2651999994313883 0.7908999998014679
2.2651999994313883 0.7908999998014679 0.9287999997668521
0.7908999998014679 0.9287999997668521 0.9747999997553052
0.9287999997668521 0.9747999997553052 1.0596999997339935
0.9747999997553052 1.0596999997339935 0.9911999997511884
1.0596999997339935 0.9911999997511884 0.9436999997631119
0.9911999997511884 0.9436999997631119 0.9302999997664756
0.9436999997631119 0.9302999997664756 1.407199999646764
0.9302999997664756 1.407199999646764 1.1432999997130082
1.407199999646764 1.1432999997130082 1.859899999533127
1.1432999997130082 1.859899999533127 2.136299999463745
1.859899999533127 2.136299999463745 0.929899999766576
2.136299999463745 0.929899999766576 1.5995999995984675
0.929899999766576 1.5995999995984675 1.3631999996578088
1.5995999995984675 1.3631999996578088 2.01859999949329
1.3631999996578088 2.01859999949329 0.9173999997697138
2.01859999949329 0.9173999997697138 1.0148999997452393
0.9173999997697138 1.0148999997452393 1.132799999715644
1.0148999997452393 1.132799999715644 0.9799999997539999
1.132799999715644 0.9799999997539999 0.8813999997787505
0.9799999997539999 0.8813999997787505 1.4878999996265065
0.8813999997787505 1.4878999996265065 1.4617999996330582
1.4878999996265065 1.4617999996330582 1.0029999997482264
1.4617999996330582 1.0029999997482264 1.3439999996626284
1.0029999997482264 1.3439999996626284 2.333899999414143
1.3439999996626284 2.333899999414143 0.7840999998031748
2.333899999414143 0.7840999998031748 0.8556999997852017
0.7840999998031748 0.8556999997852017 1.0349999997401937
0.8556999997852017 1.0349999997401937 1.208199999696717
1.0349999997401937 1.208199999696717 0.8483999997870342
1.208199999696717 0.8483999997870342 0.8885999997769432
0.8483999997870342 0.8885999997769432 0.7725999998060615
0.8885999997769432 0.7725999998060615 0.7442999998131654
0.7725999998060615 0.7442999998131654 0.7585999998095758
0.7442999998131654 0.7585999998095758 0.822099999793636
0.7585999998095758 0.822099999793636 1.4712999996306735
0.822099999793636 1.4712999996306735 1.4439999996375263
1.4712999996306735 1.4439999996375263 0.940699999763865
1.4439999996375263 0.940699999763865 1.384499999652462
0.940699999763865 1.384499999652462 1.5479999996114202
1.384499999652462 1.5479999996114202 0.8499999997866325
1.5479999996114202 0.8499999997866325 1.702999999572512
0.8499999997866325 1.702999999572512 0.8718999997811352
1.702999999572512 0.8718999997811352 1.9164999995189191
0.8718999997811352 1.9164999995189191 2.117399999468489
1.9164999995189191 2.117399999468489 0.8962999997750103
2.117399999468489 0.8962999997750103 1.5131999996201557
0.8962999997750103 1.5131999996201557 0.7501999998116844
1.5131999996201557 0.7501999998116844 0.8336999997907242
0.7501999998116844 0.8336999997907242 1.322899999667925
0.8336999997907242 1.322899999667925 2.1563999994586993
1.322899999667925 2.1563999994586993 0.921099999768785
2.1563999994586993 0.921099999768785 0.9819999997534978
0.921099999768785 0.9819999997534978 1.938199999513472
0.9819999997534978 1.938199999513472 1.8064999995465314
1.938199999513472 1.8064999995465314 1.0741999997303537
1.8064999995465314 1.0741999997303537 0.786799999802497
1.0741999997303537 0.786799999802497 0.796599999800037
0.786799999802497 0.796599999800037 1.4848999996272596
0.796599999800037 1.4848999996272596 0.7672999998073919
1.4848999996272596 0.7672999998073919 0.7291999998169558
0.7672999998073919 0.7291999998169558 0.730999999816504
0.7291999998169558 0.730999999816504 0.7625999998085717
0.730999999816504 0.7625999998085717 1.3112999996708368
0.7625999998085717 1.3112999996708368 0.8938999997756127
1.3112999996708368 0.8938999997756127 2.050099999485383
0.8938999997756127 2.050099999485383 1.566799999606701
2.050099999485383 1.566799999606701 1.330599999665992
1.566799999606701 1.330599999665992 0.8949999997753366
1.330599999665992 0.8949999997753366 0.9419999997635387
0.8949999997753366 0.9419999997635387 1.382499999652964
0.9419999997635387 1.382499999652964 1.549099999611144
1.382499999652964 1.549099999611144 0.8833999997782485
1.549099999611144 0.8833999997782485 1.4994999996235947
0.8833999997782485 1.4994999996235947 0.9394999997641662
1.4994999996235947 0.9394999997641662 1.4214999996431743
0.9394999997641662 1.4214999996431743 1.525699999617018
1.4214999996431743 1.525699999617018 1.4891999996261802
1.525699999617018 1.4891999996261802 0.8741999997805578
1.4891999996261802 0.8741999997805578 1.4810999996282135
0.8741999997805578 1.4810999996282135 0.7461999998126885
1.4810999996282135 0.7461999998126885 0.7833999998033505
0.7461999998126885 0.7833999998033505 0.9646999997578405
0.7833999998033505 0.9646999997578405 1.9805999995028287
0.9646999997578405 1.9805999995028287 1.523599999617545
1.9805999995028287 1.523599999617545 1.4428999996378025
1.523599999617545 1.4428999996378025 0.8224999997935356
1.4428999996378025 0.8224999997935356 1.3657999996571561
0.8224999997935356 1.3657999996571561 0.8679999997821142
1.3657999996571561 0.8679999997821142 0.9850999997527197
0.8679999997821142 0.9850999997527197 1.333599999665239
0.9850999997527197 1.333599999665239 1.842099999537595
1.333599999665239 1.842099999537595 1.2295999996913451
1.842099999537595 1.2295999996913451 0.8346999997904732
1.2295999996913451 0.8346999997904732 2.0758999994789065
0.8346999997904732 2.0758999994789065 0.9114999997711948
2.0758999994789065 0.9114999997711948 1.4935999996250757
0.9114999997711948 1.4935999996250757 0.8687999997819134
1.4935999996250757 0.8687999997819134 0.8665999997824656
0.8687999997819134 0.8665999997824656 2.0198999994929636
0.8665999997824656 2.0198999994929636 0.9397999997640909
2.0198999994929636 0.9397999997640909 1.3959999996495753
0.9397999997640909 1.3959999996495753 1.0106999997462935
1.3959999996495753 1.0106999997462935 1.9727999995047867
1.0106999997462935 1.9727999995047867 0.9620999997584931
1.9727999995047867 0.9620999997584931 1.8610999995328257
0.9620999997584931 1.8610999995328257 1.1000999997238523
1.8610999995328257 1.1000999997238523 0.9409999997637897
1.1000999997238523 0.9409999997637897 1.4489999996362712
0.9409999997637897 1.4489999996362712 0.8638999997831434
1.4489999996362712 0.8638999997831434 0.8176999997947405
0.8638999997831434 0.8176999997947405 1.4495999996361206
0.8176999997947405 1.4495999996361206 0.9074999997721989
1.4495999996361206 0.9074999997721989 2.088999999475618
0.9074999997721989 2.088999999475618 0.869199999781813
2.088999999475618 0.869199999781813 0.8280999997921299
0.869199999781813 0.8280999997921299 1.4729999996302467
0.8280999997921299 1.4729999996302467 1.4803999996283892
1.4729999996302467 1.4803999996283892 0.9540999997605013
1.4803999996283892 0.9540999997605013 1.4135999996451574
0.9540999997605013 1.4135999996451574 0.8925999997759391
1.4135999996451574 0.8925999997759391 1.46489999963228
0.8925999997759391 1.46489999963228 1.436599999639384
1.46489999963228 1.436599999639384 0.7873999998023464
1.436599999639384 0.7873999998023464 0.8135999997957697
0.7873999998023464 0.8135999997957697 1.4370999996392584
0.8135999997957697 1.4370999996392584 0.867199999782315
1.4370999996392584 0.867199999782315 1.5326999996152608
0.867199999782315 1.5326999996152608 0.8298999997916781
1.5326999996152608 0.8298999997916781 2.272299999429606
0.8298999997916781 2.272299999429606 0.7981999997996354
2.272299999429606 0.7981999997996354 2.0739999994793834
0.7981999997996354 2.0739999994793834 1.6054999995969865
2.0739999994793834 1.6054999995969865 0.723199999818462
1.6054999995969865 0.723199999818462 0.7324999998161275
0.723199999818462 0.7324999998161275 0.7941999998006395
0.7324999998161275 0.7941999998006395 1.2625999996830615
0.7941999998006395 1.2625999996830615 0.8519999997861305
1.2625999996830615 0.8519999997861305 1.9384999995133967
0.8519999997861305 1.9384999995133967 0.9981999997494313
1.9384999995133967 0.9981999997494313 0.7463999998126383
0.9981999997494313 0.7463999998126383 0.7228999998185373
0.7463999998126383 0.7228999998185373 0.7291999998169558
0.7228999998185373 0.7291999998169558 0.7780999998046809
0.7291999998169558 0.7780999998046809 1.1893999997014362
0.7780999998046809 1.1893999997014362 0.9189999997693121
1.1893999997014362 0.9189999997693121 1.189599999701386
0.9189999997693121 1.189599999701386 1.8908999995253453
1.189599999701386 1.8908999995253453 1.9701999995054393
1.8908999995253453 1.9701999995054393 2.1494999994604314
1.9701999995054393 2.1494999994604314 0.8706999997815501
2.1494999994604314 0.8706999997815501 1.5081999996214108
0.8706999997815501 1.5081999996214108 0.8637999997831685
1.5081999996214108 0.8637999997831685 1.600099999598342
0.8637999997831685 1.600099999598342 1.4007999996483704
1.600099999598342 1.4007999996483704 0.8213999997938117
1.4007999996483704 0.8213999997938117 2.1924999994496375
0.8213999997938117 2.1924999994496375 0.8376999997897201
2.1924999994496375 0.8376999997897201 2.0717999994799357
0.8376999997897201 2.0717999994799357 0.8614999997837458
2.0717999994799357 0.8614999997837458 1.246299999687153
0.8614999997837458 1.246299999687153 1.247399999686877
1.246299999687153 1.247399999686877 0.7987999997994848
1.247399999686877 0.7987999997994848 0.9753999997551546
0.7987999997994848 0.9753999997551546 1.0982999997243041
0.9753999997551546 1.0982999997243041 0.8450999997878625
1.0982999997243041 0.8450999997878625 2.082399999477275
0.8450999997878625 2.082399999477275 0.791699999801267
2.082399999477275 0.791699999801267 0.7637999998082705
0.791699999801267 0.7637999998082705 0.801499999798807
0.7637999998082705 0.801499999798807 1.4565999996343635
0.801499999798807 1.4565999996343635 0.7938999998007148
1.4565999996343635 0.7938999998007148 1.0331999997406456
0.7938999998007148 1.0331999997406456 1.4606999996333343
1.0331999997406456 1.4606999996333343 1.9725999995048369
1.4606999996333343 1.9725999995048369 1.5534999996100396
1.9725999995048369 1.5534999996100396 0.7341999998157007
1.5534999996100396 0.7341999998157007 0.7778999998047311
0.7341999998157007 0.7778999998047311 1.4616999996330833
0.7778999998047311 1.4616999996330833 0.7977999997997358
1.4616999996330833 0.7977999997997358 0.7718999998062372
0.7977999997997358 0.7718999998062372 1.2009999996985243
0.7718999998062372 1.2009999996985243 0.9145999997704166
1.2009999996985243 0.9145999997704166 1.536499999614307
0.9145999997704166 1.536499999614307 0.7641999998081701
1.536499999614307 0.7641999998081701 0.8376999997897201
0.7641999998081701 0.8376999997897201 1.5984999995987437
0.8376999997897201 1.5984999995987437 1.3680999996565788
1.5984999995987437 1.3680999996565788 2.0388999994881942
1.3680999996565788 2.0388999994881942 0.9012999997737552
2.0388999994881942 0.9012999997737552 0.9856999997525691
0.9012999997737552 0.9856999997525691 1.2419999996882325
0.9856999997525691 1.2419999996882325 0.9733999997556566
1.2419999996882325 0.9733999997556566 0.8996999997741568
0.9733999997556566 0.8996999997741568 1.4240999996425217
0.8996999997741568 1.4240999996425217 0.7775999998048064
1.4240999996425217 0.7775999998048064 0.9143999997704668
0.7775999998048064 0.9143999997704668 2.1472999994609836
0.9143999997704668 2.1472999994609836 0.8633999997832689
2.1472999994609836 0.8633999997832689 1.3779999996540937
0.8633999997832689 1.3779999996540937 0.830899999791427
1.3779999996540937 0.830899999791427 0.841699999788716
0.830899999791427 0.841699999788716 1.4213999996431994
0.841699999788716 1.4213999996431994 0.9438999997630617
1.4213999996431994 0.9438999997630617 1.9833999995021259
0.9438999997630617 1.9833999995021259 1.557899999608935
1.9833999995021259 1.557899999608935 0.7606999998090487
1.557899999608935 0.7606999998090487 0.8036999997982548
0.7606999998090487 0.8036999997982548 1.458099999633987
0.8036999997982548 1.458099999633987 0.8178999997946903
1.458099999633987 0.8178999997946903 1.4444999996374008
0.8178999997946903 1.4444999996374008 0.9636999997580915
1.4444999996374008 0.9636999997580915 1.3516999996606955
0.9636999997580915 1.3516999996606955 1.642299999587749
1.3516999996606955 1.642299999587749 1.4255999996421451
1.642299999587749 1.4255999996421451 1.1214999997184805
1.4255999996421451 1.1214999997184805 1.884399999526977
1.1214999997184805 1.884399999526977 2.1451999994615107
1.884399999526977 2.1451999994615107 0.8953999997752362
2.1451999994615107 0.8953999997752362 1.4704999996308743
0.8953999997752362 1.4704999996308743 1.4353999996396851
1.4704999996308743 1.4353999996396851 0.8655999997827166
1.4353999996396851 0.8655999997827166 1.4919999996254774
0.8655999997827166 1.4919999996254774 0.8562999997850511
1.4919999996254774 0.8562999997850511 2.002999999497206
0.8562999997850511 2.002999999497206 0.9019999997735795
2.002999999497206 0.9019999997735795 0.8942999997755123
0.9019999997735795 0.8942999997755123 1.5122999996203816
0.8942999997755123 1.5122999996203816 0.8527999997859297
1.5122999996203816 0.8527999997859297 0.922099999768534
0.8527999997859297 0.922099999768534 2.100999999472606
0.922099999768534 2.100999999472606 0.9025999997734289
2.100999999472606 0.9025999997734289 1.3478999996616494
0.9025999997734289 1.3478999996616494 2.035199999489123
1.3478999996616494 2.035199999489123 1.6884999995761518
2.035199999489123 1.6884999995761518 1.3912999996507551
1.6884999995761518 1.3912999996507551 1.6357999995893806
1.3912999996507551 1.6357999995893806 0.7337999998158011
1.6357999995893806 0.7337999998158011 0.7236999998183364
0.7337999998158011 0.7236999998183364 0.7405999998140942
0.7236999998183364 0.7405999998140942 0.8660999997825911
0.7405999998140942 0.8660999997825911 1.3799999996535917
0.8660999997825911 1.3799999996535917 0.7913999998013423
1.3799999996535917 0.7913999998013423 0.8624999997834948
0.7913999998013423 0.8624999997834948 1.1599999997088162
0.8624999997834948 1.1599999997088162 0.8709999997813611
1.1599999997088162 0.8709999997813611 1.510999999620708
0.8709999997813611 1.510999999620708 0.8697999997816623
1.510999999620708 0.8697999997816623 1.580499999603262
0.8697999997816623 1.580499999603262 1.4528999996352923
1.580499999603262 1.4528999996352923 0.8232999997933348
1.4528999996352923 0.8232999997933348 0.9441999997629864
0.8232999997933348 0.9441999997629864 1.3143999996700586
0.9441999997629864 1.3143999996700586 0.7708999998064883
1.3143999996700586 0.7708999998064883 0.933799999765597
0.7708999998064883 0.933799999765597 1.4592999996336857
0.933799999765597 1.4592999996336857 1.94509999951174
1.4592999996336857 1.94509999951174 1.1313999997159954
1.94509999951174 1.1313999997159954 1.8855999995266757
1.1313999997159954 1.8855999995266757 1.82259999954249
1.8855999995266757 1.82259999954249 0.9962999997499082
1.82259999954249 0.9962999997499082 0.8783999997795036
0.9962999997499082 0.8783999997795036 0.8130999997958952
0.8783999997795036 0.8130999997958952 1.458999999633761
0.8130999997958952 1.458999999633761 1.262999999682961
1.458999999633761 1.262999999682961 1.9093999995207014
1.262999999682961 1.9093999995207014 1.9161999995189944
1.9093999995207014 1.9161999995189944 1.9350999995142502
1.9161999995189944 1.9350999995142502 2.0198999994929636
1.9350999995142502 2.0198999994929636 1.5454999996120478
2.0198999994929636 1.5454999996120478 1.477699999629067
1.5454999996120478 1.477699999629067 0.927899999767078
1.477699999629067 0.927899999767078 1.4045999996474166
0.927899999767078 1.4045999996474166 1.0588999997341944
1.4045999996474166 1.0588999997341944 1.94509999951174
1.0588999997341944 1.94509999951174 1.592199999600325
1.94509999951174 1.592199999600325 1.639299999588502
1.592199999600325 1.639299999588502 0.786799999802497
1.639299999588502 0.786799999802497 2.0177999994934908
0.786799999802497 2.0177999994934908 1.619699999593422
2.0177999994934908 1.619699999593422 1.431699999640614
1.619699999593422 1.431699999640614 1.5439999996124243
1.431699999640614 1.5439999996124243 0.7492999998119103
1.5439999996124243 0.7492999998119103 0.7915999998012921
0.7492999998119103 0.7915999998012921 1.5566999996092363
0.7915999998012921 1.5566999996092363 0.718199999819717
1.5566999996092363 0.718199999819717 0.7332999998159266
0.718199999819717 0.7332999998159266 0.8663999997825158
0.7332999998159266 0.8663999997825158 1.0344999997403193
0.8663999997825158 1.0344999997403193 1.0830999997281197
1.0344999997403193 1.0830999997281197 0.9148999997703413
1.0830999997281197 0.9148999997703413 0.9747999997553052
0.9148999997703413 0.9747999997553052 0.860299999784047
0.9747999997553052 0.860299999784047 1.2949999996749284
0.860299999784047 1.2949999996749284 1.1353999997149913
1.2949999996749284 1.1353999997149913 0.829999999791653
1.1353999997149913 0.829999999791653 1.403199999647768
0.829999999791653 1.403199999647768 0.8417999997886909
1.403199999647768 0.8417999997886909 0.7905999998015432
0.8417999997886909 0.7905999998015432 1.269999999681204
0.7905999998015432 1.269999999681204 1.723599999567341
1.269999999681204 1.723599999567341 1.4116999996456343
1.723599999567341 1.4116999996456343 0.9378999997645678
1.4116999996456343 0.9378999997645678 1.53839999961383
0.9378999997645678 1.53839999961383 1.4544999996348906
1.53839999961383 1.4544999996348906 0.9673999997571627
1.4544999996348906 0.9673999997571627 2.307799999420695
0.9673999997571627 2.307799999420695 0.7839999998031999
2.307799999420695 0.7839999998031999 0.8948999997753617
0.7839999998031999 0.8948999997753617 0.9089999997718223
0.8948999997753617 0.9089999997718223 0.8291999997918538
0.9089999997718223 0.8291999997918538 1.2897999996762337
0.8291999997918538 1.2897999996762337 0.9201999997690109
1.2897999996762337 0.9201999997690109 0.8698999997816372
0.9201999997690109 0.8698999997816372 1.549199999611119
0.8698999997816372 1.549199999611119 0.8217999997937113
1.549199999611119 0.8217999997937113 2.1863999994511687
0.8217999997937113 2.1863999994511687 0.8486999997869589
2.1863999994511687 0.8486999997869589 0.9299999997665509
0.8486999997869589 0.9299999997665509 2.158799999458097
0.9299999997665509 2.158799999458097 0.8957999997751358
2.158799999458097 0.8957999997751358 1.1878999997018127
