1.0819999999999372 1.0419999999998855 0.8679999999999044
1.0419999999998855 0.8679999999999044 2.4720000000005955
0.8679999999999044 2.4720000000005955 0.7990000000002668
2.4720000000005955 0.7990000000002668 0.8500000000002839
0.7990000000002668 0.8500000000002839 0.7859999999999161
0.8500000000002839 0.7859999999999161 0.7309999999995949
0.7859999999999161 0.7309999999995949 0.7229999999995993
0.7309999999995949 0.7229999999995993 0.7429999999995882
0.7229999999995993 0.7429999999995882 0.9339999999994824
0.7429999999995882 0.9339999999994824 1.383999999999233
0.9339999999994824 1.383999999999233 0.7749999999995705
1.383999999999233 0.7749999999995705 0.8439999999995322
0.7749999999995705 0.8439999999995322 0.9359999999994812
0.8439999999995322 0.9359999999994812 0.8130000000000326
0.9359999999994812 0.8130000000000326 0.9220000000011268
0.8130000000000326 0.9220000000011268 1.4190000000017342
0.9220000000011268 1.4190000000017342 1.5240000000018625
1.4190000000017342 1.5240000000018625 0.8270000000010107
1.5240000000018625 0.8270000000010107 1.5020000000018356
0.8270000000010107 1.5020000000018356 1.6100000000019676
1.5020000000018356 1.6100000000019676 0.7980000000009753
1.6100000000019676 0.7980000000009753 2.0240000000024736
0.7980000000009753 2.0240000000024736 1.6550000000020226
2.0240000000024736 1.6550000000020226 1.3880000000016963
1.6550000000020226 1.3880000000016963 1.5640000000019114
1.3880000000016963 1.5640000000019114 1.5159999999982219
1.5640000000019114 1.5159999999982219 0.861999999997991
1.5159999999982219 0.861999999997991 1.5239999999964482
0.861999999997991 1.5239999999964482 1.5379999999964156
1.5239999999964482 1.5379999999964156 1.418999999996693
1.5379999999964156 1.418999999996693 0.9849999999977044
1.418999999996693 0.9849999999977044 2.0309999999952666
0.9849999999977044 2.0309999999952666 0.9099999999978792
2.0309999999952666 0.9099999999978792 1.6039999999962617
0.9099999999978792 1.6039999999962617 1.484999999996539
1.6039999999962617 1.484999999996539 0.9129999999978722
1.484999999996539 0.9129999999978722 1.5139999999964715
0.9129999999978722 1.5139999999964715 1.4839999999965414
1.5139999999964715 1.4839999999965414 1.4009999999967349
1.4839999999965414 1.4009999999967349 1.9869999999953691
1.4009999999967349 1.9869999999953691 1.699999999996038
1.9869999999953691 1.699999999996038 0.8339999999980563
1.699999999996038 0.8339999999980563 1.4029999999967302
0.8339999999980563 1.4029999999967302 1.0569999999975366
1.4029999999967302 1.0569999999975366 1.1329999999973595
1.0569999999975366 1.1329999999973595 1.7569999999959052
1.1329999999973595 1.7569999999959052 1.3769999999967908
1.7569999999959052 1.3769999999967908 1.672999999996101
1.3769999999967908 1.672999999996101 1.7310000000055012
1.672999999996101 1.7310000000055012 1.7150000000081889
1.7310000000055012 1.7150000000081889 1.9950000000095258
1.7150000000081889 1.9950000000095258 1.8420000000087953
1.9950000000095258 1.8420000000087953 0.9970000000047605
1.8420000000087953 0.9970000000047605 1.0920000000052141
0.9970000000047605 1.0920000000052141 0.875000000004178
1.0920000000052141 0.875000000004178 1.5070000000071957
0.875000000004178 1.5070000000071957 0.8070000000038533
1.5070000000071957 0.8070000000038533 1.4600000000069713
0.8070000000038533 1.4600000000069713 0.8540000000040777
1.4600000000069713 0.8540000000040777 1.6750000000079979
0.8540000000040777 1.6750000000079979 0.8990000000042926
1.6750000000079979 0.8990000000042926 0.9870000000047128
0.8990000000042926 0.9870000000047128 0.8630000000041207
0.9870000000047128 0.8630000000041207 1.2630000000060306
0.8630000000041207 1.2630000000060306 1.1880000000056725
1.2630000000060306 1.1880000000056725 0.8180000000039058
1.1880000000056725 0.8180000000039058 1.1800000000056343
0.8180000000039058 1.1800000000056343 0.9570000000045695
1.1800000000056343 0.9570000000045695 1.6780000000080122
0.9570000000045695 1.6780000000080122 1.3620000000065033
1.6780000000080122 1.3620000000065033 1.9690000000094017
1.3620000000065033 1.9690000000094017 0.9330000000044549
1.9690000000094017 0.9330000000044549 0.8790000000041971
0.9330000000044549 0.8790000000041971 1.7700000000084515
0.8790000000041971 1.7700000000084515 0.7630000000036432
1.7700000000084515 0.7630000000036432 0.755000000003605
0.7630000000036432 0.755000000003605 0.9270000000044263
0.755000000003605 0.9270000000044263 0.817000000003901
0.9270000000044263 0.817000000003901 0.7790000000037196
0.817000000003901 0.7790000000037196 0.8370000000039965
0.7790000000037196 0.8370000000039965 1.5490000000073962
0.8370000000039965 1.5490000000073962 1.3790000000065845
1.5490000000073962 1.3790000000065845 1.6400000000078307
1.3790000000065845 1.6400000000078307 0.7380000000035238
1.6400000000078307 0.7380000000035238 0.7260000000034665
0.7380000000035238 0.7260000000034665 0.7410000000035382
0.7260000000034665 0.7410000000035382 0.8380000000040013
0.7410000000035382 0.8380000000040013 1.3400000000063983
0.8380000000040013 1.3400000000063983 0.8320000000039727
1.3400000000063983 0.8320000000039727 0.8790000000041971
0.8320000000039727 0.8790000000041971 1.4040000000067039
0.8790000000041971 1.4040000000067039 1.4680000000070095
1.4040000000067039 1.4680000000070095 1.2640000000060354
1.4680000000070095 1.2640000000060354 0.9280000000044311
1.2640000000060354 0.9280000000044311 0.786000000003753
0.9280000000044311 0.786000000003753 0.8160000000038963
0.786000000003753 0.8160000000038963 1.4440000000068949
0.8160000000038963 1.4440000000068949 0.9200000000043929
1.4440000000068949 0.9200000000043929 1.426000000006809
0.9200000000043929 1.426000000006809 1.0580000000050518
1.426000000006809 1.0580000000050518 1.9420000000092728
1.0580000000050518 1.9420000000092728 1.7040000000081363
1.9420000000092728 1.7040000000081363 1.3400000000063983
1.7040000000081363 1.3400000000063983 2.168000000010352
1.3400000000063983 2.168000000010352 0.8580000000040968
2.168000000010352 0.8580000000040968 1.7120000000081745
0.8580000000040968 1.7120000000081745 1.350000000006446
1.7120000000081745 1.350000000006446 2.1480000000102564
1.350000000006446 2.1480000000102564 0.8790000000041971
2.1480000000102564 0.8790000000041971 1.4530000000069379
0.8790000000041971 1.4530000000069379 0.764000000003648
1.4530000000069379 0.764000000003648 0.8470000000040443
0.764000000003648 0.8470000000040443 1.5380000000073437
0.8470000000040443 1.5380000000073437 1.4510000000069283
1.5380000000073437 1.4510000000069283 1.4930000000071288
1.4510000000069283 1.4930000000071288 0.9410000000044931
1.4930000000071288 0.9410000000044931 1.9890000000094972
0.9410000000044931 1.9890000000094972 1.5960000000076207
1.9890000000094972 1.5960000000076207 0.7360000000035143
1.5960000000076207 0.7360000000035143 0.7390000000035286
0.7360000000035143 0.7390000000035286 0.773000000003691
0.7390000000035286 0.773000000003691 1.2760000000060927
0.773000000003691 1.2760000000060927 1.0760000000051377
1.2760000000060927 1.0760000000051377 2.1690000000103566
1.0760000000051377 2.1690000000103566 0.8510000000040634
2.1690000000103566 0.8510000000040634 0.7510000000035859
0.8510000000040634 0.7510000000035859 1.0510000000050184
0.7510000000035859 1.0510000000050184 1.097000000005238
1.0510000000050184 1.097000000005238 0.8740000000041732
1.097000000005238 0.8740000000041732 1.461000000006976
0.8740000000041732 1.461000000006976 0.7610000000036337
1.461000000006976 0.7610000000036337 0.8340000000039822
0.7610000000036337 0.8340000000039822 1.4870000000071002
0.8340000000039822 1.4870000000071002 1.8890000000090197
1.4870000000071002 1.8890000000090197 0.8180000000039058
1.8890000000090197 0.8180000000039058 0.8560000000040873
0.8180000000039058 0.8560000000040873 0.7720000000036862
0.8560000000040873 0.7720000000036862 0.7280000000034761
0.7720000000036862 0.7280000000034761 0.7250000000034618
0.7280000000034761 0.7250000000034618 0.7510000000035859
0.7250000000034618 0.7510000000035859 1.0520000000050231
0.7510000000035859 1.0520000000050231 1.119000000005343
1.0520000000050231 1.119000000005343 0.8380000000040013
1.119000000005343 0.8380000000040013 1.3350000000063744
0.8380000000040013 1.3350000000063744 0.9430000000045027
1.3350000000063744 0.9430000000045027 1.5030000000071766
0.9430000000045027 1.5030000000071766 1.7360000000082891
1.5030000000071766 1.7360000000082891 0.7710000000036814
1.7360000000082891 0.7710000000036814 1.9510000000093157
0.7710000000036814 1.9510000000093157 2.092000000009989
1.9510000000093157 2.092000000009989 0.9960000000047557
2.092000000009989 0.9960000000047557 2.0530000000098028
0.9960000000047557 2.0530000000098028 0.9430000000045027
2.0530000000098028 0.9430000000045027 2.025000000009669
0.9430000000045027 2.025000000009669 0.9230000000044072
2.025000000009669 0.9230000000044072 1.4280000000068185
0.9230000000044072 1.4280000000068185 0.9880000000047175
1.4280000000068185 0.9880000000047175 2.2590000000107864
0.9880000000047175 2.2590000000107864 0.7840000000037435
2.2590000000107864 0.7840000000037435 0.7870000000037578
0.7840000000037435 0.7870000000037578 1.0950000000052285
0.7870000000037578 1.0950000000052285 1.1490000000054863
1.0950000000052285 1.1490000000054863 0.8300000000039631
1.1490000000054863 0.8300000000039631 0.9660000000046125
0.8300000000039631 0.9660000000046125 0.8250000000039392
0.9660000000046125 0.8250000000039392 0.8380000000040013
0.8250000000039392 0.8380000000040013 1.4510000000069283
0.8380000000040013 1.4510000000069283 0.9430000000045027
1.4510000000069283 0.9430000000045027 1.39900000000668
0.9430000000045027 1.39900000000668 0.9170000000043785
1.39900000000668 0.9170000000043785 0.8470000000040443
0.9170000000043785 0.8470000000040443 1.9970000000095354
0.8470000000040443 1.9970000000095354 0.8740000000041732
1.9970000000095354 0.8740000000041732 0.7420000000035429
0.8740000000041732 0.7420000000035429 0.724000000003457
0.7420000000035429 0.724000000003457 0.7340000000035047
0.724000000003457 0.7340000000035047 0.7980000000038103
0.7340000000035047 0.7980000000038103 1.3110000000062598
0.7980000000038103 1.3110000000062598 0.826000000003944
1.3110000000062598 0.826000000003944 2.1960000000104856
0.826000000003944 2.1960000000104856 0.835000000003987
2.1960000000104856 0.835000000003987 2.070000000009884
0.835000000003987 2.070000000009884 0.9110000000043499
2.070000000009884 0.9110000000043499 1.2980000000061978
0.9110000000043499 1.2980000000061978 1.1520000000055006
1.2980000000061978 1.1520000000055006 0.7420000000035429
1.1520000000055006 0.7420000000035429 0.9520000000045457
0.7420000000035429 0.9520000000045457 1.0670000000050948
0.9520000000045457 1.0670000000050948 0.8740000000041732
1.0670000000050948 0.8740000000041732 1.5030000000071766
0.8740000000041732 1.5030000000071766 0.8240000000039345
1.5030000000071766 0.8240000000039345 1.497000000007148
0.8240000000039345 1.497000000007148 1.5480000000073915
1.497000000007148 1.5480000000073915 0.8320000000039727
1.5480000000073915 0.8320000000039727 2.0900000000099794
0.8320000000039727 2.0900000000099794 1.0860000000051855
2.0900000000099794 1.0860000000051855 0.924000000004412
1.0860000000051855 0.924000000004412 0.9610000000045886
0.924000000004412 0.9610000000045886 0.8500000000040586
0.9610000000045886 0.8500000000040586 1.275000000006088
0.8500000000040586 1.275000000006088 1.070000000005109
1.275000000006088 1.070000000005109 0.857000000004092
1.070000000005109 0.857000000004092 1.5670000000074822
0.857000000004092 1.5670000000074822 1.4890000000071097
1.5670000000074822 1.4890000000071097 1.3920000000066466
1.4890000000071097 1.3920000000066466 1.6490000000078737
1.3920000000066466 1.6490000000078737 1.5220000000072673
1.6490000000078737 1.5220000000072673 0.7420000000035429
1.5220000000072673 0.7420000000035429 0.8490000000040538
0.7420000000035429 0.8490000000040538 1.315999999996535
0.8490000000040538 1.315999999996535 0.8479999999799475
1.315999999996535 0.8479999999799475 0.9209999999782212
0.8479999999799475 0.9209999999782212 2.3209999999451156
0.9209999999782212 2.3209999999451156 0.8199999999806096
2.3209999999451156 0.8199999999806096 0.9189999999782685
0.8199999999806096 0.9189999999782685 0.8009999999810589
0.9189999999782685 0.8009999999810589 0.7659999999818865
0.8009999999810589 0.7659999999818865 0.8019999999810352
0.7659999999818865 0.8019999999810352 1.4549999999655938
0.8019999999810352 1.4549999999655938 0.7939999999812244
1.4549999999655938 0.7939999999812244 0.9799999999768261
0.7939999999812244 0.9799999999768261 1.4319999999661377
0.9799999999768261 1.4319999999661377 2.1369999999494667
1.4319999999661377 2.1369999999494667 0.9359999999778665
2.1369999999494667 0.9359999999778665 2.0349999999518786
0.9359999999778665 2.0349999999518786 0.7569999999820993
2.0349999999518786 0.7569999999820993 0.741999999982454
0.7569999999820993 0.741999999982454 0.7639999999819338
0.741999999982454 0.7639999999819338 0.8429999999800657
0.7639999999819338 0.8429999999800657 1.5479999999633947
0.8429999999800657 1.5479999999633947 1.4399999999659485
1.5479999999633947 1.4399999999659485 1.5039999999644351
1.4399999999659485 1.5039999999644351 1.4679999999652864
1.5039999999644351 1.4679999999652864 0.7579999999820757
1.4679999999652864 0.7579999999820757 0.77599999998165
0.7579999999820757 0.77599999998165 0.8969999999787888
0.77599999998165 0.8969999999787888 2.244999999946913
0.8969999999787888 2.244999999946913 0.7889999999813426
2.244999999946913 0.7889999999813426 0.7779999999816027
0.7889999999813426 0.7779999999816027 1.1279999999733263
0.7779999999816027 1.1279999999733263 1.0119999999760694
1.1279999999733263 1.0119999999760694 0.8759999999792853
1.0119999999760694 0.8759999999792853 1.3159999999688807
0.8759999999792853 1.3159999999688807 1.0199999999758802
1.3159999999688807 1.0199999999758802 2.0229999999521624
1.0199999999758802 2.0229999999521624 1.004999999976235
2.0229999999521624 1.004999999976235 2.043999999951666
1.004999999976235 2.043999999951666 0.9459999999776301
2.043999999951666 0.9459999999776301 2.043999999951666
0.9459999999776301 2.043999999951666 0.9709999999770389
2.043999999951666 0.9709999999770389 1.0289999999756674
0.9709999999770389 1.0289999999756674 1.1889999999718839
1.0289999999756674 1.1889999999718839 1.882999999955473
1.1889999999718839 1.882999999955473 1.2049999999715055
1.882999999955473 1.2049999999715055 0.8679999999794745
1.2049999999715055 0.8679999999794745 1.4939999999646716
0.8679999999794745 1.4939999999646716 0.7349999999826196
1.4939999999646716 0.7349999999826196 0.7699999999817919
0.7349999999826196 0.7699999999817919 1.3979999999669417
0.7699999999817919 1.3979999999669417 0.8459999999799948
1.3979999999669417 0.8459999999799948 0.7979999999811298
0.8459999999799948 0.7979999999811298 1.0689999999747215
0.7979999999811298 1.0689999999747215 1.9559999999537467
1.0689999999747215 1.9559999999537467 2.0459999999516185
1.9559999999537467 2.0459999999516185 1.3629999999677693
2.0459999999516185 1.3629999999677693 1.055999999975029
1.3629999999677693 1.055999999975029 2.1649999999488045
1.055999999975029 2.1649999999488045 0.8359999999802312
2.1649999999488045 0.8359999999802312 0.7639999999819338
0.8359999999802312 0.7639999999819338 1.384999999967249
0.7639999999819338 1.384999999967249 0.8739999999793326
1.384999999967249 0.8739999999793326 1.9789999999532029
0.8739999999793326 1.9789999999532029 2.191999999948166
1.9789999999532029 2.191999999948166 0.8649999999795455
2.191999999948166 0.8649999999795455 0.8989999999787415
0.8649999999795455 0.8989999999787415 2.335999999944761
0.8989999999787415 2.335999999944761 0.7839999999814609
2.335999999944761 0.7839999999814609 0.8899999999789543
0.7839999999814609 0.8899999999789543 0.8709999999794036
0.8899999999789543 0.8709999999794036 0.7889999999813426
0.8709999999794036 0.7889999999813426 0.8399999999801366
0.7889999999813426 0.8399999999801366 1.5469999999634183
0.8399999999801366 1.5469999999634183 0.9749999999769443
1.5469999999634183 0.9749999999769443 1.9929999999528718
0.9749999999769443 1.9929999999528718 0.7569999999820993
1.9929999999528718 0.7569999999820993 0.7449999999823831
0.7569999999820993 0.7449999999823831 0.7699999999817919
0.7449999999823831 0.7699999999817919 0.8719999999793799
0.7699999999817919 0.8719999999793799 2.0349999999518786
0.8719999999793799 2.0349999999518786 1.0889999999742486
2.0349999999518786 1.0889999999742486 0.9009999999786942
1.0889999999742486 0.9009999999786942 0.9799999999768261
0.9009999999786942 0.9799999999768261 0.8549999999797819
0.9799999999768261 0.8549999999797819 1.2329999999708434
0.8549999999797819 1.2329999999708434 1.1189999999735392
1.2329999999708434 1.1189999999735392 0.8489999999799238
1.1189999999735392 0.8489999999799238 1.698999999959824
0.8489999999799238 1.698999999959824 1.4069999999667289
1.698999999959824 1.4069999999667289 2.0339999999519023
1.4069999999667289 2.0339999999519023 1.0999999999739885
2.0339999999519023 1.0999999999739885 1.9429999999540541
1.0999999999739885 1.9429999999540541 2.3689999999439806
1.9429999999540541 2.3689999999439806 0.8089999999808697
2.3689999999439806 0.8089999999808697 0.9129999999784104
0.8089999999808697 0.9129999999784104 0.809999999980846
0.9129999999784104 0.809999999980846 0.7649999999819102
0.809999999980846 0.7649999999819102 0.792999999981248
0.7649999999819102 0.792999999981248 1.4939999999646716
0.792999999981248 1.4939999999646716 0.7429999999824304
1.4939999999646716 0.7429999999824304 0.7399999999825013
0.7429999999824304 0.7399999999825013 0.7689999999818156
0.7399999999825013 0.7689999999818156 0.8719999999793799
0.7689999999818156 0.8719999999793799 1.6419999999611719
0.8719999999793799 1.6419999999611719 1.7099999999595639
1.6419999999611719 1.7099999999595639 1.701999999959753
1.7099999999595639 1.701999999959753 1.4999999999645297
1.701999999959753 1.4999999999645297 1.4729999999651682
1.4999999999645297 1.4729999999651682 1.256999999970276
1.4729999999651682 1.256999999970276 0.9779999999768734
1.256999999970276 0.9779999999768734 1.1289999999733027
0.9779999999768734 1.1289999999733027 0.9279999999780557
1.1289999999733027 0.9279999999780557 0.8909999999789306
0.9279999999780557 0.8909999999789306 0.7819999999815082
0.8909999999789306 0.7819999999815082 0.7999999999810825
0.7819999999815082 0.7999999999810825 1.4539999999656175
0.7999999999810825 1.4539999999656175 0.7679999999818392
1.4539999999656175 0.7679999999818392 0.7629999999819574
0.7679999999818392 0.7629999999819574 0.8169999999806805
0.7629999999819574 0.8169999999806805 1.4749999999651209
0.8169999999806805 1.4749999999651209 1.3709999999675802
1.4749999999651209 1.3709999999675802 0.8859999999790489
1.3709999999675802 0.8859999999790489 1.0039999999762586
0.8859999999790489 1.0039999999762586 1.191999999971813
1.0039999999762586 1.191999999971813 1.2579999999702522
1.191999999971813 1.2579999999702522 0.8739999999793326
1.2579999999702522 0.8739999999793326 1.9189999999546217
0.8739999999793326 1.9189999999546217 1.9129999999547636
1.9189999999546217 1.9129999999547636 2.080999999950791
1.9129999999547636 2.080999999950791 1.0119999999760694
2.080999999950791 1.0119999999760694 1.1349999999731608
1.0119999999760694 1.1349999999731608 1.0119999999760694
1.1349999999731608 1.0119999999760694 0.8659999999795218
1.0119999999760694 0.8659999999795218 2.0989999999503652
0.8659999999795218 2.0989999999503652 0.7669999999818629
2.0989999999503652 0.7669999999818629 0.7399999999825013
0.7669999999818629 0.7399999999825013 0.7519999999822176
0.7399999999825013 0.7519999999822176 0.8049999999809643
0.7519999999822176 0.8049999999809643 1.463999999965381
0.8049999999809643 1.463999999965381 0.7619999999819811
1.463999999965381 0.7619999999819811 0.8359999999802312
0.7619999999819811 0.8359999999802312 1.5189999999640804
0.8359999999802312 1.5189999999640804 1.4969999999646006
1.5189999999640804 1.4969999999646006 1.3209999999687625
1.4969999999646006 1.3209999999687625 1.1959999999717184
1.3209999999687625 1.1959999999717184 1.8619999999559695
1.1959999999717184 1.8619999999559695 1.715999999959422
1.8619999999559695 1.715999999959422 1.256999999970276
1.715999999959422 1.256999999970276 0.9459999999776301
1.256999999970276 0.9459999999776301 1.0119999999760694
0.9459999999776301 1.0119999999760694 2.00999999995247
1.0119999999760694 2.00999999995247 1.5529999999632764
2.00999999995247 1.5529999999632764 0.7399999999825013
1.5529999999632764 0.7399999999825013 0.772999999981721
0.7399999999825013 0.772999999981721 0.9169999999783158
0.772999999981721 0.9169999999783158 2.00999999995247
0.9169999999783158 2.00999999995247 0.758999999982052
2.00999999995247 0.758999999982052 0.7439999999824067
0.758999999982052 0.7439999999824067 0.7659999999818865
0.7439999999824067 0.7659999999818865 0.8519999999798529
0.7659999999818865 0.8519999999798529 2.0339999999519023
0.8519999999798529 2.0339999999519023 0.8139999999807515
2.0339999999519023 0.8139999999807515 0.7409999999824777
0.8139999999807515 0.7409999999824777 0.7359999999825959
0.7409999999824777 0.7359999999825959 0.7609999999820047
0.7359999999825959 0.7609999999820047 0.8529999999798292
0.7609999999820047 0.8529999999798292 1.4079999999667052
0.8529999999798292 1.4079999999667052 0.9149999999783631
1.4079999999667052 0.9149999999783631 2.08399999995072
0.9149999999783631 2.08399999995072 0.8739999999793326
2.08399999995072 0.8739999999793326 1.4689999999652628
0.8739999999793326 1.4689999999652628 0.7609999999820047
1.4689999999652628 0.7609999999820047 0.8289999999803968
0.7609999999820047 0.8289999999803968 1.4989999999645534
0.8289999999803968 1.4989999999645534 1.7269999999591619
1.4989999999645534 1.7269999999591619 0.8129999999807751
1.7269999999591619 0.8129999999807751 0.9499999999775355
0.8129999999807751 0.9499999999775355 0.8309999999803495
0.9499999999775355 0.8309999999803495 0.809999999980846
0.8309999999803495 0.809999999980846 1.3889999999671545
0.809999999980846 1.3889999999671545 0.8189999999806332
1.3889999999671545 0.8189999999806332 0.7689999999818156
0.8189999999806332 0.7689999999818156 0.8029999999810116
0.7689999999818156 0.8029999999810116 1.452999999965641
0.8029999999810116 1.452999999965641 0.7959999999811771
1.452999999965641 0.7959999999811771 0.9879999999766369
0.7959999999811771 0.9879999999766369 1.4109999999666343
0.9879999999766369 1.4109999999666343 2.281999999946038
1.4109999999666343 2.281999999946038 0.8909999999789306
2.281999999946038 0.8909999999789306 1.9179999999546453
0.8909999999789306 1.9179999999546453 2.0859999999506726
1.9179999999546453 2.0859999999506726 0.7809999999815318
2.0859999999506726 0.7809999999815318 0.7609999999820047
0.7809999999815318 0.7609999999820047 0.7989999999811062
0.7609999999820047 0.7989999999811062 1.4619999999654283
0.7989999999811062 1.4619999999654283 0.7789999999815791
1.4619999999654283 0.7789999999815791 0.8759999999792853
0.7789999999815791 0.8759999999792853 1.5379999999636311
0.8759999999792853 1.5379999999636311 1.4139999999665633
1.5379999999636311 1.4139999999665633 0.9309999999779848
1.4139999999665633 0.9309999999779848 1.9039999999549764
0.9309999999779848 1.9039999999549764 0.9109999999784577
1.9039999999549764 0.9109999999784577 0.7879999999813663
0.9109999999784577 0.7879999999813663 0.8299999999803731
0.7879999999813663 0.8299999999803731 1.4799999999650026
0.8299999999803731 1.4799999999650026 0.9349999999778902
1.4799999999650026 0.9349999999778902 1.4059999999667525
0.9349999999778902 1.4059999999667525 1.0059999999762113
1.4059999999667525 1.0059999999762113 2.060999999951264
1.0059999999762113 2.060999999951264 0.9039999999786232
2.060999999951264 0.9039999999786232 1.497999999964577
0.9039999999786232 1.497999999964577 1.7939999999575775
1.497999999964577 1.7939999999575775 0.8019999999810352
1.7939999999575775 0.8019999999810352 0.8949999999788361
0.8019999999810352 0.8949999999788361 0.8079999999808933
0.8949999999788361 0.8079999999808933 0.7539999999821703
0.8079999999808933 0.7539999999821703 0.7639999999819338
0.7539999999821703 0.7639999999819338 0.832999999980359
0.7639999999819338 0.832999999980359 1.5479999999633947
0.832999999980359 1.5479999999633947 1.435999999966043
1.5479999999633947 1.435999999966043 1.5959999999622596
1.435999999966043 1.5959999999622596 0.7239999999828797
1.5959999999622596 0.7239999999828797 0.738999999982525
0.7239999999828797 0.738999999982525 0.8369999999802076
0.738999999982525 0.8369999999802076 1.47799999996505
0.8369999999802076 1.47799999996505 0.7719999999817446
1.47799999996505 0.7719999999817446 0.8029999999810116
0.7719999999817446 0.8029999999810116 0.9799999999768261
0.8029999999810116 0.9799999999768261 0.8339999999802785
0.9799999999768261 0.8339999999802785 1.0409999999753836
0.8339999999802785 1.0409999999753836 1.3119999999689753
1.0409999999753836 1.3119999999689753 2.103999999950247
1.3119999999689753 2.103999999950247 0.9959999999764477
2.103999999950247 0.9959999999764477 2.0679999999510983
0.9959999999764477 2.0679999999510983 0.9009999999786942
2.0679999999510983 0.9009999999786942 1.4879999999648135
0.9009999999786942 1.4879999999648135 1.718999999959351
1.4879999999648135 1.718999999959351 1.1219999999734682
1.718999999959351 1.1219999999734682 1.749999999958618
1.1219999999734682 1.749999999958618 2.551999999939653
1.749999999958618 2.551999999939653 0.9039999999786232
2.551999999939653 0.9039999999786232 1.99899999995273
0.9039999999786232 1.99899999995273 1.9969999999527772
1.99899999995273 1.9969999999527772 1.9949999999528245
1.9969999999527772 1.9949999999528245 1.667999999960557
1.9949999999528245 1.667999999960557 1.480999999964979
1.667999999960557 1.480999999964979 0.9759999999769207
1.480999999964979 0.9759999999769207 1.9319999999543143
0.9759999999769207 1.9319999999543143 1.7089999999595875
1.9319999999543143 1.7089999999595875 1.3319999999685024
1.7089999999595875 1.3319999999685024 2.0659999999511456
1.3319999999685024 2.0659999999511456 0.9829999999767551
2.0659999999511456 0.9829999999767551 0.9649999999771808
0.9829999999767551 0.9649999999771808 2.3719999999439096
0.9649999999771808 2.3719999999439096 0.792999999981248
2.3719999999439096 0.792999999981248 1.9289999999543852
0.792999999981248 1.9289999999543852 2.0009999999526826
1.9289999999543852 2.0009999999526826 1.579999999962638
2.0009999999526826 1.579999999962638 1.494999999964648
1.579999999962638 1.494999999964648 1.3239999999686916
1.494999999964648 1.3239999999686916 1.6939999999599422
1.3239999999686916 1.6939999999599422 0.7499999999822649
1.6939999999599422 0.7499999999822649 0.7299999999827378
0.7499999999822649 0.7299999999827378 0.7409999999824777
0.7299999999827378 0.7409999999824777 0.7939999999812244
0.7409999999824777 0.7939999999812244 1.3299999999685497
0.7939999999812244 1.3299999999685497 0.9879999999766369
1.3299999999685497 0.9879999999766369 2.2859999999459433
0.9879999999766369 2.2859999999459433 0.7749999999816737
2.2859999999459433 0.7749999999816737 1.9639999999535576
0.7749999999816737 1.9639999999535576 2.1199999999498687
1.9639999999535576 2.1199999999498687 0.9499999999775355
2.1199999999498687 0.9499999999775355 2.0149999999523516
0.9499999999775355 2.0149999999523516 1.0209999999758566
2.0149999999523516 1.0209999999758566 0.8709999999794036
1.0209999999758566 0.8709999999794036 1.3409999999682896
0.8709999999794036 1.3409999999682896 0.877999999979238
1.3409999999682896 0.877999999979238 1.4699999999652391
0.877999999979238 1.4699999999652391 0.7609999999820047
1.4699999999652391 0.7609999999820047 0.8259999999804677
0.7609999999820047 0.8259999999804677 1.494999999964648
0.8259999999804677 1.494999999964648 1.5909999999623778
1.494999999964648 1.5909999999623778 0.8469999999799711
1.5909999999623778 0.8469999999799711 2.2209999999474803
0.8469999999799711 2.2209999999474803 0.86099999997964
2.2209999999474803 0.86099999997964 1.1229999999734446
0.86099999997964 1.1229999999734446 0.9899999999765896
1.1229999999734446 0.9899999999765896 0.9139999999783868
0.9899999999765896 0.9139999999783868 1.2789999999697557
0.9139999999783868 1.2789999999697557 1.5479999999633947
1.2789999999697557 1.5479999999633947 0.8369999999802076
1.5479999999633947 0.8369999999802076 1.5139999999641987
0.8369999999802076 1.5139999999641987 0.8969999999787888
1.5139999999641987 0.8969999999787888 1.4659999999653337
0.8969999999787888 1.4659999999653337 0.9379999999778192
1.4659999999653337 0.9379999999778192 2.0059999999525644
0.9379999999778192 2.0059999999525644 1.6669999999605807
2.0059999999525644 1.6669999999605807 0.7209999999829506
1.6669999999605807 0.7209999999829506 0.7179999999830216
0.7209999999829506 0.7179999999830216 0.7499999999822649
0.7179999999830216 0.7499999999822649 0.9679999999771098
0.7499999999822649 0.9679999999771098 0.8739999999793326
0.9679999999771098 0.8739999999793326 0.8989999999787415
0.8739999999793326 0.8989999999787415 1.483999999964908
0.8989999999787415 1.483999999964908 0.8849999999790725
1.483999999964908 0.8849999999790725 1.4559999999655702
0.8849999999790725 1.4559999999655702 0.877999999979238
1.4559999999655702 0.877999999979238 1.534999999963702
0.877999999979238 1.534999999963702 1.4049999999667762
1.534999999963702 1.4049999999667762 0.9999999999763531
1.4049999999667762 0.9999999999763531 2.0819999999507672
0.9999999999763531 2.0819999999507672 0.8769999999792617
2.0819999999507672 0.8769999999792617 1.4589999999654992
0.8769999999792617 1.4589999999654992 0.7879999999813663
1.4589999999654992 0.7879999999813663 1.5879999999624488
0.7879999999813663 1.5879999999624488 0.7239999999828797
1.5879999999624488 0.7239999999828797 0.7159999999830688
0.7239999999828797 0.7159999999830688 0.7409999999824777
0.7159999999830688 0.7409999999824777 0.9339999999779138
0.7409999999824777 0.9339999999779138 0.8979999999787651
0.9339999999779138 0.8979999999787651 0.8679999999794745
0.8979999999787651 0.8679999999794745 1.5499999999633474
0.8679999999794745 1.5499999999633474 0.8209999999805859
1.5499999999633474 0.8209999999805859 2.228999999947291
0.8209999999805859 2.228999999947291 0.8219999999805623
2.228999999947291 0.8219999999805623 0.9479999999775828
0.8219999999805623 0.9479999999775828 1.3289999999685733
0.9479999999775828 1.3289999999685733 0.7509999999822412
1.3289999999685733 0.7509999999822412 0.9809999999768024
0.7509999999822412 0.9809999999768024 1.1489999999728298
0.9809999999768024 1.1489999999728298 1.5409999999635602
1.1489999999728298 1.5409999999635602 0.8279999999804204
1.5409999999635602 0.8279999999804204 1.4829999999649317
0.8279999999804204 1.4829999999649317 0.9509999999775118
1.4829999999649317 0.9509999999775118 1.3939999999670363
0.9509999999775118 1.3939999999670363 1.0019999999763058
1.3939999999670363 1.0019999999763058 2.058999999951311
1.0019999999763058 2.058999999951311 0.9129999999784104
2.058999999951311 0.9129999999784104 1.5809999999626143
0.9129999999784104 1.5809999999626143 1.4009999999668707
1.5809999999626143 1.4009999999668707 2.075999999950909
1.4009999999668707 2.075999999950909 0.8019999999810352
2.075999999950909 0.8019999999810352 0.7709999999817683
0.8019999999810352 0.7709999999817683 0.8179999999806569
0.7709999999817683 0.8179999999806569 1.4689999999652628
0.8179999999806569 1.4689999999652628 1.064999999974816
1.4689999999652628 1.064999999974816 1.1309999999732554
1.064999999974816 1.1309999999732554 0.86099999997964
1.1309999999732554 0.86099999997964 1.3319999999685024
0.86099999997964 1.3319999999685024 1.0709999999746742
1.3319999999685024 1.0709999999746742 0.8549999999797819
1.0709999999746742 0.8549999999797819 1.29699999996933
0.8549999999797819 1.29699999996933 1.8109999999571755
1.29699999996933 1.8109999999571755 1.0029999999762822
1.8109999999571755 1.0029999999762822 0.9639999999772044
1.0029999999762822 0.9639999999772044 1.197999999971671
0.9639999999772044 1.197999999971671 0.8859999999790489
1.197999999971671 0.8859999999790489 0.8689999999794509
0.8859999999790489 0.8689999999794509 0.7599999999820284
0.8689999999794509 0.7599999999820284 0.741999999982454
0.7599999999820284 0.741999999982454 0.7599999999820284
0.741999999982454 0.7599999999820284 0.8289999999803968
0.7599999999820284 0.8289999999803968 1.4709999999652155
0.8289999999803968 1.4709999999652155 1.4759999999650972
1.4709999999652155 1.4759999999650972 0.973999999976968
1.4759999999650972 0.973999999976968 1.6349999999613374
0.973999999976968 1.6349999999613374 0.7649999999819102
1.6349999999613374 0.7649999999819102 0.7959999999811771
0.7649999999819102 0.7959999999811771 0.9349999999778902
0.7959999999811771 0.9349999999778902 0.7959999999811771
0.9349999999778902 0.7959999999811771 0.7969999999811535
0.7959999999811771 0.7969999999811535 1.2679999999700158
0.7969999999811535 1.2679999999700158 1.426999999966256
1.2679999999700158 1.426999999966256 1.9449999999540069
1.426999999966256 1.9449999999540069 1.8779999999555912
1.9449999999540069 1.8779999999555912 2.0409999999517368
1.8779999999555912 2.0409999999517368 1.3289999999685733
2.0409999999517368 1.3289999999685733 1.6599999999607462
1.3289999999685733 1.6599999999607462 1.0099999999761167
1.6599999999607462 1.0099999999761167 1.2059999999714819
1.0099999999761167 1.2059999999714819 1.1649999999724514
1.2059999999714819 1.1649999999724514 0.840999999980113
1.1649999999724514 0.840999999980113 0.9329999999779375
0.840999999980113 0.9329999999779375 0.7979999999811298
0.9329999999779375 0.7979999999811298 0.7829999999814845
0.7979999999811298 0.7829999999814845 0.8799999999791908
0.7829999999814845 0.8799999999791908 1.517999999964104
0.8799999999791908 1.517999999964104 1.4059999999667525
1.517999999964104 1.4059999999667525 1.0289999999756674
1.4059999999667525 1.0289999999756674 2.0179999999522806
1.0289999999756674 2.0179999999522806 1.0019999999763058
2.0179999999522806 1.0019999999763058 2.077999999950862
1.0019999999763058 2.077999999950862 0.8819999999791435
2.077999999950862 0.8819999999791435 1.4549999999655938
0.8819999999791435 1.4549999999655938 0.8259999999804677
1.4549999999655938 0.8259999999804677 1.5019999999644824
0.8259999999804677 1.5019999999644824 1.613999999961834
1.5019999999644824 1.613999999961834 0.7939999999812244
1.613999999961834 0.7939999999812244 2.035999999951855
0.7939999999812244 2.035999999951855 1.559999999963111
2.035999999951855 1.559999999963111 1.4479999999657593
1.559999999963111 1.4479999999657593 0.9729999999769916
1.4479999999657593 0.9729999999769916 1.177999999972144
0.9729999999769916 1.177999999972144 1.024999999975762
1.177999999972144 1.024999999975762 1.5649999999629927
1.024999999975762 1.5649999999629927 1.4379999999659958
1.5649999999629927 1.4379999999659958 0.9829999999767551
1.4379999999659958 0.9829999999767551 0.9949999999764714
0.9829999999767551 0.9949999999764714 1.2019999999715765
0.9949999999764714 1.2019999999715765 1.5469999999634183
1.2019999999715765 1.5469999999634183 0.7749999999816737
1.5469999999634183 0.7749999999816737 0.8729999999793563
0.7749999999816737 0.8729999999793563 1.579999999962638
0.8729999999793563 1.579999999962638 1.4079999999667052
1.579999999962638 1.4079999999667052 0.8669999999794982
1.4079999999667052 0.8669999999794982 1.4969999999646006
0.8669999999794982 1.4969999999646006 0.7339999999826432
1.4969999999646006 0.7339999999826432 0.7639999999819338
0.7339999999826432 0.7639999999819338 1.4029999999668235
0.7639999999819338 1.4029999999668235 0.8549999999797819
1.4029999999668235 0.8549999999797819 0.7699999999817919
0.8549999999797819 0.7699999999817919 1.344999999968195
0.7699999999817919 1.344999999968195 0.9069999999785523
1.344999999968195 0.9069999999785523 0.9849999999767078
0.9069999999785523 0.9849999999767078 1.9389999999541487
0.9849999999767078 1.9389999999541487 1.9529999999538177
1.9389999999541487 1.9529999999538177 0.9359999999778665
1.9529999999538177 0.9359999999778665 0.8189999999806332
0.9359999999778665 0.8189999999806332 1.2249999999710326
0.8189999999806332 1.2249999999710326 1.007999999976164
1.2249999999710326 1.007999999976164 0.7539999999821703
1.007999999976164 0.7539999999821703 0.7259999999828324
0.7539999999821703 0.7259999999828324 0.7309999999827141
0.7259999999828324 0.7309999999827141 0.7709999999817683
0.7309999999827141 0.7709999999817683 1.265999999970063
0.7709999999817683 1.265999999970063 0.8719999999793799
1.265999999970063 0.8719999999793799 1.9639999999535576
0.8719999999793799 1.9639999999535576 0.9379999999778192
1.9639999999535576 0.9379999999778192 0.8789999999792144
0.9379999999778192 0.8789999999792144 1.7999999999574356
0.8789999999792144 1.7999999999574356 0.758999999982052
1.7999999999574356 0.758999999982052 0.7499999999822649
0.758999999982052 0.7499999999822649 0.9019999999786705
0.7499999999822649 0.9019999999786705 0.809999999980846
0.9019999999786705 0.809999999980846 0.758999999982052
0.809999999980846 0.758999999982052 0.7749999999816737
0.758999999982052 0.7749999999816737 0.8869999999790252
0.7749999999816737 0.8869999999790252 2.120999999949845
0.8869999999790252 2.120999999949845 0.840999999980113
2.120999999949845 0.840999999980113 2.261999999946511
0.840999999980113 2.261999999946511 0.8089999999808697
2.261999999946511 0.8089999999808697 0.8369999999802076
0.8089999999808697 0.8369999999802076 1.290999999969472
0.8369999999802076 1.290999999969472 1.565999999962969
1.290999999969472 1.565999999962969 0.7509999999822412
1.565999999962969 0.7509999999822412 0.7749999999816737
0.7509999999822412 0.7749999999816737 0.9029999999786469
0.7749999999816737 0.9029999999786469 2.1759999999485444
0.9029999999786469 2.1759999999485444 0.8149999999807278
2.1759999999485444 0.8149999999807278 1.0069999999761876
0.8149999999807278 1.0069999999761876 1.146999999972877
1.0069999999761876 1.146999999972877 1.9829999999531083
1.146999999972877 1.9829999999531083 1.0609999999749107
1.9829999999531083 1.0609999999749107 1.330999999968526
1.0609999999749107 1.330999999968526 1.8279999999567735
1.330999999968526 1.8279999999567735 1.930999999954338
1.8279999999567735 1.930999999954338 1.9779999999532265
1.930999999954338 1.9779999999532265 2.2579999999466054
1.9779999999532265 2.2579999999466054 0.8039999999809879
2.2579999999466054 0.8039999999809879 2.111999999950058
0.8039999999809879 2.111999999950058 0.939999999977772
2.111999999950058 0.939999999977772 2.0319999999519496
0.939999999977772 2.0319999999519496 1.2079999999714346
2.0319999999519496 1.2079999999714346 0.8459999999799948
1.2079999999714346 0.8459999999799948 0.891999999978907
0.8459999999799948 0.891999999978907 0.7739999999816973
0.891999999978907 0.7739999999816973 0.7459999999823594
0.7739999999816973 0.7459999999823594 0.7609999999820047
0.7459999999823594 0.7609999999820047 0.8299999999803731
0.7609999999820047 0.8299999999803731 1.4989999999645534
0.8299999999803731 1.4989999999645534 1.684999999960155
1.4989999999645534 1.684999999960155 0.8319999999803258
1.684999999960155 0.8319999999803258 1.0029999999762822
0.8319999999803258 1.0029999999762822 0.8599999999796637
1.0029999999762822 0.8599999999796637 1.123999999973421
0.8599999999796637 1.123999999973421 1.0239999999757856
1.123999999973421 1.0239999999757856 0.8079999999808933
1.0239999999757856 0.8079999999808933 0.7639999999819338
0.8079999999808933 0.7639999999819338 0.7919999999812717
0.7639999999819338 0.7919999999812717 1.5029999999644588
0.7919999999812717 1.5029999999644588 0.7399999999825013
1.5029999999644588 0.7399999999825013 0.7349999999826196
0.7399999999825013 0.7349999999826196 0.758999999982052
0.7349999999826196 0.758999999982052 0.86099999997964
0.758999999982052 0.86099999997964 1.3949999999670126
0.86099999997964 1.3949999999670126 0.7869999999813899
1.3949999999670126 0.7869999999813899 1.0089999999761403
0.7869999999813899 1.0089999999761403 1.939999999954125
1.0089999999761403 1.939999999954125 2.1279999999496795
1.939999999954125 2.1279999999496795 0.8949999999788361
2.1279999999496795 0.8949999999788361 1.3359999999684078
0.8949999999788361 1.3359999999684078 1.973999999953321
1.3359999999684078 1.973999999953321 1.7939999999575775
1.973999999953321 1.7939999999575775 1.3579999999678876
1.7939999999575775 1.3579999999678876 1.797999999957483
1.3579999999678876 1.797999999957483 2.075999999950909
1.797999999957483 2.075999999950909 0.9669999999771335
2.075999999950909 0.9669999999771335 1.2109999999713636
0.9669999999771335 1.2109999999713636 0.826999999980444
1.2109999999713636 0.826999999980444 2.1249999999497504
0.826999999980444 2.1249999999497504 0.9039999999786232
2.1249999999497504 0.9039999999786232 1.3529999999680058
0.9039999999786232 1.3529999999680058 1.6999999999598003
1.3529999999680058 1.6999999999598003 1.3939999999670363
1.6999999999598003 1.3939999999670363 1.6119999999618813
1.3939999999670363 1.6119999999618813 0.7409999999824777
1.6119999999618813 0.7409999999824777 0.7369999999825723
0.7409999999824777 0.7369999999825723 0.7609999999820047
0.7369999999825723 0.7609999999820047 0.8559999999797583
0.7609999999820047 0.8559999999797583 1.4069999999667289
0.8559999999797583 1.4069999999667289 0.973999999976968
1.4069999999667289 0.973999999976968 1.936999999954196
0.973999999976968 1.936999999954196 1.6749999999603915
1.936999999954196 1.6749999999603915 1.364999999967722
1.6749999999603915 1.364999999967722 1.7089999999595875
1.364999999967722 1.7089999999595875 1.3369999999683841
1.7089999999595875 1.3369999999683841 2.3269999999449738
1.3369999999683841 2.3269999999449738 0.7809999999815318
2.3269999999449738 0.7809999999815318 1.9969999999527772
0.7809999999815318 1.9969999999527772 2.0209999999522097
1.9969999999527772 2.0209999999522097 0.9749999999769443
2.0209999999522097 0.9749999999769443 0.8929999999788834
0.9749999999769443 0.8929999999788834 1.5249999999639385
0.8929999999788834 1.5249999999639385 0.7459999999823594
1.5249999999639385 0.7459999999823594 0.8229999999805386
0.7459999999823594 0.8229999999805386 1.3019999999692118
0.8229999999805386 1.3019999999692118 1.5679999999629217
1.3019999999692118 1.5679999999629217 1.2789999999697557
1.5679999999629217 1.2789999999697557 0.9139999999783868
1.2789999999697557 0.9139999999783868 0.7849999999814372
0.9139999999783868 0.7849999999814372 0.8179999999806569
0.7849999999814372 0.8179999999806569 1.446999999965783
0.8179999999806569 1.446999999965783 0.9679999999771098
1.446999999965783 0.9679999999771098 1.3489999999681004
0.9679999999771098 1.3489999999681004 1.7429999999587835
1.3489999999681004 1.7429999999587835 1.3089999999690463
1.7429999999587835 1.3089999999690463 2.196999999948048
1.3089999999690463 2.196999999948048 0.8499999999799002
2.196999999948048 0.8499999999799002 0.8879999999790016
0.8499999999799002 0.8879999999790016 2.06199999995124
0.8879999999790016 2.06199999995124 0.9179999999782922
2.06199999995124 0.9179999999782922 1.3919999999670836
0.9179999999782922 1.3919999999670836 1.568999999962898
1.3919999999670836 1.568999999962898 0.8989999999787415
1.568999999962898 0.8989999999787415 1.4629999999654046
0.8989999999787415 1.4629999999654046 0.9719999999770152
1.4629999999654046 0.9719999999770152 2.2539999999467
0.9719999999770152 2.2539999999467 0.8139999999807515
2.2539999999467 0.8139999999807515 1.007999999976164
0.8139999999807515 1.007999999976164 0.8949999999788361
1.007999999976164 0.8949999999788361 1.0009999999763295
0.8949999999788361 1.0009999999763295 1.191999999971813
1.0009999999763295 1.191999999971813 1.2249999999710326
1.191999999971813 1.2249999999710326 0.8029999999810116
1.2249999999710326 0.8029999999810116 0.9049999999785996
0.8029999999810116 0.9049999999785996 0.8129999999807751
0.9049999999785996 0.8129999999807751 0.7609999999820047
0.8129999999807751 0.7609999999820047 0.7799999999815554
0.7609999999820047 0.7799999999815554 0.9349999999778902
0.7799999999815554 0.9349999999778902 1.9999999999527063
0.9349999999778902 1.9999999999527063 1.0889999999742486
1.9999999999527063 1.0889999999742486 1.9079999999548818
1.0889999999742486 1.9079999999548818 1.7249999999592092
1.9079999999548818 1.7249999999592092 1.3599999999678403
1.7249999999592092 1.3599999999678403 0.8289999999803968
1.3599999999678403 0.8289999999803968 2.109999999950105
0.8289999999803968 2.109999999950105 0.9379999999778192
2.109999999950105 0.9379999999778192 1.432999999966114
0.9379999999778192 1.432999999966114 0.8819999999791435
1.432999999966114 0.8819999999791435 0.8909999999789306
0.8819999999791435 0.8909999999789306 2.2239999999474094
0.8909999999789306 2.2239999999474094 0.8019999999810352
2.2239999999474094 0.8019999999810352 2.041999999951713
0.8019999999810352 2.041999999951713 1.5239999999639622
2.041999999951713 1.5239999999639622 0.7989999999811062
1.5239999999639622 0.7989999999811062 1.4619999999654283
0.7989999999811062 1.4619999999654283 0.7779999999816027
1.4619999999654283 0.7779999999816027 0.8679999999794745
0.7779999999816027 0.8679999999794745 1.5589999999631345
0.8679999999794745 1.5589999999631345 1.7119999999595166
1.5589999999631345 1.7119999999595166 0.7549999999821466
1.7119999999595166 0.7549999999821466 0.7569999999820993
0.7549999999821466 0.7569999999820993 0.8979999999787651
0.7569999999820993 0.8979999999787651 0.7959999999811771
0.8979999999787651 0.7959999999811771 0.7509999999822412
0.7959999999811771 0.7509999999822412 0.7619999999819811
0.7509999999822412 0.7619999999819811 0.8289999999803968
0.7619999999819811 0.8289999999803968 1.511999999964246
0.8289999999803968 1.511999999964246 1.5679999999629217
1.511999999964246 1.5679999999629217 0.8499999999799002
1.5679999999629217 0.8499999999799002 1.3709999999675802
0.8499999999799002 1.3709999999675802 0.8549999999797819
1.3709999999675802 0.8549999999797819 0.891999999978907
0.8549999999797819 0.891999999978907 2.128999999949656
0.891999999978907 2.128999999949656 0.8549999999797819
2.128999999949656 0.8549999999797819 2.0749999999509328
0.8549999999797819 2.0749999999509328 0.7859999999814136
2.0749999999509328 0.7859999999814136 0.789999999981319
0.7859999999814136 0.789999999981319 0.9789999999768497
0.789999999981319 0.9789999999768497 1.814999999957081
0.9789999999768497 1.814999999957081 1.7709999999581214
1.814999999957081 1.7709999999581214 1.3369999999683841
1.7709999999581214 1.3369999999683841 1.5899999999624015
1.3369999999683841 1.5899999999624015 0.8909999999789306
1.5899999999624015 0.8909999999789306 1.4889999999647898
0.8909999999789306 1.4889999999647898 0.8959999999788124
1.4889999999647898 0.8959999999788124 1.4599999999654756
0.8959999999788124 1.4599999999654756 1.4519999999656648
1.4599999999654756 1.4519999999656648 0.9059999999785759
1.4519999999656648 0.9059999999785759 1.4509999999656884
0.9059999999785759 1.4509999999656884 0.9719999999770152
1.4509999999656884 0.9719999999770152 2.219999999947504
0.9719999999770152 2.219999999947504 0.8049999999809643
2.219999999947504 0.8049999999809643 1.0269999999757147
0.8049999999809643 1.0269999999757147 1.276999999969803
1.0269999999757147 1.276999999969803 0.7839999999814609
1.276999999969803 0.7839999999814609 0.8929999999788834
0.7839999999814609 0.8929999999788834 0.8999999999787178
0.8929999999788834 0.8999999999787178 0.8169999999806805
0.8999999999787178 0.8169999999806805 1.3629999999677693
0.8169999999806805 1.3629999999677693 0.9669999999771335
1.3629999999677693 0.9669999999771335 0.7509999999822412
0.9669999999771335 0.7509999999822412 0.7169999999830452
0.7509999999822412 0.7169999999830452 0.7149999999830925
0.7169999999830452 0.7149999999830925 0.7549999999821466
0.7149999999830925 0.7549999999821466 0.9159999999783395
0.7549999999821466 0.9159999999783395 0.8089999999808697
0.9159999999783395 0.8089999999808697 0.7669999999818629
0.8089999999808697 0.7669999999818629 0.7979999999811298
0.7669999999818629 0.7979999999811298 1.4629999999654046
0.7979999999811298 1.4629999999654046 0.7649999999819102
1.4629999999654046 0.7649999999819102 0.7979999999811298
0.7649999999819102 0.7979999999811298 1.463999999965381
0.7979999999811298 1.463999999965381 0.7659999999818865
1.463999999965381 0.7659999999818865 0.8019999999810352
0.7659999999818865 0.8019999999810352 1.4559999999655702
0.8019999999810352 1.4559999999655702 0.7949999999812007
1.4559999999655702 0.7949999999812007 1.047999999975218
0.7949999999812007 1.047999999975218 1.443999999965854
1.047999999975218 1.443999999965854 1.9599999999536521
1.443999999965854 1.9599999999536521 1.5029999999644588
1.9599999999536521 1.5029999999644588 1.004999999976235
1.5029999999644588 1.004999999976235 1.8819999999554966
1.004999999976235 1.8819999999554966 1.6719999999604624
1.8819999999554966 1.6719999999604624 1.4379999999659958
1.6719999999604624 1.4379999999659958 0.8499999999799002
1.4379999999659958 0.8499999999799002 0.9269999999780794
0.8499999999799002 0.9269999999780794 2.1339999999495376
0.9269999999780794 2.1339999999495376 0.9099999999784814
2.1339999999495376 0.9099999999784814 1.3399999999683132
0.9099999999784814 1.3399999999683132 0.8249999999804913
1.3399999999683132 0.8249999999804913 0.8819999999791435
0.8249999999804913 0.8819999999791435 1.3719999999675565
0.8819999999791435 1.3719999999675565 0.7969999999811535
1.3719999999675565 0.7969999999811535 1.4959999999646243
0.7969999999811535 1.4959999999646243 0.7349999999826196
1.4959999999646243 0.7349999999826196 0.7639999999819338
0.7349999999826196 0.7639999999819338 1.293999999969401
0.7639999999819338 1.293999999969401 0.9549999999774172
1.293999999969401 0.9549999999774172 0.8169999999806805
0.9549999999774172 0.8169999999806805 1.4569999999655465
0.8169999999806805 1.4569999999655465 1.0209999999758566
1.4569999999655465 1.0209999999758566 1.8169999999570337
1.0209999999758566 1.8169999999570337 1.6629999999606753
1.8169999999570337 1.6629999999606753 1.3969999999669653
1.6629999999606753 1.3969999999669653 1.6599999999607462
1.3969999999669653 1.6599999999607462 1.3969999999669653
1.6599999999607462 1.3969999999669653 1.5879999999624488
1.3969999999669653 1.5879999999624488 0.7379999999825486
1.5879999999624488 0.7379999999825486 0.7439999999824067
0.7379999999825486 0.7439999999824067 0.7829999999814845
0.7439999999824067 0.7829999999814845 0.9499999999775355
0.7829999999814845 0.9499999999775355 2.1229999999497977
0.9499999999775355 2.1229999999497977 0.9579999999773463
2.1229999999497977 0.9579999999773463 1.3459999999681713
0.9579999999773463 1.3459999999681713 0.7869999999813899
1.3459999999681713 0.7869999999813899 1.9979999999527536
0.7869999999813899 1.9979999999527536 2.0229999999521624
1.9979999999527536 2.0229999999521624 0.8639999999795691
2.0229999999521624 0.8639999999795691 0.7989999999811062
0.8639999999795691 0.7989999999811062 0.922999999978174
0.7989999999811062 0.922999999978174 1.4279999999662323
0.922999999978174 1.4279999999662323 1.5129999999642223
1.4279999999662323 1.5129999999642223 1.064999999974816
1.5129999999642223 1.064999999974816 1.8069999999572701
1.064999999974816 1.8069999999572701 2.080999999950791
1.8069999999572701 2.080999999950791 1.2269999999709853
2.080999999950791 1.2269999999709853 1.7999999999574356
1.2269999999709853 1.7999999999574356 2.06199999995124
1.7999999999574356 2.06199999995124 1.593999999962307
2.06199999995124 1.593999999962307 0.8179999999806569
1.593999999962307 0.8179999999806569 1.3969999999669653
0.8179999999806569 1.3969999999669653 0.8469999999799711
1.3969999999669653 0.8469999999799711 1.112999999973681
0.8469999999799711 1.112999999973681 1.273999999969874
1.112999999973681 1.273999999969874 1.9979999999527536
1.273999999969874 1.9979999999527536 1.98799999995299
1.9979999999527536 1.98799999995299 1.1569999999726406
1.98799999995299 1.1569999999726406 0.8199999999806096
1.1569999999726406 0.8199999999806096 1.2099999999713873
0.8199999999806096 1.2099999999713873 0.9299999999780084
1.2099999999713873 0.9299999999780084 1.848999999956277
0.9299999999780084 1.848999999956277 1.0369999999754782
1.848999999956277 1.0369999999754782 0.7769999999816264
1.0369999999754782 0.7769999999816264 0.7489999999822885
0.7769999999816264 0.7489999999822885 0.7679999999818392
0.7489999999822885 0.7679999999818392 0.857999999979711
0.7679999999818392 0.857999999979711 1.970999999953392
0.857999999979711 1.970999999953392 0.8939999999788597
1.970999999953392 0.8939999999788597 1.0369999999754782
0.8939999999788597 1.0369999999754782 1.1079999999737993
1.0369999999754782 1.1079999999737993 0.8899999999789543
1.1079999999737993 0.8899999999789543 0.9999999999763531
0.8899999999789543 0.9999999999763531 1.1999999999716238
0.9999999999763531 1.1999999999716238 1.1459999999729007
1.1999999999716238 1.1459999999729007 0.823999999980515
1.1459999999729007 0.823999999980515 0.9779999999768734
0.823999999980515 0.9779999999768734 0.840999999980113
0.9779999999768734 0.840999999980113 0.8799999999791908
0.840999999980113 0.8799999999791908 1.5559999999632055
0.8799999999791908 1.5559999999632055 0.8299999999803731
1.5559999999632055 0.8299999999803731 1.3199999999687861
0.8299999999803731 1.3199999999687861 0.9359999999778665
1.3199999999687861 0.9359999999778665 1.0289999999756674
0.9359999999778665 1.0289999999756674 1.896999999955142
1.0289999999756674 1.896999999955142 2.2409999999470074
1.896999999955142 2.2409999999470074 0.8179999999806569
2.2409999999470074 0.8179999999806569 0.8559999999797583
0.8179999999806569 0.8559999999797583 1.3559999999679349
0.8559999999797583 1.3559999999679349 2.0059999999525644
1.3559999999679349 2.0059999999525644 1.664999999960628
2.0059999999525644 1.664999999960628 1.4119999999666106
1.664999999960628 1.4119999999666106 0.9609999999772754
1.4119999999666106 0.9609999999772754 2.0229999999521624
0.9609999999772754 2.0229999999521624 0.9519999999774882
2.0229999999521624 0.9519999999774882 0.9379999999778192
0.9519999999774882 0.9379999999778192 2.018999999952257
0.9379999999778192 2.018999999952257 0.823999999980515
2.018999999952257 0.823999999980515 1.2189999999711745
0.823999999980515 1.2189999999711745 1.0069999999761876
1.2189999999711745 1.0069999999761876 0.7599999999820284
1.0069999999761876 0.7599999999820284 0.7269999999828087
0.7599999999820284 0.7269999999828087 0.7299999999827378
0.7269999999828087 0.7299999999827378 0.7659999999818865
0.7299999999827378 0.7659999999818865 1.2529999999703705
0.7659999999818865 1.2529999999703705 0.8909999999789306
1.2529999999703705 0.8909999999789306 1.9599999999536521
0.8909999999789306 1.9599999999536521 0.9759999999769207
1.9599999999536521 0.9759999999769207 1.0329999999755728
0.9759999999769207 1.0329999999755728 1.0499999999751708
1.0329999999755728 1.0499999999751708 0.9699999999770625
1.0499999999751708 0.9699999999770625 0.9489999999775591
0.9699999999770625 0.9489999999775591 1.5839999999625434
0.9489999999775591 1.5839999999625434 0.7869999999813899
1.5839999999625434 0.7869999999813899 0.7579999999820757
0.7869999999813899 0.7579999999820757 1.03099999997562
0.7579999999820757 1.03099999997562 0.942999999977701
1.03099999997562 0.942999999977701 0.9099999999784814
0.942999999977701 0.9099999999784814 1.4199999999664215
0.9099999999784814 1.4199999999664215 2.07299999995098
1.4199999999664215 2.07299999995098 1.6069999999619995
2.07299999995098 1.6069999999619995 0.7619999999819811
1.6069999999619995 0.7619999999819811 0.7749999999816737
0.7619999999819811 0.7749999999816737 0.8889999999789779
0.7749999999816737 0.8889999999789779 2.1309999999496085
0.8889999999789779 2.1309999999496085 0.843999999980042
2.1309999999496085 0.843999999980042 2.086999999950649
0.843999999980042 2.086999999950649 1.6349999999613374
2.086999999950649 1.6349999999613374 0.724999999982856
1.6349999999613374 0.724999999982856 0.721999999982927
0.724999999982856 0.721999999982927 0.7509999999822412
0.721999999982927 0.7509999999822412 1.0319999999755964
0.7509999999822412 1.0319999999755964 1.0839999999743668
1.0319999999755964 1.0839999999743668 0.8369999999802076
1.0839999999743668 0.8369999999802076 2.1929999999481424
0.8369999999802076 2.1929999999481424 0.8639999999795691
2.1929999999481424 0.8639999999795691 2.1169999999499396
0.8639999999795691 2.1169999999499396 0.9209999999782212
2.1169999999499396 0.9209999999782212 1.4489999999657357
0.9209999999782212 1.4489999999657357 1.4829999999649317
1.4489999999657357 1.4829999999649317 1.3899999999671309
1.4829999999649317 1.3899999999671309 1.089999999974225
1.3899999999671309 1.089999999974225 0.8339999999802785
1.089999999974225 0.8339999999802785 1.1149999999736337
0.8339999999802785 1.1149999999736337 1.0509999999751471
1.1149999999736337 1.0509999999751471 0.8519999999798529
1.0509999999751471 0.8519999999798529 1.299999999969259
0.8519999999798529 1.299999999969259 0.8359999999802312
1.299999999969259 0.8359999999802312 2.106999999950176
0.8359999999802312 2.106999999950176 0.9479999999775828
2.106999999950176 0.9479999999775828 0.9359999999778665
0.9479999999775828 0.9359999999778665 1.4199999999664215
0.9359999999778665 1.4199999999664215 1.4919999999647189
1.4199999999664215 1.4919999999647189 1.4399999999659485
1.4919999999647189 1.4399999999659485 0.908999999978505
1.4399999999659485 0.908999999978505 1.5369999999636548
0.908999999978505 1.5369999999636548 0.7619999999819811
1.5369999999636548 0.7619999999819811 0.8299999999803731
0.7619999999819811 0.8299999999803731 1.5169999999641277
0.8299999999803731 1.5169999999641277 1.5329999999637494
1.5169999999641277 1.5329999999637494 0.8759999999792853
1.5329999999637494 0.8759999999792853 1.324999999968668
0.8759999999792853 1.324999999968668 1.650999999960959
