1.096999999999927 0.9939999999998907 1.3809999999998661
0.9939999999998907 1.3809999999998661 2.0250000000006763
1.3809999999998661 2.0250000000006763 1.0160000000003393
2.0250000000006763 1.0160000000003393 0.7510000000002508
1.0160000000003393 0.7510000000002508 0.7399999999997373
0.7510000000002508 0.7399999999997373 0.8579999999995245
0.7399999999997373 0.8579999999995245 0.9429999999994774
0.8579999999995245 0.9429999999994774 0.7879999999995633
0.9429999999994774 0.7879999999995633 0.8059999999995533
0.7879999999995633 0.8059999999995533 1.549999999999141
0.8059999999995533 1.549999999999141 0.7439999999995877
1.549999999999141 0.7439999999995877 0.7729999999995716
0.7439999999995877 0.7729999999995716 1.116999999999651
0.7729999999995716 1.116999999999651 1.0010000000012234
1.116999999999651 1.0010000000012234 1.400000000001711
1.0010000000012234 1.400000000001711 1.5660000000019139
1.400000000001711 1.5660000000019139 0.8430000000010303
1.5660000000019139 0.8430000000010303 1.517000000001854
0.8430000000010303 1.517000000001854 1.6730000000020446
1.517000000001854 1.6730000000020446 0.887000000001084
1.6730000000020446 0.887000000001084 2.0100000000024565
0.887000000001084 2.0100000000024565 1.5610000000019078
2.0100000000024565 1.5610000000019078 2.0680000000025274
1.5610000000019078 2.0680000000025274 0.932000000001139
2.0680000000025274 0.932000000001139 1.5279999999978209
0.932000000001139 1.5279999999978209 1.5619999999963596
1.5279999999978209 1.5619999999963596 1.4269999999966743
1.5619999999963596 1.4269999999966743 0.9849999999977044
1.4269999999966743 0.9849999999977044 2.126999999995043
0.9849999999977044 2.126999999995043 1.442999999996637
2.126999999995043 1.442999999996637 0.9929999999976857
1.442999999996637 0.9929999999976857 2.1279999999950405
0.9929999999976857 2.1279999999950405 0.9069999999978862
2.1279999999950405 0.9069999999978862 1.5089999999964832
0.9069999999978862 1.5089999999964832 1.557999999996369
1.5089999999964832 1.557999999996369 1.4719999999965694
1.557999999996369 1.4719999999965694 1.3719999999968024
1.4719999999965694 1.3719999999968024 2.177999999994924
1.3719999999968024 2.177999999994924 1.6129999999962408
2.177999999994924 1.6129999999962408 0.834999999998054
1.6129999999962408 0.834999999998054 1.472999999996567
0.834999999998054 1.472999999996567 1.0109999999976438
1.472999999996567 1.0109999999976438 1.3989999999967395
1.0109999999976438 1.3989999999967395 2.2729999999947026
1.3989999999967395 2.2729999999947026 1.2859999999970029
2.2729999999947026 1.2859999999970029 2.331000000001808
1.2859999999970029 2.331000000001808 0.9100000000043451
2.331000000001808 0.9100000000043451 1.9920000000095115
0.9100000000043451 1.9920000000095115 2.0850000000099556
1.9920000000095115 2.0850000000099556 1.546000000007382
2.0850000000099556 1.546000000007382 0.7880000000037626
1.546000000007382 0.7880000000037626 1.2330000000058874
0.7880000000037626 1.2330000000058874 1.7120000000081745
1.2330000000058874 1.7120000000081745 0.8340000000039822
1.7120000000081745 0.8340000000039822 1.4630000000069856
0.8340000000039822 1.4630000000069856 0.8820000000042114
1.4630000000069856 0.8820000000042114 1.6840000000080408
0.8820000000042114 1.6840000000080408 0.9440000000045075
1.6840000000080408 0.9440000000045075 0.9960000000047557
0.9440000000045075 0.9960000000047557 0.857000000004092
0.9960000000047557 0.857000000004092 1.4680000000070095
0.857000000004092 1.4680000000070095 1.039000000004961
1.4680000000070095 1.039000000004961 1.213000000005792
1.039000000004961 1.213000000005792 0.9490000000045313
1.213000000005792 0.9490000000045313 1.457000000006957
0.9490000000045313 1.457000000006957 1.0410000000049706
1.457000000006957 1.0410000000049706 2.0320000000097025
1.0410000000049706 2.0320000000097025 1.5330000000073198
2.0320000000097025 1.5330000000073198 0.795000000003796
1.5330000000073198 0.795000000003796 1.3600000000064938
0.795000000003796 1.3600000000064938 1.6810000000080265
1.3600000000064938 1.6810000000080265 0.7440000000035525
1.6810000000080265 0.7440000000035525 0.7500000000035811
0.7440000000035525 0.7500000000035811 0.9710000000046364
0.7500000000035811 0.9710000000046364 0.9160000000043738
0.9710000000046364 0.9160000000043738 0.866000000004135
0.9160000000043738 0.866000000004135 1.559000000007444
0.866000000004135 1.559000000007444 1.4000000000066848
1.559000000007444 1.4000000000066848 1.666000000007955
1.4000000000066848 1.666000000007955 0.7480000000035716
1.666000000007955 0.7480000000035716 0.7520000000035907
0.7480000000035716 0.7520000000035907 0.9910000000047319
0.7520000000035907 0.9910000000047319 0.9880000000047175
0.9910000000047319 0.9880000000047175 1.0510000000050184
0.9880000000047175 1.0510000000050184 1.2600000000060163
1.0510000000050184 1.2600000000060163 0.9830000000046937
1.2600000000060163 0.9830000000046937 1.4440000000068949
0.9830000000046937 1.4440000000068949 0.9180000000043833
1.4440000000068949 0.9180000000043833 1.4770000000070524
0.9180000000043833 1.4770000000070524 0.7880000000037626
1.4770000000070524 0.7880000000037626 1.186000000005663
0.7880000000037626 1.186000000005663 1.0010000000047796
1.186000000005663 1.0010000000047796 1.3830000000066036
1.0010000000047796 1.3830000000066036 0.8890000000042448
1.3830000000066036 0.8890000000042448 1.6780000000080122
0.8890000000042448 1.6780000000080122 1.8910000000090292
1.6780000000080122 1.8910000000090292 1.7800000000084992
1.8910000000090292 1.7800000000084992 1.3480000000064365
1.7800000000084992 1.3480000000064365 2.2100000000105524
1.3480000000064365 2.2100000000105524 0.884000000004221
2.2100000000105524 0.884000000004221 1.6800000000080217
0.884000000004221 1.6800000000080217 1.892000000009034
1.6800000000080217 1.892000000009034 1.9820000000094637
1.892000000009034 1.9820000000094637 1.2360000000059017
1.9820000000094637 1.2360000000059017 0.9180000000043833
1.2360000000059017 0.9180000000043833 1.1750000000056104
0.9180000000043833 1.1750000000056104 0.9480000000045266
1.1750000000056104 0.9480000000045266 1.4290000000068233
0.9480000000045266 1.4290000000068233 2.0800000000099317
1.4290000000068233 2.0800000000099317 1.0690000000051043
2.0800000000099317 1.0690000000051043 1.3360000000063792
1.0690000000051043 1.3360000000063792 1.857000000008867
1.3360000000063792 1.857000000008867 1.097000000005238
1.857000000008867 1.097000000005238 0.795000000003796
1.097000000005238 0.795000000003796 0.7810000000037292
0.795000000003796 0.7810000000037292 0.8540000000040777
0.7810000000037292 0.8540000000040777 1.5510000000074058
0.8540000000040777 1.5510000000074058 1.5290000000073007
1.5510000000074058 1.5290000000073007 1.5200000000072578
1.5290000000073007 1.5200000000072578 0.8120000000038772
1.5200000000072578 0.8120000000038772 1.1840000000056534
0.8120000000038772 1.1840000000056534 0.9730000000046459
1.1840000000056534 0.9730000000046459 1.5380000000073437
0.9730000000046459 1.5380000000073437 0.8360000000039918
1.5380000000073437 0.8360000000039918 1.2110000000057823
0.8360000000039918 1.2110000000057823 0.9690000000046268
1.2110000000057823 0.9690000000046268 1.4270000000068137
0.9690000000046268 1.4270000000068137 1.7470000000083417
1.4270000000068137 1.7470000000083417 0.7450000000035573
1.7470000000083417 0.7450000000035573 0.7440000000035525
0.7450000000035573 0.7440000000035525 0.8940000000042687
0.7440000000035525 0.8940000000042687 0.8760000000041828
0.8940000000042687 0.8760000000041828 0.7660000000036575
0.8760000000041828 0.7660000000036575 0.773000000003691
0.7660000000036575 0.773000000003691 0.8850000000042257
0.773000000003691 0.8850000000042257 1.408000000006723
0.8850000000042257 1.408000000006723 0.8620000000041159
1.408000000006723 0.8620000000041159 1.470000000007019
0.8620000000041159 1.470000000007019 1.5180000000072482
1.470000000007019 1.5180000000072482 1.7620000000084133
1.5180000000072482 1.7620000000084133 1.0290000000049133
1.7620000000084133 1.0290000000049133 2.186000000010438
1.0290000000049133 2.186000000010438 1.9290000000092107
2.186000000010438 1.9290000000092107 1.204000000005749
1.9290000000092107 1.204000000005749 2.1820000000104187
1.204000000005749 2.1820000000104187 0.9040000000043165
2.1820000000104187 0.9040000000043165 1.5130000000072243
0.9040000000043165 1.5130000000072243 0.9020000000043069
1.5130000000072243 0.9020000000043069 2.1520000000102755
0.9020000000043069 2.1520000000102755 1.3300000000063505
2.1520000000102755 1.3300000000063505 1.683000000008036
1.3300000000063505 1.683000000008036 0.764000000003648
1.683000000008036 0.764000000003648 0.7690000000036719
0.764000000003648 0.7690000000036719 0.897000000004283
0.7690000000036719 0.897000000004283 1.4590000000069665
0.897000000004283 1.4590000000069665 0.7970000000038056
1.4590000000069665 0.7970000000038056 1.0760000000051377
0.7970000000038056 1.0760000000051377 0.8820000000042114
1.0760000000051377 0.8820000000042114 1.4630000000069856
0.8820000000042114 1.4630000000069856 0.9700000000046316
1.4630000000069856 0.9700000000046316 1.4910000000071193
0.9700000000046316 1.4910000000071193 0.866000000004135
1.4910000000071193 0.866000000004135 1.3620000000065033
0.866000000004135 1.3620000000065033 1.697000000008103
1.3620000000065033 1.697000000008103 0.7430000000035477
1.697000000008103 0.7430000000035477 0.7490000000035764
0.7430000000035477 0.7490000000035764 0.9510000000045409
0.7490000000035764 0.9510000000045409 0.8890000000042448
0.9510000000045409 0.8890000000042448 0.8080000000038581
0.8890000000042448 0.8080000000038581 0.946000000004517
0.8080000000038581 0.946000000004517 2.0330000000097073
0.946000000004517 2.0330000000097073 1.0100000000048226
2.0330000000097073 1.0100000000048226 2.1530000000102802
1.0100000000048226 2.1530000000102802 0.9920000000047366
2.1530000000102802 0.9920000000047366 1.252000000005978
0.9920000000047366 1.252000000005978 1.603000000007654
1.252000000005978 1.603000000007654 0.7480000000035716
1.603000000007654 0.7480000000035716 0.8210000000039201
0.7480000000035716 0.8210000000039201 1.248000000005959
0.8210000000039201 1.248000000005959 0.9110000000043499
1.248000000005959 0.9110000000043499 1.501000000007167
0.9110000000043499 1.501000000007167 0.8550000000040825
1.501000000007167 0.8550000000040825 1.4870000000071002
0.8550000000040825 1.4870000000071002 1.5830000000075586
1.4870000000071002 1.5830000000075586 1.417000000006766
1.5830000000075586 1.417000000006766 1.5480000000073915
1.417000000006766 1.5480000000073915 1.492000000007124
1.5480000000073915 1.492000000007124 0.7680000000036671
1.492000000007124 0.7680000000036671 0.7740000000036957
0.7680000000036671 0.7740000000036957 0.875000000004178
0.7740000000036957 0.875000000004178 1.421000000006785
0.875000000004178 1.421000000006785 0.9090000000043403
1.421000000006785 0.9090000000043403 2.1390000000102134
0.9090000000043403 2.1390000000102134 1.4180000000067707
2.1390000000102134 1.4180000000067707 1.06600000000509
1.4180000000067707 1.06600000000509 2.025000000009669
1.06600000000509 2.025000000009669 1.5850000000075681
2.025000000009669 1.5850000000075681 0.755000000003605
1.5850000000075681 0.755000000003605 0.8410000000040156
0.755000000003605 0.8410000000040156 1.3699999999963381
0.8410000000040156 1.3699999999963381 0.8869999999790252
1.3699999999963381 0.8869999999790252 1.3579999999678876
0.8869999999790252 1.3579999999678876 1.8979999999551183
1.3579999999678876 1.8979999999551183 1.0689999999747215
1.8979999999551183 1.0689999999747215 0.7739999999816973
1.0689999999747215 0.7739999999816973 0.7529999999821939
0.7739999999816973 0.7529999999821939 0.8009999999810589
0.7529999999821939 0.8009999999810589 1.4389999999659722
0.8009999999810589 1.4389999999659722 0.8449999999800184
1.4389999999659722 0.8449999999800184 1.409999999966658
0.8449999999800184 1.409999999966658 0.8489999999799238
1.409999999966658 0.8489999999799238 2.1199999999498687
0.8489999999799238 2.1199999999498687 1.3809999999673437
2.1199999999498687 1.3809999999673437 1.905999999954929
1.3809999999673437 1.905999999954929 1.0709999999746742
1.905999999954929 1.0709999999746742 0.8249999999804913
1.0709999999746742 0.8249999999804913 0.7849999999814372
0.8249999999804913 0.7849999999814372 0.8509999999798765
0.7849999999814372 0.8509999999798765 1.5759999999627325
0.8509999999798765 1.5759999999627325 1.4629999999654046
1.5759999999627325 1.4629999999654046 1.5079999999643405
1.4629999999654046 1.5079999999643405 1.4999999999645297
1.5079999999643405 1.4999999999645297 0.7629999999819574
1.4999999999645297 0.7629999999819574 0.8059999999809406
0.7629999999819574 0.8059999999809406 1.3569999999679112
0.8059999999809406 1.3569999999679112 1.8299999999567262
1.3569999999679112 1.8299999999567262 1.1229999999734446
1.8299999999567262 1.1229999999734446 0.8119999999807987
1.1229999999734446 0.8119999999807987 0.8249999999804913
0.8119999999807987 0.8249999999804913 1.4729999999651682
0.8249999999804913 1.4729999999651682 0.857999999979711
1.4729999999651682 0.857999999979711 1.599999999962165
0.857999999979711 1.599999999962165 1.3739999999675092
1.599999999962165 1.3739999999675092 1.6769999999603442
1.3739999999675092 1.6769999999603442 1.4239999999663269
1.6769999999603442 1.4239999999663269 1.579999999962638
1.4239999999663269 1.579999999962638 1.5789999999626616
1.579999999962638 1.5789999999626616 1.4559999999655702
1.5789999999626616 1.4559999999655702 0.9049999999785996
1.4559999999655702 0.9049999999785996 1.3569999999679112
0.9049999999785996 1.3569999999679112 2.1079999999501524
1.3569999999679112 2.1079999999501524 1.021999999975833
2.1079999999501524 1.021999999975833 1.5699999999628744
1.021999999975833 1.5699999999628744 0.8279999999804204
1.5699999999628744 0.8279999999804204 0.9029999999786469
0.8279999999804204 0.9029999999786469 1.0699999999746979
0.9029999999786469 1.0699999999746979 1.0319999999755964
1.0699999999746979 1.0319999999755964 1.2339999999708198
1.0319999999755964 1.2339999999708198 1.112999999973681
1.2339999999708198 1.112999999973681 1.299999999969259
1.112999999973681 1.299999999969259 2.066999999951122
1.299999999969259 2.066999999951122 1.5779999999626853
2.066999999951122 1.5779999999626853 1.565999999962969
1.5779999999626853 1.565999999962969 1.409999999966658
1.565999999962969 1.409999999966658 1.5869999999624724
1.409999999966658 1.5869999999624724 0.7679999999818392
1.5869999999624724 0.7679999999818392 0.8089999999808697
0.7679999999818392 0.8089999999808697 1.2989999999692827
0.8089999999808697 1.2989999999692827 2.1619999999488755
1.2989999999692827 2.1619999999488755 2.239999999947031
2.1619999999488755 2.239999999947031 0.8909999999789306
2.239999999947031 0.8909999999789306 0.993999999976495
0.8909999999789306 0.993999999976495 2.270999999946298
0.993999999976495 2.270999999946298 1.0069999999761876
2.270999999946298 1.0069999999761876 0.8449999999800184
1.0069999999761876 0.8449999999800184 0.7649999999819102
0.8449999999800184 0.7649999999819102 0.7819999999815082
0.7649999999819102 0.7819999999815082 0.9789999999768497
0.7819999999815082 0.9789999999768497 1.4119999999666106
0.9789999999768497 1.4119999999666106 2.295999999945707
1.4119999999666106 2.295999999945707 0.8079999999808933
2.295999999945707 0.8079999999808933 1.007999999976164
0.8079999999808933 1.007999999976164 0.891999999978907
1.007999999976164 0.891999999978907 0.8979999999787651
0.891999999978907 0.8979999999787651 1.5409999999635602
0.8979999999787651 1.5409999999635602 1.576999999962709
1.5409999999635602 1.576999999962709 0.8199999999806096
1.576999999962709 0.8199999999806096 0.9589999999773227
0.8199999999806096 0.9589999999773227 1.0299999999756437
0.9589999999773227 1.0299999999756437 1.0189999999759038
1.0299999999756437 1.0189999999759038 1.3749999999674856
1.0189999999759038 1.3749999999674856 1.0179999999759275
1.3749999999674856 1.0179999999759275 1.5449999999634656
1.0179999999759275 1.5449999999634656 1.905999999954929
1.5449999999634656 1.905999999954929 2.347999999944477
1.905999999954929 2.347999999944477 0.8279999999804204
2.347999999944477 0.8279999999804204 2.0289999999520205
0.8279999999804204 2.0289999999520205 2.1699999999486863
2.0289999999520205 2.1699999999486863 0.7819999999815082
2.1699999999486863 0.7819999999815082 0.7439999999824067
0.7819999999815082 0.7439999999824067 0.7789999999815791
0.7439999999824067 0.7789999999815791 1.1509999999727825
0.7789999999815791 1.1509999999727825 1.1549999999726879
1.1509999999727825 1.1549999999726879 1.0179999999759275
1.1549999999726879 1.0179999999759275 0.8759999999792853
1.0179999999759275 0.8759999999792853 0.792999999981248
0.8759999999792853 0.792999999981248 0.8569999999797346
0.792999999981248 0.8569999999797346 1.7099999999595639
0.8569999999797346 1.7099999999595639 1.3599999999678403
1.7099999999595639 1.3599999999678403 2.0479999999515712
1.3599999999678403 2.0479999999515712 1.534999999963702
2.0479999999515712 1.534999999963702 1.4889999999647898
1.534999999963702 1.4889999999647898 1.426999999966256
1.4889999999647898 1.426999999966256 0.8559999999797583
1.426999999966256 0.8559999999797583 1.4109999999666343
0.8559999999797583 1.4109999999666343 0.8469999999799711
1.4109999999666343 0.8469999999799711 0.758999999982052
0.8469999999799711 0.758999999982052 0.7719999999817446
0.758999999982052 0.7719999999817446 1.4249999999663032
0.7719999999817446 1.4249999999663032 0.9029999999786469
1.4249999999663032 0.9029999999786469 0.8419999999800893
0.9029999999786469 0.8419999999800893 1.160999999972546
0.8419999999800893 1.160999999972546 0.9719999999770152
1.160999999972546 0.9719999999770152 1.4999999999645297
0.9719999999770152 1.4999999999645297 0.8619999999796164
1.4999999999645297 0.8619999999796164 1.4369999999660195
0.8619999999796164 1.4369999999660195 0.8469999999799711
1.4369999999660195 0.8469999999799711 1.6179999999617394
0.8469999999799711 1.6179999999617394 0.8009999999810589
1.6179999999617394 0.8009999999810589 1.9799999999531792
0.8009999999810589 1.9799999999531792 2.013999999952375
1.9799999999531792 2.013999999952375 2.106999999950176
2.013999999952375 2.106999999950176 1.0699999999746979
2.106999999950176 1.0699999999746979 1.1889999999718839
1.0699999999746979 1.1889999999718839 0.9409999999777483
1.1889999999718839 0.9409999999777483 1.449999999965712
0.9409999999777483 1.449999999965712 1.6129999999618576
1.449999999965712 1.6129999999618576 0.7459999999823594
1.6129999999618576 0.7459999999823594 0.8669999999794982
0.7459999999823594 0.8669999999794982 1.098999999974012
0.8669999999794982 1.098999999974012 1.0499999999751708
1.098999999974012 1.0499999999751708 1.1889999999718839
1.0499999999751708 1.1889999999718839 0.891999999978907
1.1889999999718839 0.891999999978907 1.5199999999640568
0.891999999978907 1.5199999999640568 0.8939999999788597
1.5199999999640568 0.8939999999788597 1.534999999963702
0.8939999999788597 1.534999999963702 1.6609999999607226
1.534999999963702 1.6609999999607226 1.3569999999679112
1.6609999999607226 1.3569999999679112 2.216999999947575
1.3569999999679112 2.216999999947575 0.9829999999767551
2.216999999947575 0.9829999999767551 1.2619999999701577
0.9829999999767551 1.2619999999701577 1.0399999999754073
1.2619999999701577 1.0399999999754073 2.0369999999518313
1.0399999999754073 2.0369999999518313 1.5549999999632291
2.0369999999518313 1.5549999999632291 0.7779999999816027
1.5549999999632291 0.7779999999816027 1.2439999999705833
0.7779999999816027 1.2439999999705833 0.9329999999779375
1.2439999999705833 0.9329999999779375 1.5929999999623305
0.9329999999779375 1.5929999999623305 0.7569999999820993
1.5929999999623305 0.7569999999820993 1.047999999975218
0.7569999999820993 1.047999999975218 0.9979999999764004
1.047999999975218 0.9979999999764004 1.73299999995902
0.9979999999764004 1.73299999995902 0.806999999980917
1.73299999995902 0.806999999980917 0.8539999999798056
0.806999999980917 0.8539999999798056 0.9579999999773463
0.8539999999798056 0.9579999999773463 0.7969999999811535
0.9579999999773463 0.7969999999811535 0.826999999980444
0.7969999999811535 0.826999999980444 1.47799999996505
0.826999999980444 1.47799999996505 0.9349999999778902
1.47799999996505 0.9349999999778902 2.038999999951784
0.9349999999778902 2.038999999951784 0.939999999977772
2.038999999951784 0.939999999977772 1.4879999999648135
0.939999999977772 1.4879999999648135 0.7789999999815791
1.4879999999648135 0.7789999999815791 0.8819999999791435
0.7789999999815791 0.8819999999791435 1.4659999999653337
0.8819999999791435 1.4659999999653337 1.7709999999581214
1.4659999999653337 1.7709999999581214 1.0889999999742486
1.7709999999581214 1.0889999999742486 0.7779999999816027
1.0889999999742486 0.7779999999816027 0.7679999999818392
0.7779999999816027 0.7679999999818392 0.8299999999803731
0.7679999999818392 0.8299999999803731 1.5019999999644824
0.8299999999803731 1.5019999999644824 0.7719999999817446
1.5019999999644824 0.7719999999817446 1.1629999999724987
0.7719999999817446 1.1629999999724987 1.0639999999748397
1.1629999999724987 1.0639999999748397 1.1539999999727115
1.0639999999748397 1.1539999999727115 1.1389999999730662
1.1539999999727115 1.1389999999730662 1.2779999999697793
1.1389999999730662 1.2779999999697793 2.17999999994845
1.2779999999697793 2.17999999994845 1.0019999999763058
2.17999999994845 1.0019999999763058 2.0429999999516895
1.0019999999763058 2.0429999999516895 2.0889999999506017
2.0429999999516895 2.0889999999506017 0.8489999999799238
2.0889999999506017 0.8489999999799238 0.7779999999816027
0.8489999999799238 0.7779999999816027 0.8159999999807042
0.7779999999816027 0.8159999999807042 1.4829999999649317
0.8159999999807042 1.4829999999649317 0.7879999999813663
1.4829999999649317 0.7879999999813663 0.9119999999784341
0.7879999999813663 0.9119999999784341 2.0769999999508855
0.9119999999784341 2.0769999999508855 1.4079999999667052
2.0769999999508855 1.4079999999667052 0.9799999999768261
1.4079999999667052 0.9799999999768261 1.5749999999627562
0.9799999999768261 1.5749999999627562 0.7599999999820284
1.5749999999627562 0.7599999999820284 1.0119999999760694
0.7599999999820284 1.0119999999760694 1.1789999999721203
1.0119999999760694 1.1789999999721203 0.9719999999770152
1.1789999999721203 0.9719999999770152 1.429999999966185
0.9719999999770152 1.429999999966185 1.5869999999624724
1.429999999966185 1.5869999999624724 1.4279999999662323
1.5869999999624724 1.4279999999662323 1.548999999963371
1.4279999999662323 1.548999999963371 1.5199999999640568
1.548999999963371 1.5199999999640568 1.800999999957412
1.5199999999640568 1.800999999957412 0.8049999999809643
1.800999999957412 0.8049999999809643 0.9499999999775355
0.8049999999809643 0.9499999999775355 0.8119999999807987
0.9499999999775355 0.8119999999807987 0.7609999999820047
0.8119999999807987 0.7609999999820047 0.7859999999814136
0.7609999999820047 0.7859999999814136 1.3519999999680863
0.7859999999814136 1.3519999999680863 1.0319999999755964
1.3519999999680863 1.0319999999755964 2.329999999944903
1.0319999999755964 2.329999999944903 0.809999999980846
2.329999999944903 0.809999999980846 0.9989999999763768
0.809999999980846 0.9989999999763768 0.840999999980113
0.9989999999763768 0.840999999980113 0.8129999999807751
0.840999999980113 0.8129999999807751 1.5229999999639858
0.8129999999807751 1.5229999999639858 0.7579999999820757
1.5229999999639858 0.7579999999820757 0.7529999999821939
0.7579999999820757 0.7529999999821939 0.8899999999789543
0.7529999999821939 0.8899999999789543 1.384999999967249
0.8899999999789543 1.384999999967249 0.9249999999781267
1.384999999967249 0.9249999999781267 1.9979999999527536
0.9249999999781267 1.9979999999527536 1.5329999999637494
1.9979999999527536 1.5329999999637494 2.075999999950909
1.5329999999637494 2.075999999950909 0.9269999999780794
2.075999999950909 0.9269999999780794 1.4969999999646006
0.9269999999780794 1.4969999999646006 1.7319999999590436
1.4969999999646006 1.7319999999590436 1.3059999999691172
1.7319999999590436 1.3059999999691172 2.043999999951666
1.3059999999691172 2.043999999951666 2.1019999999502943
2.043999999951666 2.1019999999502943 1.4339999999660904
2.1019999999502943 1.4339999999660904 2.1669999999487572
1.4339999999660904 2.1669999999487572 2.0239999999521388
2.1669999999487572 2.0239999999521388 2.043999999951666
2.0239999999521388 2.043999999951666 2.086999999950649
2.043999999951666 2.086999999950649 1.0999999999739885
2.086999999950649 1.0999999999739885 1.2989999999692827
1.0999999999739885 1.2989999999692827 2.2329999999471966
1.2989999999692827 2.2329999999471966 0.8999999999787178
2.2329999999471966 0.8999999999787178 2.154999999949041
0.8999999999787178 2.154999999949041 0.9859999999766842
2.154999999949041 0.9859999999766842 1.4679999999652864
0.9859999999766842 1.4679999999652864 2.3599999999441934
1.4679999999652864 2.3599999999441934 0.8029999999810116
2.3599999999441934 0.8029999999810116 1.984999999953061
0.8029999999810116 1.984999999953061 2.0349999999518786
1.984999999953061 2.0349999999518786 1.568999999962898
2.0349999999518786 1.568999999962898 1.939999999954125
1.568999999962898 1.939999999954125 1.0459999999752654
1.939999999954125 1.0459999999752654 1.6329999999613847
1.0459999999752654 1.6329999999613847 0.7429999999824304
1.6329999999613847 0.7429999999824304 0.8569999999797346
0.7429999999824304 0.8569999999797346 1.0319999999755964
0.8569999999797346 1.0319999999755964 0.877999999979238
1.0319999999755964 0.877999999979238 1.5469999999634183
0.877999999979238 1.5469999999634183 0.9329999999779375
1.5469999999634183 0.9329999999779375 1.701999999959753
0.9329999999779375 1.701999999959753 1.8539999999561587
1.701999999959753 1.8539999999561587 2.0659999999511456
1.8539999999561587 2.0659999999511456 1.6149999999618103
2.0659999999511456 1.6149999999618103 1.5329999999637494
1.6149999999618103 1.5329999999637494 1.4939999999646716
1.5329999999637494 1.4939999999646716 0.86099999997964
1.4939999999646716 0.86099999997964 1.3739999999675092
0.86099999997964 1.3739999999675092 0.9289999999780321
1.3739999999675092 0.9289999999780321 1.4879999999648135
0.9289999999780321 1.4879999999648135 0.7789999999815791
1.4879999999648135 0.7789999999815791 0.8899999999789543
0.7789999999815791 0.8899999999789543 1.449999999965712
0.8899999999789543 1.449999999965712 1.6099999999619286
1.449999999965712 1.6099999999619286 1.4009999999668707
1.6099999999619286 1.4009999999668707 2.1109999999500815
1.4009999999668707 2.1109999999500815 0.8149999999807278
2.1109999999500815 0.8149999999807278 0.826999999980444
0.8149999999807278 0.826999999980444 1.4729999999651682
0.826999999980444 1.4729999999651682 0.8819999999791435
1.4729999999651682 0.8819999999791435 1.5899999999624015
0.8819999999791435 1.5899999999624015 1.3009999999692354
1.5899999999624015 1.3009999999692354 0.9539999999774409
1.3009999999692354 0.9539999999774409 1.4249999999663032
0.9539999999774409 1.4249999999663032 1.582999999962567
1.4249999999663032 1.582999999962567 0.9609999999772754
1.582999999962567 0.9609999999772754 1.8939999999552128
0.9609999999772754 1.8939999999552128 1.7779999999579559
1.8939999999552128 1.7779999999579559 0.7549999999821466
1.7779999999579559 0.7549999999821466 0.7399999999825013
0.7549999999821466 0.7399999999825013 0.8389999999801603
0.7399999999825013 0.8389999999801603 0.9929999999765187
0.8389999999801603 0.9929999999765187 0.8139999999807515
0.9929999999765187 0.8139999999807515 0.8889999999789779
0.8139999999807515 0.8889999999789779 1.5909999999623778
0.8889999999789779 1.5909999999623778 1.4509999999656884
1.5909999999623778 1.4509999999656884 0.9079999999785286
1.4509999999656884 0.9079999999785286 1.3369999999683841
0.9079999999785286 1.3369999999683841 1.593999999962307
1.3369999999683841 1.593999999962307 1.579999999962638
1.593999999962307 1.579999999962638 1.3559999999679349
1.579999999962638 1.3559999999679349 1.610999999961905
1.3559999999679349 1.610999999961905 1.412999999966587
1.610999999961905 1.412999999966587 0.8669999999794982
1.412999999966587 0.8669999999794982 1.3899999999671309
0.8669999999794982 1.3899999999671309 0.9149999999783631
1.3899999999671309 0.9149999999783631 0.7509999999822412
0.9149999999783631 0.7509999999822412 0.7449999999823831
0.7509999999822412 0.7449999999823831 0.8949999999788361
0.7449999999823831 0.8949999999788361 0.9979999999764004
0.8949999999788361 0.9979999999764004 0.877999999979238
0.9979999999764004 0.877999999979238 1.6079999999619758
0.877999999979238 1.6079999999619758 1.2379999999707252
1.6079999999619758 1.2379999999707252 1.8259999999568208
1.2379999999707252 1.8259999999568208 1.245999999970536
1.8259999999568208 1.245999999970536 1.0999999999739885
1.245999999970536 1.0999999999739885 1.0909999999742013
1.0999999999739885 1.0909999999742013 0.8799999999791908
1.0909999999742013 0.8799999999791908 0.8879999999790016
0.8799999999791908 0.8879999999790016 1.5839999999625434
0.8879999999790016 1.5839999999625434 1.2439999999705833
1.5839999999625434 1.2439999999705833 1.0129999999760457
1.2439999999705833 1.0129999999760457 1.4239999999663269
1.0129999999760457 1.4239999999663269 0.9719999999770152
1.4239999999663269 0.9719999999770152 1.5839999999625434
0.9719999999770152 1.5839999999625434 1.449999999965712
1.5839999999625434 1.449999999965712 1.5339999999637257
1.449999999965712 1.5339999999637257 1.6099999999619286
1.5339999999637257 1.6099999999619286 1.3919999999670836
1.6099999999619286 1.3919999999670836 2.1089999999501288
1.3919999999670836 2.1089999999501288 0.8229999999805386
2.1089999999501288 0.8229999999805386 0.7799999999815554
0.8229999999805386 0.7799999999815554 0.8329999999803022
0.7799999999815554 0.8329999999803022 1.4819999999649554
0.8329999999803022 1.4819999999649554 1.4729999999651682
1.4819999999649554 1.4729999999651682 0.7879999999813663
1.4729999999651682 0.7879999999813663 0.8339999999802785
0.7879999999813663 0.8339999999802785 1.4929999999646952
0.8339999999802785 1.4929999999646952 1.4599999999654756
1.4929999999646952 1.4599999999654756 0.9419999999777247
1.4599999999654756 0.9419999999777247 1.446999999965783
0.9419999999777247 1.446999999965783 1.5609999999630872
1.446999999965783 1.5609999999630872 0.7699999999817919
1.5609999999630872 0.7699999999817919 1.1049999999738702
0.7699999999817919 1.1049999999738702 1.3149999999689044
1.1049999999738702 1.3149999999689044 0.7979999999811298
1.3149999999689044 0.7979999999811298 0.9699999999770625
0.7979999999811298 0.9699999999770625 0.7909999999812953
0.9699999999770625 0.7909999999812953 0.7779999999816027
0.7909999999812953 0.7779999999816027 0.8449999999800184
0.7779999999816027 0.8449999999800184 1.4859999999648608
0.8449999999800184 1.4859999999648608 1.4959999999646243
1.4859999999648608 1.4959999999646243 1.4379999999659958
1.4959999999646243 1.4379999999659958 1.2079999999714346
1.4379999999659958 1.2079999999714346 0.990999999976566
1.2079999999714346 0.990999999976566 0.8449999999800184
0.990999999976566 0.8449999999800184 0.758999999982052
0.8449999999800184 0.758999999982052 0.7699999999817919
0.758999999982052 0.7699999999817919 1.163999999972475
0.7699999999817919 1.163999999972475 1.299999999969259
1.163999999972475 1.299999999969259 1.973999999953321
1.299999999969259 1.973999999953321 1.9839999999530846
1.973999999953321 1.9839999999530846 2.0429999999516895
1.9839999999530846 2.0429999999516895 1.5749999999627562
2.0429999999516895 1.5749999999627562 1.5909999999623778
1.5749999999627562 1.5909999999623778 1.4829999999649317
1.5909999999623778 1.4829999999649317 0.8839999999790962
1.4829999999649317 0.8839999999790962 1.545999999963442
0.8839999999790962 1.545999999963442 0.809999999980846
1.545999999963442 0.809999999980846 0.9869999999766605
0.809999999980846 0.9869999999766605 0.8299999999803731
0.9869999999766605 0.8299999999803731 0.7939999999812244
0.8299999999803731 0.7939999999812244 0.8909999999789306
0.7939999999812244 0.8909999999789306 2.077999999950862
0.8909999999789306 2.077999999950862 0.9359999999778665
2.077999999950862 0.9359999999778665 1.4379999999659958
0.9359999999778665 1.4379999999659958 2.1739999999485917
1.4379999999659958 2.1739999999485917 0.9349999999778902
2.1739999999485917 0.9349999999778902 2.1329999999495612
0.9349999999778902 2.1329999999495612 1.0099999999761167
2.1329999999495612 1.0099999999761167 1.2989999999692827
1.0099999999761167 1.2989999999692827 0.95699999997737
1.2989999999692827 0.95699999997737 1.435999999966043
0.95699999997737 1.435999999966043 1.1089999999737756
1.435999999966043 1.1089999999737756 1.950999999953865
1.1089999999737756 1.950999999953865 2.1429999999493248
1.950999999953865 2.1429999999493248 0.9699999999770625
2.1429999999493248 0.9699999999770625 1.47799999996505
0.9699999999770625 1.47799999996505 0.8819999999791435
1.47799999996505 0.8819999999791435 1.3559999999679349
0.8819999999791435 1.3559999999679349 1.5919999999623542
1.3559999999679349 1.5919999999623542 1.4739999999651445
1.5919999999623542 1.4739999999651445 1.0039999999762586
1.4739999999651445 1.0039999999762586 1.344999999968195
1.0039999999762586 1.344999999968195 0.9209999999782212
1.344999999968195 0.9209999999782212 1.5079999999643405
0.9209999999782212 1.5079999999643405 0.8189999999806332
1.5079999999643405 0.8189999999806332 1.3549999999679585
0.8189999999806332 1.3549999999679585 1.5879999999624488
1.3549999999679585 1.5879999999624488 1.4629999999654046
1.5879999999624488 1.4629999999654046 1.1039999999738939
1.4629999999654046 1.1039999999738939 1.1139999999736574
1.1039999999738939 1.1139999999736574 0.8159999999807042
1.1139999999736574 0.8159999999807042 0.8159999999807042
0.8159999999807042 0.8159999999807042 1.4819999999649554
0.8159999999807042 1.4819999999649554 0.7799999999815554
1.4819999999649554 0.7799999999815554 0.8289999999803968
0.7799999999815554 0.8289999999803968 1.4769999999650736
0.8289999999803968 1.4769999999650736 1.0019999999763058
1.4769999999650736 1.0019999999763058 1.9379999999541724
1.0019999999763058 1.9379999999541724 1.9959999999528009
1.9379999999541724 1.9959999999528009 0.9509999999775118
1.9959999999528009 0.9509999999775118 0.8209999999805859
0.9509999999775118 0.8209999999805859 1.5439999999634892
0.8209999999805859 1.5439999999634892 0.7789999999815791
1.5439999999634892 0.7789999999815791 0.738999999982525
0.7789999999815791 0.738999999982525 0.7779999999816027
0.738999999982525 0.7779999999816027 1.0409999999753836
0.7779999999816027 1.0409999999753836 0.8459999999799948
1.0409999999753836 0.8459999999799948 0.925999999978103
0.8459999999799948 0.925999999978103 1.4859999999648608
0.925999999978103 1.4859999999648608 1.517999999964104
1.4859999999648608 1.517999999964104 0.8089999999808697
1.517999999964104 0.8089999999808697 1.361999999967793
0.8089999999808697 1.361999999967793 1.6929999999599659
1.361999999967793 1.6929999999599659 0.7399999999825013
1.6929999999599659 0.7399999999825013 0.7569999999820993
0.7399999999825013 0.7569999999820993 0.9799999999768261
0.7569999999820993 0.9799999999768261 0.8459999999799948
0.9799999999768261 0.8459999999799948 0.7969999999811535
0.8459999999799948 0.7969999999811535 0.9019999999786705
0.7969999999811535 0.9019999999786705 2.1789999999484735
0.9019999999786705 2.1789999999484735 0.8529999999798292
2.1789999999484735 0.8529999999798292 2.2539999999467
0.8529999999798292 2.2539999999467 1.0519999999751235
2.2539999999467 1.0519999999751235 1.0689999999747215
1.0519999999751235 1.0689999999747215 1.5889999999624251
1.0689999999747215 1.5889999999624251 0.8629999999795928
1.5889999999624251 0.8629999999795928 0.8679999999794745
0.8629999999795928 0.8679999999794745 1.2669999999700394
0.8679999999794745 1.2669999999700394 0.9189999999782685
1.2669999999700394 0.9189999999782685 2.0549999999514057
0.9189999999782685 2.0549999999514057 0.806999999980917
2.0549999999514057 0.806999999980917 0.9389999999777956
0.806999999980917 0.9389999999777956 2.0549999999514057
0.9389999999777956 2.0549999999514057 0.9469999999776064
2.0549999999514057 0.9469999999776064 1.9149999999547163
0.9469999999776064 1.9149999999547163 1.6009999999621414
1.9149999999547163 1.6009999999621414 2.089999999950578
1.6009999999621414 2.089999999950578 2.0409999999517368
2.089999999950578 2.0409999999517368 2.282999999946014
2.0409999999517368 2.282999999946014 0.8489999999799238
2.282999999946014 0.8489999999799238 2.1279999999496795
0.8489999999799238 2.1279999999496795 1.3889999999671545
2.1279999999496795 1.3889999999671545 1.630999999961432
1.3889999999671545 1.630999999961432 1.3919999999670836
1.630999999961432 1.3919999999670836 0.8929999999788834
1.3919999999670836 0.8929999999788834 0.7519999999822176
0.8929999999788834 0.7519999999822176 0.7499999999822649
0.7519999999822176 0.7499999999822649 0.925999999978103
0.7499999999822649 0.925999999978103 1.0939999999741303
0.925999999978103 1.0939999999741303 0.9829999999767551
1.0939999999741303 0.9829999999767551 1.3999999999668944
0.9829999999767551 1.3999999999668944 1.5919999999623542
1.3999999999668944 1.5919999999623542 0.7519999999822176
1.5919999999623542 0.7519999999822176 0.823999999980515
0.7519999999822176 0.823999999980515 1.531999999963773
0.823999999980515 1.531999999963773 0.8129999999807751
1.531999999963773 0.8129999999807751 1.0019999999763058
0.8129999999807751 1.0019999999763058 0.8349999999802549
1.0019999999763058 0.8349999999802549 0.8129999999807751
0.8349999999802549 0.8129999999807751 1.5189999999640804
0.8129999999807751 1.5189999999640804 0.7569999999820993
1.5189999999640804 0.7569999999820993 0.7549999999821466
0.7569999999820993 0.7549999999821466 0.8989999999787415
0.7549999999821466 0.8989999999787415 1.3429999999682423
0.8989999999787415 1.3429999999682423 0.8819999999791435
1.3429999999682423 0.8819999999791435 1.4409999999659249
0.8819999999791435 1.4409999999659249 0.8499999999799002
1.4409999999659249 0.8499999999799002 2.0309999999519732
0.8499999999799002 2.0309999999519732 1.5309999999637967
2.0309999999519732 1.5309999999637967 1.7279999999591382
1.5309999999637967 1.7279999999591382 1.3329999999684787
1.7279999999591382 1.3329999999684787 2.0379999999518077
1.3329999999684787 2.0379999999518077 1.7339999999589963
2.0379999999518077 1.7339999999589963 1.81799999995701
1.7339999999589963 1.81799999995701 2.2899999999458487
1.81799999995701 2.2899999999458487 0.8789999999792144
2.2899999999458487 0.8789999999792144 0.9129999999784104
0.8789999999792144 0.9129999999784104 1.2959999999693537
0.9129999999784104 1.2959999999693537 2.151999999949112
1.2959999999693537 2.151999999949112 0.9419999999777247
2.151999999949112 0.9419999999777247 1.429999999966185
0.9419999999777247 1.429999999966185 2.010999999952446
1.429999999966185 2.010999999952446 1.1009999999739648
2.010999999952446 1.1009999999739648 1.6089999999619522
1.1009999999739648 1.6089999999619522 0.7469999999823358
1.6089999999619522 0.7469999999823358 0.8519999999798529
0.7469999999823358 0.8519999999798529 1.140999999973019
0.8519999999798529 1.140999999973019 0.9869999999766605
1.140999999973019 0.9869999999766605 1.5029999999644588
0.9869999999766605 1.5029999999644588 0.8589999999796873
1.5029999999644588 0.8589999999796873 2.0799999999508145
0.8589999999796873 2.0799999999508145 1.4419999999659012
2.0799999999508145 1.4419999999659012 2.2639999999464635
1.4419999999659012 2.2639999999464635 0.8759999999792853
2.2639999999464635 0.8759999999792853 2.1109999999500815
0.8759999999792853 2.1109999999500815 1.1319999999732318
2.1109999999500815 1.1319999999732318 2.324999999945021
1.1319999999732318 2.324999999945021 1.8099999999571992
2.324999999945021 1.8099999999571992 1.3399999999683132
1.8099999999571992 1.3399999999683132 0.9169999999783158
1.3399999999683132 0.9169999999783158 1.5519999999633
0.9169999999783158 1.5519999999633 0.7789999999815791
1.5519999999633 0.7789999999815791 1.2749999999698503
0.7789999999815791 1.2749999999698503 0.9099999999784814
1.2749999999698503 0.9099999999784814 1.5309999999637967
0.9099999999784814 1.5309999999637967 1.5039999999644351
1.5309999999637967 1.5039999999644351 0.758999999982052
1.5039999999644351 0.758999999982052 0.7799999999815554
0.758999999982052 0.7799999999815554 1.384999999967249
0.7799999999815554 1.384999999967249 0.908999999978505
1.384999999967249 0.908999999978505 0.9799999999768261
0.908999999978505 0.9799999999768261 2.0429999999516895
0.9799999999768261 2.0429999999516895 1.4749999999651209
2.0429999999516895 1.4749999999651209 2.100999999950318
1.4749999999651209 2.100999999950318 1.5639999999630163
2.100999999950318 1.5639999999630163 0.8929999999788834
1.5639999999630163 0.8929999999788834 1.7589999999584052
0.8929999999788834 1.7589999999584052 1.2389999999707015
1.7589999999584052 1.2389999999707015 0.9859999999766842
1.2389999999707015 0.9859999999766842 2.029999999951997
0.9859999999766842 2.029999999951997 0.9169999999783158
2.029999999951997 0.9169999999783158 1.4889999999647898
0.9169999999783158 1.4889999999647898 1.4079999999667052
1.4889999999647898 1.4079999999667052 1.8479999999563006
1.4079999999667052 1.8479999999563006 1.1119999999737047
1.8479999999563006 1.1119999999737047 0.8229999999805386
1.1119999999737047 0.8229999999805386 0.8219999999805623
0.8229999999805386 0.8219999999805623 1.4719999999651918
0.8219999999805623 1.4719999999651918 0.8119999999807987
1.4719999999651918 0.8119999999807987 1.5499999999633474
0.8119999999807987 1.5499999999633474 0.7549999999821466
1.5499999999633474 0.7549999999821466 0.7449999999823831
0.7549999999821466 0.7449999999823831 0.8649999999795455
0.7449999999823831 0.8649999999795455 1.061999999974887
0.8649999999795455 1.061999999974887 0.9859999999766842
1.061999999974887 0.9859999999766842 1.3889999999671545
0.9859999999766842 1.3889999999671545 1.7249999999592092
1.3889999999671545 1.7249999999592092 1.4409999999659249
1.7249999999592092 1.4409999999659249 2.1329999999495612
1.4409999999659249 2.1329999999495612 1.4279999999662323
2.1329999999495612 1.4279999999662323 0.8669999999794982
1.4279999999662323 0.8669999999794982 2.1359999999494903
0.8669999999794982 2.1359999999494903 1.0029999999762822
2.1359999999494903 1.0029999999762822 1.4399999999659485
1.0029999999762822 1.4399999999659485 0.9159999999783395
1.4399999999659485 0.9159999999783395 1.333999999968455
0.9159999999783395 1.333999999968455 1.7399999999588545
1.333999999968455 1.7399999999588545 1.3809999999673437
1.7399999999588545 1.3809999999673437 2.222999999947433
1.3809999999673437 2.222999999947433 1.132999999973208
2.222999999947433 1.132999999973208 1.1799999999720967
1.132999999973208 1.1799999999720967 0.9449999999776537
1.1799999999720967 0.9449999999776537 1.1989999999716474
0.9449999999776537 1.1989999999716474 0.9449999999776537
1.1989999999716474 0.9449999999776537 1.4539999999656175
0.9449999999776537 1.4539999999656175 1.6259999999615502
1.4539999999656175 1.6259999999615502 0.7369999999825723
1.6259999999615502 0.7369999999825723 0.7819999999815082
0.7369999999825723 0.7819999999815082 0.9799999999768261
0.7819999999815082 0.9799999999768261 0.8019999999810352
0.9799999999768261 0.8019999999810352 0.7809999999815318
0.8019999999810352 0.7809999999815318 0.8479999999799475
0.7809999999815318 0.8479999999799475 1.5189999999640804
0.8479999999799475 1.5189999999640804 1.6049999999620468
1.5189999999640804 1.6049999999620468 1.273999999969874
1.6049999999620468 1.273999999969874 0.9999999999763531
1.273999999969874 0.9999999999763531 1.3769999999674383
0.9999999999763531 1.3769999999674383 0.891999999978907
1.3769999999674383 0.891999999978907 1.6039999999620704
0.891999999978907 1.6039999999620704 2.1499999999491592
1.6039999999620704 2.1499999999491592 0.8849999999790725
2.1499999999491592 0.8849999999790725 0.8619999999796164
0.8849999999790725 0.8619999999796164 1.3629999999677693
0.8619999999796164 1.3629999999677693 0.8959999999788124
1.3629999999677693 0.8959999999788124 2.0509999999515003
0.8959999999788124 2.0509999999515003 1.435999999966043
2.0509999999515003 1.435999999966043 2.0149999999523516
1.435999999966043 2.0149999999523516 1.0669999999747688
2.0149999999523516 1.0669999999747688 1.4539999999656175
1.0669999999747688 1.4539999999656175 0.9479999999775828
1.4539999999656175 0.9479999999775828 1.4889999999647898
0.9479999999775828 1.4889999999647898 1.4679999999652864
1.4889999999647898 1.4679999999652864 0.9159999999783395
1.4679999999652864 0.9159999999783395 1.4919999999647189
0.9159999999783395 1.4919999999647189 1.418999999966445
1.4919999999647189 1.418999999966445 1.8029999999573647
1.418999999966445 1.8029999999573647 1.160999999972546
1.8029999999573647 1.160999999972546 0.8469999999799711
1.160999999972546 0.8469999999799711 1.4309999999661613
0.8469999999799711 1.4309999999661613 0.8309999999803495
1.4309999999661613 0.8309999999803495 0.7569999999820993
0.8309999999803495 0.7569999999820993 0.7719999999817446
0.7569999999820993 0.7719999999817446 1.738999999958878
0.7719999999817446 1.738999999958878 0.8379999999801839
1.738999999958878 0.8379999999801839 0.7889999999813426
0.8379999999801839 0.7889999999813426 0.8859999999790489
0.7889999999813426 0.8859999999790489 0.7669999999818629
0.8859999999790489 0.7669999999818629 0.7369999999825723
0.7669999999818629 0.7369999999825723 0.7909999999812953
0.7369999999825723 0.7909999999812953 1.0029999999762822
0.7909999999812953 1.0029999999762822 0.8109999999808224
1.0029999999762822 0.8109999999808224 0.8149999999807278
0.8109999999808224 0.8149999999807278 1.4869999999648371
0.8149999999807278 1.4869999999648371 0.7739999999816973
1.4869999999648371 0.7739999999816973 0.8149999999807278
0.7739999999816973 0.8149999999807278 1.4919999999647189
0.8149999999807278 1.4919999999647189 0.772999999981721
1.4919999999647189 0.772999999981721 0.9589999999773227
0.772999999981721 0.9589999999773227 1.3359999999684078
0.9589999999773227 1.3359999999684078 0.8519999999798529
1.3359999999684078 0.8519999999798529 1.4219999999663742
0.8519999999798529 1.4219999999663742 2.043999999951666
1.4219999999663742 2.043999999951666 2.0859999999506726
2.043999999951666 2.0859999999506726 1.1309999999732554
2.0859999999506726 1.1309999999732554 1.273999999969874
1.1309999999732554 1.273999999969874 2.199999999947977
1.273999999969874 2.199999999947977 0.9189999999782685
2.199999999947977 0.9189999999782685 1.4719999999651918
0.9189999999782685 1.4719999999651918 0.9199999999782449
1.4719999999651918 0.9199999999782449 2.1699999999486863
0.9199999999782449 2.1699999999486863 0.8629999999795928
2.1699999999486863 0.8629999999795928 1.4279999999662323
0.8629999999795928 1.4279999999662323 0.8529999999798292
1.4279999999662323 0.8529999999798292 1.4379999999659958
0.8529999999798292 1.4379999999659958 0.8499999999799002
1.4379999999659958 0.8499999999799002 1.5079999999643405
0.8499999999799002 1.5079999999643405 0.8229999999805386
1.5079999999643405 0.8229999999805386 0.9249999999781267
0.8229999999805386 0.9249999999781267 1.0539999999750762
0.9249999999781267 1.0539999999750762 1.0209999999758566
1.0539999999750762 1.0209999999758566 1.2789999999697557
1.0209999999758566 1.2789999999697557 0.9849999999767078
1.2789999999697557 0.9849999999767078 1.5509999999633237
0.9849999999767078 1.5509999999633237 0.8479999999799475
1.5509999999633237 0.8479999999799475 2.024999999952115
0.8479999999799475 2.024999999952115 1.593999999962307
2.024999999952115 1.593999999962307 2.049999999951524
1.593999999962307 2.049999999951524 0.9529999999774645
2.049999999951524 0.9529999999774645 2.0569999999513584
0.9529999999774645 2.0569999999513584 0.8169999999806805
2.0569999999513584 0.8169999999806805 0.7659999999818865
0.8169999999806805 0.7659999999818865 0.7969999999811535
0.7659999999818865 0.7969999999811535 1.3039999999691645
0.7969999999811535 1.3039999999691645 1.8139999999571046
1.3039999999691645 1.8139999999571046 1.2279999999709617
1.8139999999571046 1.2279999999709617 1.109999999973752
1.2279999999709617 1.109999999973752 1.2919999999694483
1.109999999973752 1.2919999999694483 2.111999999950058
1.2919999999694483 2.111999999950058 1.5789999999626616
2.111999999950058 1.5789999999626616 0.7629999999819574
1.5789999999626616 0.7629999999819574 0.8149999999807278
0.7629999999819574 0.8149999999807278 1.364999999967722
0.8149999999807278 1.364999999967722 1.9599999999536521
1.364999999967722 1.9599999999536521 1.3409999999682896
1.9599999999536521 1.3409999999682896 1.1199999999735155
1.3409999999682896 1.1199999999735155 2.151999999949112
1.1199999999735155 2.151999999949112 1.8869999999553784
2.151999999949112 1.8869999999553784 1.2919999999694483
1.8869999999553784 1.2919999999694483 2.0369999999518313
1.2919999999694483 2.0369999999518313 2.09499999995046
2.0369999999518313 2.09499999995046 0.8829999999791198
2.09499999995046 0.8829999999791198 1.3709999999675802
0.8829999999791198 1.3709999999675802 0.9039999999786232
1.3709999999675802 0.9039999999786232 1.1219999999734682
0.9039999999786232 1.1219999999734682 1.3539999999679821
1.1219999999734682 1.3539999999679821 2.013999999952375
1.3539999999679821 2.013999999952375 2.109999999950105
2.013999999952375 2.109999999950105 1.0669999999747688
2.109999999950105 1.0669999999747688 1.191999999971813
1.0669999999747688 1.191999999971813 0.9409999999777483
1.191999999971813 0.9409999999777483 1.4519999999656648
0.9409999999777483 1.4519999999656648 1.627999999961503
1.4519999999656648 1.627999999961503 0.7439999999824067
1.627999999961503 0.7439999999824067 0.8599999999796637
0.7439999999824067 0.8599999999796637 1.04199999997536
0.8599999999796637 1.04199999997536 0.9029999999786469
1.04199999997536 0.9029999999786469 1.5879999999624488
0.9029999999786469 1.5879999999624488 0.9029999999786469
1.5879999999624488 0.9029999999786469 1.4279999999662323
0.9029999999786469 1.4279999999662323 0.8459999999799948
1.4279999999662323 0.8459999999799948 1.1709999999723095
0.8459999999799948 1.1709999999723095 1.0339999999755491
1.1709999999723095 1.0339999999755491 1.2229999999710799
1.0339999999755491 1.2229999999710799 1.1649999999724514
1.2229999999710799 1.1649999999724514 0.990999999976566
1.1649999999724514 0.990999999976566 0.9049999999785996
0.990999999976566 0.9049999999785996 0.7999999999810825
0.9049999999785996 0.7999999999810825 0.8739999999793326
0.7999999999810825 0.8739999999793326 1.8819999999554966
0.8739999999793326 1.8819999999554966 1.0329999999755728
1.8819999999554966 1.0329999999755728 1.0399999999754073
1.0329999999755728 1.0399999999754073 1.511999999964246
1.0399999999754073 1.511999999964246 1.0459999999752654
1.511999999964246 1.0459999999752654 2.256999999946629
1.0459999999752654 2.256999999946629 1.6419999999611719
2.256999999946629 1.6419999999611719 0.809999999980846
1.6419999999611719 0.809999999980846 1.0639999999748397
0.809999999980846 1.0639999999748397 1.8819999999554966
1.0639999999748397 1.8819999999554966 2.16899999994871
1.8819999999554966 2.16899999994871 0.9329999999779375
2.16899999994871 0.9329999999779375 1.5169999999641277
0.9329999999779375 1.5169999999641277 1.8059999999572938
1.5169999999641277 1.8059999999572938 1.1939999999717656
1.8059999999572938 1.1939999999717656 0.9859999999766842
1.1939999999717656 0.9859999999766842 2.024999999952115
0.9859999999766842 2.024999999952115 0.8189999999806332
2.024999999952115 0.8189999999806332 1.5529999999632764
0.8189999999806332 1.5529999999632764 0.7719999999817446
1.5529999999632764 0.7719999999817446 0.738999999982525
0.7719999999817446 0.738999999982525 0.7869999999813899
0.738999999982525 0.7869999999813899 1.038999999975431
0.7869999999813899 1.038999999975431 0.8389999999801603
1.038999999975431 0.8389999999801603 0.9279999999780557
0.8389999999801603 0.9279999999780557 1.4969999999646006
0.9279999999780557 1.4969999999646006 1.4919999999647189
1.4969999999646006 1.4919999999647189 0.8419999999800893
1.4919999999647189 0.8419999999800893 1.463999999965381
0.8419999999800893 1.463999999965381 0.7969999999811535
1.463999999965381 0.7969999999811535 1.395999999966989
0.7969999999811535 1.395999999966989 0.8929999999788834
1.395999999966989 0.8929999999788834 1.531999999963773
0.8929999999788834 1.531999999963773 0.755999999982123
1.531999999963773 0.755999999982123 1.0369999999754782
0.755999999982123 1.0369999999754782 1.0009999999763295
1.0369999999754782 1.0009999999763295 1.5229999999639858
1.0009999999763295 1.5229999999639858 0.9039999999786232
1.5229999999639858 0.9039999999786232 2.097999999950389
0.9039999999786232 2.097999999950389 1.5699999999628744
2.097999999950389 1.5699999999628744 0.7629999999819574
1.5699999999628744 0.7629999999819574 0.8989999999787415
0.7629999999819574 0.8989999999787415 1.2919999999694483
0.8989999999787415 1.2919999999694483 1.7229999999592565
1.2919999999694483 1.7229999999592565 1.3999999999668944
1.7229999999592565 1.3999999999668944 2.414999999942893
1.3999999999668944 2.414999999942893 0.9079999999785286
2.414999999942893 0.9079999999785286 0.9099999999784814
0.9079999999785286 0.9099999999784814 0.7689999999818156
0.9099999999784814 0.7689999999818156 0.7639999999819338
0.7689999999818156 0.7639999999819338 0.8399999999801366
0.7639999999819338 0.8399999999801366 1.3639999999677457
0.8399999999801366 1.3639999999677457 2.236999999947102
1.3639999999677457 2.236999999947102 0.8689999999794509
2.236999999947102 0.8689999999794509 2.185999999948308
0.8689999999794509 2.185999999948308 1.4079999999667052
2.185999999948308 1.4079999999667052 0.9959999999764477
1.4079999999667052 0.9959999999764477 1.4959999999646243
0.9959999999764477 1.4959999999646243 1.4769999999650736
1.4959999999646243 1.4769999999650736 1.098999999974012
1.4769999999650736 1.098999999974012 1.1429999999729716
1.098999999974012 1.1429999999729716 0.8389999999801603
1.1429999999729716 0.8389999999801603 1.4459999999658066
0.8389999999801603 1.4459999999658066 0.8259999999804677
1.4459999999658066 0.8259999999804677 0.9409999999777483
0.8259999999804677 0.9409999999777483 2.0039999999526117
0.9409999999777483 2.0039999999526117 0.9789999999768497
2.0039999999526117 0.9789999999768497 1.4989999999645534
0.9789999999768497 1.4989999999645534 1.4969999999646006
1.4989999999645534 1.4969999999646006 1.3909999999671072
1.4969999999646006 1.3909999999671072 1.0149999999759984
1.3909999999671072 1.0149999999759984 1.3859999999672254
1.0149999999759984 1.3859999999672254 1.6299999999614556
1.3859999999672254 1.6299999999614556 0.7869999999813899
1.6299999999614556 0.7869999999813899 0.8449999999800184
0.7869999999813899 0.8449999999800184 1.5329999999637494
0.8449999999800184 1.5329999999637494 1.5569999999631818
1.5329999999637494 1.5569999999631818 1.429999999966185
1.5569999999631818 1.429999999966185 0.8739999999793326
1.429999999966185 0.8739999999793326 2.3029999999455413
0.8739999999793326 2.3029999999455413 0.8889999999789779
2.3029999999455413 0.8889999999789779 1.1089999999737756
0.8889999999789779 1.1089999999737756 1.1829999999720258
1.1089999999737756 1.1829999999720258 1.2779999999697793
1.1829999999720258 1.2779999999697793 2.0059999999525644
1.2779999999697793 2.0059999999525644 2.2129999999476695
2.0059999999525644 2.2129999999476695 0.9329999999779375
2.2129999999476695 0.9329999999779375 1.310999999968999
0.9329999999779375 1.310999999968999 1.5579999999631582
1.310999999968999 1.5579999999631582 1.5529999999632764
1.5579999999631582 1.5529999999632764 0.7739999999816973
1.5529999999632764 0.7739999999816973 0.738999999982525
0.7739999999816973 0.738999999982525 0.7849999999814372
0.738999999982525 0.7849999999814372 1.0339999999755491
0.7849999999814372 1.0339999999755491 0.8359999999802312
1.0339999999755491 0.8359999999802312 0.8969999999787888
0.8359999999802312 0.8969999999787888 1.5399999999635838
0.8969999999787888 1.5399999999635838 1.4479999999657593
1.5399999999635838 1.4479999999657593 0.9459999999776301
1.4479999999657593 0.9459999999776301 2.1169999999499396
0.9459999999776301 2.1169999999499396 0.7869999999813899
2.1169999999499396 0.7869999999813899 0.7439999999824067
0.7869999999813899 0.7439999999824067 0.7739999999816973
0.7439999999824067 0.7739999999816973 1.129999999973279
0.7739999999816973 1.129999999973279 1.0779999999745087
1.129999999973279 1.0779999999745087 1.3119999999689753
1.0779999999745087 1.3119999999689753 2.3569999999442643
1.3119999999689753 2.3569999999442643 0.8299999999803731
2.3569999999442643 0.8299999999803731 2.0179999999522806
0.8299999999803731 2.0179999999522806 2.1429999999493248
2.0179999999522806 2.1429999999493248 0.976999999976897
2.1429999999493248 0.976999999976897 1.418999999966445
0.976999999976897 1.418999999966445 0.9949999999764714
1.418999999966445 0.9949999999764714 2.2899999999458487
0.9949999999764714 2.2899999999458487 1.2499999999704414
2.2899999999458487 1.2499999999704414 2.086999999950649
1.2499999999704414 2.086999999950649 1.6129999999618576
2.086999999950649 1.6129999999618576 1.7489999999586416
1.6129999999618576 1.7489999999586416 1.0799999999744614
1.7489999999586416 1.0799999999744614 2.1569999999489937
1.0799999999744614 2.1569999999489937 1.7289999999591146
2.1569999999489937 1.7289999999591146 1.4789999999650263
1.7289999999591146 1.4789999999650263 0.8849999999790725
1.4789999999650263 0.8849999999790725 1.3779999999674146
0.8849999999790725 1.3779999999674146 0.8949999999788361
1.3779999999674146 0.8949999999788361 1.5889999999624251
0.8949999999788361 1.5889999999624251 0.7549999999821466
1.5889999999624251 0.7549999999821466 0.9639999999772044
