1.0961999999998793 0.9944000000013542 1.3798000000027382
0.9944000000013542 1.3798000000027382 2.0219999999952876
1.3798000000027382 2.0219999999952876 1.018599999997626
2.0219999999952876 1.018599999997626 0.7509999999982497
1.018599999997626 0.7509999999982497 0.739299999998277
0.7509999999982497 0.739299999998277 0.8494999999980202
0.739299999998277 0.8494999999980202 0.950399999997785
0.8494999999980202 0.950399999997785 0.78949999999816
0.950399999997785 0.78949999999816 0.805399999998123
0.78949999999816 0.805399999998123 1.553699999996379
0.805399999998123 1.553699999996379 0.7427999999982688
1.553699999996379 0.7427999999982688 0.7670999999982122
0.7427999999982688 0.7670999999982122 1.0939999999974521
0.7670999999982122 1.0939999999974521 0.9560999999977717
1.0939999999974521 0.9560999999977717 1.5749999999963293
0.9560999999977717 1.5749999999963293 0.8461999999980279
1.5749999999963293 0.8461999999980279 1.705199999996026
0.8461999999980279 1.705199999996026 0.7880999999981633
1.705199999996026 0.7880999999981633 0.8189999999980913
0.7880999999981633 0.8189999999980913 0.8987999999979053
0.8189999999980913 0.8987999999979053 0.7622999999982234
0.8987999999979053 0.7622999999982234 0.7453999999982628
0.7622999999982234 0.7453999999982628 0.8157999999980987
0.7453999999982628 0.8157999999980987 1.174799999997262
0.8157999999980987 1.174799999997262 0.9816999999977121
1.174799999997262 0.9816999999977121 1.6384999999961813
0.9816999999977121 1.6384999999961813 0.8153999999980996
1.6384999999961813 0.8153999999980996 1.9995000000182195
0.8153999999980996 1.9995000000182195 2.0795000000690322
1.9995000000182195 2.0795000000690322 1.4357000000476603
2.0795000000690322 1.4357000000476603 2.006800000066619
1.4357000000476603 2.006800000066619 1.2336000000409513
2.006800000066619 1.2336000000409513 0.9062000000300827
1.2336000000409513 0.9062000000300827 1.081800000035912
0.9062000000300827 1.081800000035912 1.015500000033711
1.081800000035912 1.015500000033711 1.3611000000451838
1.015500000033711 1.3611000000451838 2.126700000070599
1.3611000000451838 2.126700000070599 1.031400000034239
2.126700000070599 1.031400000034239 1.2297000000408218
1.031400000034239 1.2297000000408218 1.1004000000365295
1.2297000000408218 1.1004000000365295 1.07270000003561
1.1004000000365295 1.07270000003561 0.9582000000318089
1.07270000003561 0.9582000000318089 1.075200000035693
0.9582000000318089 1.075200000035693 1.171900000038903
1.075200000035693 1.171900000038903 0.8724000000289607
1.171900000038903 0.8724000000289607 1.5293000000507675
0.8724000000289607 1.5293000000507675 0.9627000000319583
1.5293000000507675 0.9627000000319583 1.4404000000478163
0.9627000000319583 1.4404000000478163 1.4828000000492239
1.4404000000478163 1.4828000000492239 1.4755000000489815
1.4828000000492239 1.4755000000489815 0.7802000000259
1.4755000000489815 0.7802000000259 0.772400000025641
0.7802000000259 0.772400000025641 0.8376000000278054
0.772400000025641 0.8376000000278054 1.457200000048367
0.8376000000278054 1.457200000048367 0.857500000028466
1.457200000048367 0.857500000028466 1.597000000053015
0.857500000028466 1.597000000053015 1.8872000000626485
1.597000000053015 1.8872000000626485 1.6591000000550764
1.8872000000626485 1.6591000000550764 0.7980000000264909
1.6591000000550764 0.7980000000264909 0.8914000000295914
0.7980000000264909 0.8914000000295914 2.050700000068076
0.8914000000295914 2.050700000068076 0.9493000000315135
2.050700000068076 0.9493000000315135 1.4075000000467242
0.9493000000315135 1.4075000000467242 2.122300000070453
1.4075000000467242 2.122300000070453 1.7316000000574832
2.122300000070453 1.7316000000574832 1.5220000000505252
1.7316000000574832 1.5220000000505252 0.8605000000285656
1.5220000000505252 0.8605000000285656 1.1487000000381329
0.8605000000285656 1.1487000000381329 1.0836000000359718
1.1487000000381329 1.0836000000359718 1.123400000037293
1.0836000000359718 1.123400000037293 0.8645000000286984
1.123400000037293 0.8645000000286984 0.9412000000312446
0.8645000000286984 0.9412000000312446 1.4545000000482844
0.9412000000312446 1.4545000000482844 1.5144000000502729
1.4545000000482844 1.5144000000502729 1.728100000057367
1.5144000000502729 1.728100000057367 0.7419000000246285
1.728100000057367 0.7419000000246285 0.748300000024841
0.7419000000246285 0.748300000024841 0.8809000000292428
0.748300000024841 0.8809000000292428 0.8288000000275133
0.8809000000292428 0.8288000000275133 0.7457000000247547
0.8288000000275133 0.7457000000247547 0.7504000000249107
0.7457000000247547 0.7504000000249107 0.9797000000325227
0.7504000000249107 0.9797000000325227 0.962300000031945
0.9797000000325227 0.962300000031945 1.313300000043597
0.962300000031945 1.313300000043597 1.2872000000427306
1.313300000043597 1.2872000000427306 1.9766000000656163
1.2872000000427306 1.9766000000656163 2.012100000066795
1.9766000000656163 2.012100000066795 2.0518000000681127
2.012100000066795 2.0518000000681127 1.4533000000482446
2.0518000000681127 1.4533000000482446 2.2363000000742375
1.4533000000482446 2.2363000000742375 0.8701000000288843
2.2363000000742375 0.8701000000288843 1.3453000000446593
0.8701000000288843 1.3453000000446593 1.6056000000533004
1.3453000000446593 1.6056000000533004 1.4464000000480155
1.6056000000533004 1.4464000000480155 0.8624000000286287
1.4464000000480155 0.8624000000286287 0.7466000000247845
0.8624000000286287 0.7466000000247845 0.7466000000247845
0.7466000000247845 0.7466000000247845 0.9346000000310255
0.7466000000247845 0.9346000000310255 0.9616000000319218
0.9346000000310255 0.9616000000319218 0.882500000029296
0.9616000000319218 0.882500000029296 1.7711000000587944
0.882500000029296 1.7711000000587944 0.8593000000285258
1.7711000000587944 0.8593000000285258 0.960400000031882
0.8593000000285258 0.960400000031882 0.7859000000260892
0.960400000031882 0.7859000000260892 0.774600000025714
0.7859000000260892 0.774600000025714 0.8382000000278254
0.774600000025714 0.8382000000278254 1.4657000000486562
0.8382000000278254 1.4657000000486562 1.0776000000357726
1.4657000000486562 1.0776000000357726 1.9037000000631963
1.0776000000357726 1.9037000000631963 2.0984000000696597
1.9037000000631963 2.0984000000696597 1.5981000000530514
2.0984000000696597 1.5981000000530514 0.7500000000248974
1.5981000000530514 0.7500000000248974 0.9036000000299964
0.7500000000248974 0.9036000000299964 1.1627000000385976
0.9036000000299964 1.1627000000385976 0.9628000000319616
1.1627000000385976 0.9628000000319616 1.4548000000482944
0.9628000000319616 1.4548000000482944 0.8496000000282038
1.4548000000482944 0.8496000000282038 1.38930000004612
0.8496000000282038 1.38930000004612 2.112000000070111
1.38930000004612 2.112000000070111 1.5732000000522248
2.112000000070111 1.5732000000522248 0.7708000000255879
1.5732000000522248 0.7708000000255879 0.8285000000275033
0.7708000000255879 0.8285000000275033 1.4689000000487624
0.8285000000275033 1.4689000000487624 0.8020000000266236
1.4689000000487624 0.8020000000266236 1.3378000000444104
0.8020000000266236 1.3378000000444104 1.7269000000573271
1.3378000000444104 1.7269000000573271 1.4095000000467905
1.7269000000573271 1.4095000000467905 1.5611000000518231
1.4095000000467905 1.5611000000518231 0.777100000025797
1.5611000000518231 0.777100000025797 0.8614000000285955
0.777100000025797 0.8614000000285955 1.4748000000489583
0.8614000000285955 1.4748000000489583 1.5475000000513717
1.4748000000489583 1.5475000000513717 1.494100000049599
1.5475000000513717 1.494100000049599 1.0306000000342124
1.494100000049599 1.0306000000342124 2.0768000000689426
1.0306000000342124 2.0768000000689426 0.7579000000251597
2.0768000000689426 0.7579000000251597 0.7402000000245721
0.7579000000251597 0.7402000000245721 0.8258000000274137
0.7402000000245721 0.8258000000274137 1.0306000000342124
0.8258000000274137 1.0306000000342124 0.8423000000279615
1.0306000000342124 0.8423000000279615 1.4327000000475607
0.8423000000279615 1.4327000000475607 0.8161000000270917
1.4327000000475607 0.8161000000270917 0.7912000000262651
0.8161000000270917 0.7912000000262651 0.8893000000295217
0.7912000000262651 0.8893000000295217 2.0762000000689227
0.8893000000295217 2.0762000000689227 0.9500000000315367
2.0762000000689227 0.9500000000315367 1.4327000000475607
0.9500000000315367 1.4327000000475607 1.5878000000527095
1.4327000000475607 1.5878000000527095 0.7626000000253157
1.5878000000527095 0.7626000000253157 0.8005000000265738
0.7626000000253157 0.8005000000265738 1.3482000000447556
0.8005000000265738 1.3482000000447556 1.7681000000586948
1.3482000000447556 1.7681000000586948 1.3520000000448817
1.7681000000586948 1.3520000000448817 2.1932000000728067
1.3520000000448817 2.1932000000728067 0.8955000000297275
2.1932000000728067 0.8955000000297275 1.5234000000505716
0.8955000000297275 1.5234000000505716 1.4961000000496654
1.5234000000505716 1.4961000000496654 1.4570000000483674
1.4961000000496654 1.4570000000483674 1.2040000000399687
1.4570000000483674 1.2040000000399687 1.0271000000340962
1.2040000000399687 1.0271000000340962 0.8042000000266967
1.0271000000340962 0.8042000000266967 0.750500000024914
0.8042000000266967 0.750500000024914 0.7703000000255713
0.750500000024914 0.7703000000255713 1.2409000000411936
0.7703000000255713 1.2409000000411936 0.9438000000313309
1.2409000000411936 0.9438000000313309 1.5345000000509401
0.9438000000313309 1.5345000000509401 0.9319000000309359
1.5345000000509401 0.9319000000309359 2.09510000006955
0.9319000000309359 2.09510000006955 0.918500000030491
2.09510000006955 0.918500000030491 1.4474000000480487
0.918500000030491 1.4474000000480487 0.9250000000307068
1.4474000000480487 0.9250000000307068 2.1593000000716813
0.9250000000307068 2.1593000000716813 1.044900000034687
2.1593000000716813 1.044900000034687 1.2027000000399255
1.044900000034687 1.2027000000399255 0.9925000000329476
1.2027000000399255 0.9925000000329476 2.077600000068969
0.9925000000329476 2.077600000068969 1.7977000000596774
2.077600000068969 1.7977000000596774 0.8009000000265871
1.7977000000596774 0.8009000000265871 1.9756000000655831
0.8009000000265871 1.9756000000655831 2.004300000066536
1.9756000000655831 2.004300000066536 2.317800000076943
2.004300000066536 2.317800000076943 0.9923000000329409
2.317800000076943 0.9923000000329409 0.9177000000304645
0.9923000000329409 0.9177000000304645 0.8122000000269622
0.9177000000304645 0.8122000000269622 0.9690000000321675
0.8122000000269622 0.9690000000321675 1.9688000000653574
0.9690000000321675 1.9688000000653574 1.574500000052268
1.9688000000653574 1.574500000052268 0.857800000028476
1.574500000052268 0.857800000028476 1.6375000000543594
0.857800000028476 1.6375000000543594 1.3453000000446593
1.6375000000543594 1.3453000000446593 2.181400000072415
1.3453000000446593 2.181400000072415 0.9033000000299864
2.181400000072415 0.9033000000299864 1.5171000000503625
0.9033000000299864 1.5171000000503625 0.9348000000310321
1.5171000000503625 0.9348000000310321 2.096700000069603
0.9348000000310321 2.096700000069603 1.0838000000359784
2.096700000069603 1.0838000000359784 1.2910000000428568
1.0838000000359784 1.2910000000428568 1.4758000000489915
1.2910000000428568 1.4758000000489915 0.8281000000274901
1.4758000000489915 0.8281000000274901 1.4805000000491475
0.8281000000274901 1.4805000000491475 1.1393000000378208
1.4805000000491475 1.1393000000378208 1.7787000000590467
1.1393000000378208 1.7787000000590467 2.065700000068574
1.7787000000590467 2.065700000068574 1.9518999995811157
2.065700000068574 1.9518999995811157 1.138599999714188
1.9518999995811157 1.138599999714188 1.4212999996432245
1.138599999714188 1.4212999996432245 0.9862999997524184
1.4212999996432245 0.9862999997524184 1.5477999996114704
0.9862999997524184 1.5477999996114704 1.4988999996237453
1.5477999996114704 1.4988999996237453 1.4233999996426974
1.4988999996237453 1.4233999996426974 1.6917999995753235
1.4233999996426974 1.6917999995753235 1.421799999643099
1.6917999995753235 1.421799999643099 1.5424999996128008
1.421799999643099 1.5424999996128008 0.8964999997749601
1.5424999996128008 0.8964999997749601 2.0992999994730326
0.8964999997749601 2.0992999994730326 0.8958999997751107
2.0992999994730326 0.8958999997751107 1.5780999996038645
0.8958999997751107 1.5780999996038645 1.5809999996031365
1.5780999996038645 1.5809999996031365 1.624699999592167
1.5809999996031365 1.624699999592167 0.8196999997942385
1.624699999592167 0.8196999997942385 1.0020999997484523
0.8196999997942385 1.0020999997484523 0.8234999997932846
1.0020999997484523 0.8234999997932846 0.807399999797326
0.8234999997932846 0.807399999797326 1.8887999995258724
0.807399999797326 1.8887999995258724 0.7653999998078689
1.8887999995258724 0.7653999998078689 0.7403999998141444
0.7653999998078689 0.7403999998141444 0.7938999998007148
0.7403999998141444 0.7938999998007148 0.8533999997857791
0.7938999998007148 0.8533999997857791 0.7592999998094001
0.8533999997857791 0.7592999998094001 0.7361999998151987
0.7592999998094001 0.7361999998151987 0.8035999997982799
0.7361999998151987 0.8035999997982799 0.9115999997711697
0.8035999997982799 0.9115999997711697 0.7679999998072162
0.9115999997711697 0.7679999998072162 0.7452999998129144
0.7679999998072162 0.7452999998129144 0.798599999799535
0.7452999998129144 0.798599999799535 1.1922999997007082
0.798599999799535 1.1922999997007082 0.9756999997550793
1.1922999997007082 0.9756999997550793 1.5497999996109684
0.9756999997550793 1.5497999996109684 0.8273999997923056
1.5497999996109684 0.8273999997923056 1.1467999997121296
0.8273999997923056 1.1467999997121296 1.0965999997247309
1.1467999997121296 1.0965999997247309 1.0754999997300274
1.0965999997247309 1.0754999997300274 1.0381999997393905
1.0754999997300274 1.0381999997393905 1.7208999995680188
1.0381999997393905 1.7208999995680188 0.8286999997919793
1.7208999995680188 0.8286999997919793 0.8222999997935858
0.8286999997919793 0.8222999997935858 0.9712999997561838
0.8222999997935858 0.9712999997561838 0.7932999998008654
0.9712999997561838 0.7932999998008654 0.8003999997990832
0.7932999998008654 0.8003999997990832 1.0400999997389135
0.8003999997990832 1.0400999997389135 1.937199999513723
1.0400999997389135 1.937199999513723 2.2973999994233054
1.937199999513723 2.2973999994233054 0.9086999997718976
2.2973999994233054 0.9086999997718976 1.0948999997251576
0.9086999997718976 1.0948999997251576 1.2577999996842664
1.0948999997251576 1.2577999996842664 0.9996999997490548
1.2577999996842664 0.9996999997490548 0.8017999997987317
0.9996999997490548 0.8017999997987317 0.7425999998135921
0.8017999997987317 0.7425999998135921 0.759399999809375
0.7425999998135921 0.759399999809375 1.0508999997362025
0.759399999809375 1.0508999997362025 0.9246999997678813
1.0508999997362025 0.9246999997678813 1.324699999667473
0.9246999997678813 1.324699999667473 1.0264999997423274
1.324699999667473 1.0264999997423274 1.5698999996059229
1.0264999997423274 1.5698999996059229 0.8540999997856034
1.5698999996059229 0.8540999997856034 1.0203999997438586
0.8540999997856034 1.0203999997438586 1.1657999997073603
1.0203999997438586 1.1657999997073603 1.5654999996070273
1.1657999997073603 1.5654999996070273 1.475599999629594
1.5654999996070273 1.475599999629594 1.1269999997170999
1.475599999629594 1.1269999997170999 1.1080999997218441
1.1269999997170999 1.1080999997218441 0.7913999998013423
1.1080999997218441 0.7913999998013423 0.816199999795117
0.7913999998013423 0.816199999795117 1.4787999996287908
0.816199999795117 1.4787999996287908 0.7989999997994346
1.4787999996287908 0.7989999997994346 0.9957999997500337
0.7989999997994346 0.9957999997500337 1.9699999995054895
0.9957999997500337 1.9699999995054895 2.1298999994653514
1.9699999995054895 2.1298999994653514 0.826999999792406
2.1298999994653514 0.826999999792406 0.7514999998113581
0.826999999792406 0.7514999998113581 0.7641999998081701
0.7514999998113581 0.7641999998081701 1.1525999997106737
0.7641999998081701 1.1525999997106737 1.029899999741474
1.1525999997106737 1.029899999741474 1.0696999997314833
1.029899999741474 1.0696999997314833 2.037299999488596
1.0696999997314833 2.037299999488596 1.4322999996404633
2.037299999488596 1.4322999996404633 1.6093999995960075
1.4322999996404633 1.6093999995960075 0.7477999998122868
1.6093999995960075 0.7477999998122868 0.7834999998033254
0.7477999998122868 0.7834999998033254 1.2569999996844672
0.7834999998033254 1.2569999996844672 0.9185999997694125
1.2569999996844672 0.9185999997694125 1.5378999996139555
0.9185999997694125 1.5378999996139555 0.7898999998017189
1.5378999996139555 0.7898999998017189 1.3615999996582104
0.7898999998017189 1.3615999996582104 1.0407999997387378
1.3615999996582104 1.0407999997387378 2.0933999994745136
1.0407999997387378 2.0933999994745136 0.9366999997648691
2.0933999994745136 0.9366999997648691 1.4397999996385806
0.9366999997648691 1.4397999996385806 1.480699999628314
1.4397999996385806 1.480699999628314 0.7930999998009156
1.480699999628314 0.7930999998009156 0.9291999997667517
0.7930999998009156 0.9291999997667517 2.127399999465979
0.9291999997667517 2.127399999465979 1.1011999997235762
2.127399999465979 1.1011999997235762 1.260999999683463
1.1011999997235762 1.260999999683463 2.0268999994912065
1.260999999683463 2.0268999994912065 2.1598999994578207
2.0268999994912065 2.1598999994578207 0.9304999997664254
2.1598999994578207 0.9304999997664254 1.4567999996343133
0.9304999997664254 1.4567999996343133 2.1726999994546077
1.4567999996343133 2.1726999994546077 0.9542999997604511
2.1726999994546077 0.9542999997604511 2.04779999948596
0.9542999997604511 2.04779999948596 0.8192999997943389
2.04779999948596 0.8192999997943389 0.7841999998031497
0.8192999997943389 0.7841999998031497 0.8516999997862058
0.7841999998031497 0.8516999997862058 1.580499999603262
0.8516999997862058 1.580499999603262 1.4586999996338363
1.580499999603262 1.4586999996338363 1.5213999996180974
1.4586999996338363 1.5213999996180974 1.5282999996163653
1.5213999996180974 1.5282999996163653 1.5967999995991704
1.5282999996163653 1.5967999995991704 0.9598999997590454
1.5967999995991704 0.9598999997590454 1.5036999996225404
0.9598999997590454 1.5036999996225404 0.8216999997937364
1.5036999996225404 0.8216999997937364 0.9618999997585433
0.8216999997937364 0.9618999997585433 0.7980999997996605
0.9618999997585433 0.7980999997996605 0.7646999998080446
0.7980999997996605 0.7646999998080446 0.8018999997987066
0.7646999998080446 0.8018999997987066 1.337599999664235
0.8018999997987066 1.337599999664235 1.7267999995665377
1.337599999664235 1.7267999995665377 1.4117999996456092
1.7267999995665377 1.4117999996456092 1.5885999996012288
1.4117999996456092 1.5885999996012288 0.7532999998109062
1.5885999996012288 0.7532999998109062 0.8159999997951672
0.7532999998109062 0.8159999997951672 1.4204999996434253
0.8159999997951672 1.4204999996434253 0.8531999997858293
1.4204999996434253 0.8531999997858293 1.5684999996062743
0.8531999997858293 1.5684999996062743 0.7989999997994346
1.5684999996062743 0.7989999997994346 0.958299999759447
0.7989999997994346 0.958299999759447 0.8809999997788509
0.958299999759447 0.8809999997788509 0.8068999997974515
0.8809999997788509 0.8068999997974515 0.9527999997608276
0.8068999997974515 0.9527999997608276 2.01349999949457
0.9527999997608276 2.01349999949457 1.2337999996902909
2.01349999949457 1.2337999996902909 1.8986999995233873
1.2337999996902909 1.8986999995233873 2.0082999994958755
1.8986999995233873 2.0082999994958755 2.211399999444893
2.0082999994958755 2.211399999444893 1.3586999996589384
2.211399999444893 1.3586999996589384 1.6067999995966602
1.3586999996589384 1.6067999995966602 1.4102999996459857
1.6067999995966602 1.4102999996459857 0.8531999997858293
1.4102999996459857 0.8531999997858293 0.9003999997739811
0.8531999997858293 0.9003999997739811 1.5239999996174447
0.9003999997739811 1.5239999996174447 1.4429999996377774
1.5239999996174447 1.4429999996377774 0.9892999997516654
1.4429999996377774 0.9892999997516654 2.199799999447805
0.9892999997516654 2.199799999447805 1.2213999996934035
2.199799999447805 1.2213999996934035 1.877499999528709
1.2213999996934035 1.877499999528709 1.1681999997067578
1.877499999528709 1.1681999997067578 0.9071999997722742
1.1681999997067578 0.9071999997722742 1.447299999636698
0.9071999997722742 1.447299999636698 0.9606999997588446
1.447299999636698 0.9606999997588446 1.4174999996441784
0.9606999997588446 1.4174999996441784 1.5966999995991955
1.4174999996441784 1.5966999995991955 1.4899999996259794
1.5966999995991955 1.4899999996259794 0.8549999997853774
1.4899999996259794 0.8549999997853774 0.7438999998132658
0.8549999997853774 0.7438999998132658 0.7444999998131152
0.7438999998132658 0.7444999998131152 0.9125999997709187
0.7444999998131152 0.9125999997709187 0.898599999774433
0.9125999997709187 0.898599999774433 0.7875999998022962
0.898599999774433 0.7875999998022962 0.8246999997929834
0.7875999998022962 0.8246999997929834 1.4767999996292929
0.8246999997929834 1.4767999996292929 0.9126999997708936
1.4767999996292929 0.9126999997708936 2.2638999994317146
0.9126999997708936 2.2638999994317146 0.8212999997938368
2.2638999994317146 0.8212999997938368 0.8766999997799303
0.8212999997938368 0.8766999997799303 1.0225999997433064
0.8766999997799303 1.0225999997433064 0.8944999997754621
1.0225999997433064 0.8944999997754621 1.6453999995869708
0.8944999997754621 1.6453999995869708 0.8766999997799303
1.6453999995869708 0.8766999997799303 1.1284999997167233
0.8766999997799303 1.1284999997167233 1.140499999713711
1.1284999997167233 1.140499999713711 1.065099999732638
1.140499999713711 1.065099999732638 0.8226999997934854
1.065099999732638 0.8226999997934854 0.7797999998042542
0.8226999997934854 0.7797999998042542 0.8319999997911509
0.7797999998042542 0.8319999997911509 1.4810999996282135
0.8319999997911509 1.4810999996282135 1.4772999996291674
1.4810999996282135 1.4772999996291674 0.7793999998043546
1.4772999996291674 0.7793999998043546 0.8011999997988823
0.7793999998043546 0.8011999997988823 1.1077999997219194
0.8011999997988823 1.1077999997219194 1.9503999995104095
1.1077999997219194 1.9503999995104095 2.0247999994917336
1.9503999995104095 2.0247999994917336 1.586499999601756
2.0247999994917336 1.586499999601756 2.0876999994759444
1.586499999601756 2.0876999994759444 0.8990999997743074
2.0876999994759444 0.8990999997743074 1.5012999996231429
0.8990999997743074 1.5012999996231429 0.7650999998079442
1.5012999996231429 0.7650999998079442 1.1351999997150415
0.7650999998079442 1.1351999997150415 1.0535999997355248
1.1351999997150415 1.0535999997355248 1.5773999996040402
1.0535999997355248 1.5773999996040402 1.605099999597087
1.5773999996040402 1.605099999597087 1.3529999996603692
1.605099999597087 1.3529999996603692 2.0599999994828977
1.3529999996603692 2.0599999994828977 0.9995999997490799
2.0599999994828977 0.9995999997490799 0.7756999998052834
0.9995999997490799 0.7756999998052834 0.735899999815274
0.7756999998052834 0.735899999815274 0.7734999998058356
0.735899999815274 0.7734999998058356 0.9665999997573635
0.7734999998058356 0.9665999997573635 0.8018999997987066
0.9665999997573635 0.8018999997987066 0.768199999807166
0.8018999997987066 0.768199999807166 0.808399999797075
0.768199999807166 0.808399999797075 1.2064999996971437
0.808399999797075 1.2064999996971437 2.274199999429129
1.2064999996971437 2.274199999429129 2.0561999994838516
2.274199999429129 2.0561999994838516 2.441999999387008
2.0561999994838516 2.441999999387008 0.8001999997991334
2.441999999387008 0.8001999997991334 0.8894999997767172
0.8001999997991334 0.8894999997767172 0.9381999997644925
0.8894999997767172 0.9381999997644925 0.8019999997986815
0.9381999997644925 0.8019999997986815 0.8658999997826413
0.8019999997986815 0.8658999997826413 1.693199999574972
0.8658999997826413 1.693199999574972 1.1530999997105482
1.693199999574972 1.1530999997105482 0.8272999997923307
1.1530999997105482 0.8272999997923307 1.0020999997484523
0.8272999997923307 1.0020999997484523 1.8707999995303908
1.0020999997484523 1.8707999995303908 2.0482999994858346
1.8707999995303908 2.0482999994858346 1.2403999996886341
2.0482999994858346 1.2403999996886341 1.9784999995033559
1.2403999996886341 1.9784999995033559 2.011499999495072
1.9784999995033559 2.011499999495072 2.2454999994363334
2.011499999495072 2.2454999994363334 1.2769999996794468
2.2454999994363334 1.2769999996794468 1.8278999995411596
1.2769999996794468 1.8278999995411596 1.3346999996649629
1.8278999995411596 1.3346999996649629 2.2356999994387934
1.3346999996649629 2.2356999994387934 0.8657999997826664
2.2356999994387934 0.8657999997826664 2.1285999994656777
0.8657999997826664 2.1285999994656777 1.0086999997467956
2.1285999994656777 1.0086999997467956 1.4916999996255527
1.0086999997467956 1.4916999996255527 0.9495999997616309
1.4916999996255527 0.9495999997616309 1.981299999502653
0.9495999997616309 1.981299999502653 1.5505999996107676
1.981299999502653 1.5505999996107676 0.7902999998016185
1.5505999996107676 0.7902999998016185 1.1500999997113013
0.7902999998016185 1.1500999997113013 1.135699999714916
1.1500999997113013 1.135699999714916 1.0497999997364786
1.135699999714916 1.0497999997364786 0.8559999997851264
1.0497999997364786 0.8559999997851264 0.7979999997996856
0.8559999997851264 0.7979999997996856 0.898599999774433
0.7979999997996856 0.898599999774433 2.122299999467259
0.898599999774433 2.122299999467259 0.878899999779378
2.122299999467259 0.878899999779378 2.108599999470698
0.878899999779378 2.108599999470698 0.823099999793385
2.108599999470698 0.823099999793385 0.8908999997763658
0.823099999793385 0.8908999997763658 1.558899999608684
0.8908999997763658 1.558899999608684 1.4684999996313763
1.558899999608684 1.4684999996313763 0.8910999997763156
1.4684999996313763 0.8910999997763156 1.3804999996534661
0.8910999997763156 1.3804999996534661 2.2435999994368103
1.3804999996534661 2.2435999994368103 0.8673999997822648
2.2435999994368103 0.8673999997822648 1.3459999996621264
0.8673999997822648 1.3459999996621264 1.6238999995923677
1.3459999996621264 1.6238999995923677 0.7615999998088228
1.6238999995923677 0.7615999998088228 0.7773999998048566
0.7615999998088228 0.7773999998048566 1.3313999996657913
0.7773999998048566 1.3313999996657913 0.9663999997574138
1.3313999996657913 0.9663999997574138 1.0775999997295003
0.9663999997574138 1.0775999997295003 1.9833999995021259
1.0775999997295003 1.9833999995021259 2.051799999484956
1.9833999995021259 2.051799999484956 1.735299999564404
2.051799999484956 1.735299999564404 2.0298999994904534
1.735299999564404 2.0298999994904534 1.9722999995049122
2.0298999994904534 1.9722999995049122 1.9780999995034563
1.9722999995049122 1.9780999995034563 2.017599999493541
1.9780999995034563 2.017599999493541 2.1092999994705224
2.017599999493541 2.1092999994705224 1.071899999730931
2.1092999994705224 1.071899999730931 1.3361999996645864
1.071899999730931 1.3361999996645864 2.1021999994723046
1.3361999996645864 2.1021999994723046 1.6694999995809212
2.1021999994723046 1.6694999995809212 0.7394999998143703
1.6694999995809212 0.7394999998143703 0.8461999997875864
0.7394999998143703 0.8461999997875864 0.9633999997581668
0.8461999997875864 0.9633999997581668 0.7962999998001123
0.9633999997581668 0.7962999998001123 0.8223999997935607
0.7962999998001123 0.8223999997935607 1.4745999996298451
0.8223999997935607 1.4745999996298451 0.8569999997848754
1.4745999996298451 0.8569999997848754 1.6376999995889037
0.8569999997848754 1.6376999995889037 1.3494999996612478
1.6376999995889037 1.3494999996612478 2.185899999451294
1.3494999996612478 2.185899999451294 0.8999999997740815
2.185899999451294 0.8999999997740815 1.5143999996198545
0.8999999997740815 1.5143999996198545 1.578499999603764
1.5143999996198545 1.578499999603764 0.740799999814044
1.578499999603764 0.740799999814044 0.7579999998097264
0.740799999814044 0.7579999998097264 1.017999999744461
0.7579999998097264 1.017999999744461 0.878999999779353
1.017999999744461 0.878999999779353 0.8969999997748346
0.878999999779353 0.8969999997748346 1.539299999613604
0.8969999997748346 1.539299999613604 1.542399999612826
1.539299999613604 1.542399999612826 0.8306999997914772
1.542399999612826 0.8306999997914772 1.070899999731182
0.8306999997914772 1.070899999731182 1.168999999706557
1.070899999731182 1.168999999706557 0.9569999997597733
1.168999999706557 0.9569999997597733 1.3077999996717153
0.9569999997597733 1.3077999996717153 0.9645999997578656
1.3077999996717153 0.9645999997578656 2.048799999485709
0.9645999997578656 2.048799999485709 1.506999999621712
2.048799999485709 1.506999999621712 0.8409999997888917
1.506999999621712 0.8409999997888917 2.089299999475543
0.8409999997888917 2.089299999475543 1.4651999996322047
2.089299999475543 1.4651999996322047 2.0729999994796344
1.4651999996322047 2.0729999994796344 2.3314999994147456
2.0729999994796344 2.3314999994147456 0.8315999997912513
2.3314999994147456 0.8315999997912513 1.0173999997446117
0.8315999997912513 1.0173999997446117 1.3269999996668957
1.0173999997446117 1.3269999996668957 0.8610999997838462
1.3269999996668957 0.8610999997838462 0.9950999997502095
0.8610999997838462 0.9950999997502095 0.8051999997978783
0.9950999997502095 0.8051999997978783 0.8205999997940125
0.8051999997978783 0.8205999997940125 1.4733999996301463
0.8205999997940125 1.4733999996301463 0.8234999997932846
1.4733999996301463 0.8234999997932846 1.4700999996309747
0.8234999997932846 1.4700999996309747 0.8317999997912011
1.4700999996309747 0.8317999997912011 1.4681999996314516
0.8317999997912011 1.4681999996314516 0.9032999997732531
1.4681999996314516 0.9032999997732531 1.5195999996185492
0.9032999997732531 1.5195999996185492 1.4465999996368737
1.5195999996185492 1.4465999996368737 0.9392999997642164
1.4465999996368737 0.9392999997642164 1.5161999996194027
0.9392999997642164 1.5161999996194027 1.6526999995851384
1.5161999996194027 1.6526999995851384 1.1431999997130333
1.6526999995851384 1.1431999997130333 0.8979999997745836
1.1431999997130333 0.8979999997745836 1.3516999996606955
0.8979999997745836 1.3516999996606955 0.9415999997636391
1.3516999996606955 0.9415999997636391 1.2613999996833627
0.9415999997636391 1.2613999996833627 1.0302999997413735
1.2613999996833627 1.0302999997413735 1.033799999740495
1.0302999997413735 1.033799999740495 1.2549999996849692
1.033799999740495 1.2549999996849692 1.0206999997437833
1.2549999996849692 1.0206999997437833 1.2599999996837141
1.0206999997437833 1.2599999996837141 1.0438999997379597
1.2599999996837141 1.0438999997379597 1.1941999997002313
1.0438999997379597 1.1941999997002313 0.9481999997619823
1.1941999997002313 0.9481999997619823 1.5122999996203816
0.9481999997619823 1.5122999996203816 0.8933999997757383
1.5122999996203816 0.8933999997757383 1.5120999996204318
0.8933999997757383 1.5120999996204318 0.7630999998084462
1.5120999996204318 0.7630999998084462 1.1203999997187566
0.7630999998084462 1.1203999997187566 1.1750999997050258
1.1203999997187566 1.1750999997050258 0.9525999997608778
1.1750999997050258 0.9525999997608778 0.980899999753774
0.9525999997608778 0.980899999753774 0.8469999997873856
0.980899999753774 0.8469999997873856 1.4497999996360704
0.8469999997873856 1.4497999996360704 0.9186999997693874
1.4497999996360704 0.9186999997693874 1.517799999619001
0.9186999997693874 1.517799999619001 0.9353999997651954
1.517799999619001 0.9353999997651954 1.4248999996423208
0.9353999997651954 1.4248999996423208 0.8291999997918538
1.4248999996423208 0.8291999997918538 1.4219999996430488
0.8291999997918538 1.4219999996430488 2.059599999482998
1.4219999996430488 2.059599999482998 1.966599999506343
2.059599999482998 1.966599999506343 1.0208999997437331
1.966599999506343 1.0208999997437331 1.128799999716648
1.0208999997437331 1.128799999716648 1.0998999997239025
1.128799999716648 1.0998999997239025 0.7914999998013172
1.0998999997239025 0.7914999998013172 0.7816999998037772
0.7914999998013172 0.7816999998037772 0.8597999997841725
0.7816999998037772 0.8597999997841725 1.6278999995913637
0.8597999997841725 1.6278999995913637 1.8516999995351853
1.6278999995913637 1.8516999995351853 1.9242999995169612
1.8516999995351853 1.9242999995169612 1.2780999996791707
1.9242999995169612 1.2780999996791707 2.0354999994890477
1.2780999996791707 2.0354999994890477 2.104699999471677
2.0354999994890477 2.104699999471677 1.0371999997396415
2.104699999471677 1.0371999997396415 1.3465999996619757
1.0371999997396415 1.3465999996619757 1.8003999995480626
1.3465999996619757 1.8003999995480626 1.1580999997092931
1.8003999995480626 1.1580999997092931 0.8611999997838211
1.1580999997092931 0.8611999997838211 1.481499999628113
0.8611999997838211 1.481499999628113 0.975999999755004
1.481499999628113 0.975999999755004 1.4759999996294937
0.975999999755004 1.4759999996294937 0.8836999997781732
1.4759999996294937 0.8836999997781732 1.353099999660344
0.8836999997781732 1.353099999660344 1.6149999995946018
1.353099999660344 1.6149999995946018 0.7465999998125881
1.6149999995946018 0.7465999998125881 0.778999999804455
0.7465999998125881 0.778999999804455 1.2095999996963656
0.778999999804455 1.2095999996963656 0.9678999997570372
1.2095999996963656 0.9678999997570372 1.436499999639409
0.9678999997570372 1.436499999639409 1.008299999746896
1.436499999639409 1.008299999746896 2.293099999424385
1.008299999746896 2.293099999424385 0.8382999997895695
2.293099999424385 0.8382999997895695 1.046499999737307
0.8382999997895695 1.046499999737307 0.8463999997875362
1.046499999737307 0.8463999997875362 1.0133999997456158
0.8463999997875362 1.0133999997456158 1.4681999996314516
1.0133999997456158 1.4681999996314516 2.203899999446776
1.4681999996314516 2.203899999446776 1.1283999997167484
2.203899999446776 1.1283999997167484 0.9013999997737301
1.1283999997167484 0.9013999997737301 1.308199999671615
0.9013999997737301 1.308199999671615 0.9393999997641913
1.308199999671615 0.9393999997641913 0.8468999997874107
0.9393999997641913 0.8468999997874107 1.4670999996317278
0.8468999997874107 1.4670999996317278 1.1573999997094688
1.4670999996317278 1.1573999997094688 1.0764999997297764
1.1573999997094688 1.0764999997297764 0.7864999998025723
1.0764999997297764 0.7864999998025723 0.7620999998086972
0.7864999998025723 0.7620999998086972 0.8040999997981544
0.7620999998086972 0.8040999997981544 1.3545999996599676
0.8040999997981544 1.3545999996599676 2.0503999994853075
1.3545999996599676 2.0503999994853075 0.9849999997527448
2.0503999994853075 0.9849999997527448 0.7939999998006897
0.9849999997527448 0.7939999998006897 0.7382999998146715
0.7939999998006897 0.7382999998146715 0.758399999809626
0.7382999998146715 0.758399999809626 0.9813999997536484
0.758399999809626 0.9813999997536484 0.8399999997891427
0.9813999997536484 0.8399999997891427 0.7948999998004638
0.8399999997891427 0.7948999998004638 0.8909999997763407
0.7948999998004638 0.8909999997763407 2.070299999480312
0.8909999997763407 2.070299999480312 0.9361999997649946
2.070299999480312 0.9361999997649946 1.4500999996359951
0.9361999997649946 1.4500999996359951 2.114699999469167
1.4500999996359951 2.114699999469167 1.5947999995996724
2.114699999469167 1.5947999995996724 1.4212999996432245
1.5947999995996724 1.4212999996432245 0.825999999792657
1.4212999996432245 0.825999999792657 0.7881999998021456
0.825999999792657 0.7881999998021456 0.8654999997827417
0.7881999998021456 0.8654999997827417 1.996899999498737
0.8654999997827417 1.996899999498737 0.8686999997819385
1.996899999498737 0.8686999997819385 0.8085999997970248
0.8686999997819385 0.8085999997970248 1.0095999997465697
0.8085999997970248 1.0095999997465697 1.922499999517413
1.0095999997465697 1.922499999517413 2.0277999994909806
1.922499999517413 2.0277999994909806 1.0056999997475486
2.0277999994909806 1.0056999997475486 1.421799999643099
1.0056999997475486 1.421799999643099 0.9638999997580413
1.421799999643099 0.9638999997580413 2.1050999994715767
0.9638999997580413 2.1050999994715767 0.9344999997654213
2.1050999994715767 0.9344999997654213 1.5555999996095125
0.9344999997654213 1.5555999996095125 0.863299999783294
1.5555999996095125 0.863299999783294 1.3729999996553488
0.863299999783294 1.3729999996553488 0.9785999997543513
1.3729999996553488 0.9785999997543513 2.0808999994776514
0.9785999997543513 2.0808999994776514 0.9652999997576899
2.0808999994776514 0.9652999997576899 1.4683999996314014
0.9652999997576899 1.4683999996314014 0.8918999997761148
1.4683999996314014 0.8918999997761148 1.4742999996299204
0.8918999997761148 1.4742999996299204 2.0259999994914324
1.4742999996299204 2.0259999994914324 2.060599999482747
2.0259999994914324 2.060599999482747 1.8654999995317212
2.060599999482747 1.8654999995317212 1.3418999996631555
1.8654999995317212 1.3418999996631555 2.0013999994976075
1.3418999996631555 2.0013999994976075 2.188199999450717
2.0013999994976075 2.188199999450717 1.256199999684668
2.188199999450717 1.256199999684668 0.9989999997492305
1.256199999684668 0.9989999997492305 1.4194999996436763
0.9989999997492305 1.4194999996436763 1.0146999997452895
1.4194999996436763 1.0146999997452895 2.105799999471401
1.0146999997452895 2.105799999471401 0.9025999997734289
2.105799999471401 0.9025999997734289 1.5124999996203314
0.9025999997734289 1.5124999996203314 0.9331999997657476
1.5124999996203314 0.9331999997657476 2.1080999994708236
0.9331999997657476 2.1080999994708236 1.4251999996422455
2.1080999994708236 1.4251999996422455 0.9303999997664505
1.4251999996422455 0.9303999997664505 0.8820999997785748
0.9303999997664505 0.8820999997785748 1.4134999996451825
0.8820999997785748 1.4134999996451825 0.9211999997687599
1.4134999996451825 0.9211999997687599 2.27809999942815
0.9211999997687599 2.27809999942815 0.9538999997605515
2.27809999942815 0.9538999997605515 0.9674999997571376
0.9538999997605515 0.9674999997571376 0.8316999997912262
0.9674999997571376 0.8316999997912262 1.4543999996349157
0.8316999997912262 1.4543999996349157 0.7972999997998613
1.4543999996349157 0.7972999997998613 0.7911999998013926
0.7972999997998613 0.7911999998013926 0.9071999997722742
0.7911999998013926 0.9071999997722742 2.3051999994213475
0.9071999997722742 2.3051999994213475 0.9271999997672538
2.3051999994213475 0.9271999997672538 2.3187999994179336
0.9271999997672538 2.3187999994179336 1.7071999995714577
2.3187999994179336 1.7071999995714577 1.5822999996028102
1.7071999995714577 1.5822999996028102 0.8511999997863313
1.5822999996028102 0.8511999997863313 2.2210999994424583
0.8511999997863313 2.2210999994424583 1.1373999997144892
2.2210999994424583 1.1373999997144892 1.1746999997051262
1.1373999997144892 1.1746999997051262 0.949499999761656
1.1746999997051262 0.949499999761656 1.2019999996982733
0.949499999761656 1.2019999996982733 0.9460999997625095
1.2019999996982733 0.9460999997625095 1.4565999996343635
0.9460999997625095 1.4565999996343635 1.478599999628841
1.4565999996343635 1.478599999628841 1.0016999997485527
1.478599999628841 1.0016999997485527 1.916599999518894
1.0016999997485527 1.916599999518894 1.83239999954003
1.916599999518894 1.83239999954003 1.1165999997197105
1.83239999954003 1.1165999997197105 0.7987999997994848
1.1165999997197105 0.7987999997994848 0.8053999997978281
0.7987999997994848 0.8053999997978281 1.5827999996026847
0.8053999997978281 1.5827999996026847 0.7422999998136675
1.5827999996026847 0.7422999998136675 0.7516999998113079
0.7422999998136675 0.7516999998113079 0.9822999997534225
0.7516999998113079 0.9822999997534225 0.8932999997757634
0.9822999997534225 0.8932999997757634 0.848599999786984
0.8932999997757634 0.848599999786984 1.4843999996273851
0.848599999786984 1.4843999996273851 1.240599999688584
1.4843999996273851 1.240599999688584 1.1734999997054274
1.240599999688584 1.1734999997054274 1.3362999996645613
1.1734999997054274 1.3362999996645613 1.6271999995915394
1.3362999996645613 1.6271999995915394 0.8663999997825158
1.6271999995915394 0.8663999997825158 1.7193999995683953
0.8663999997825158 1.7193999995683953 1.2612999996833878
1.7193999995683953 1.2612999996833878 2.0795999994779777
1.2612999996833878 2.0795999994779777 1.612899999595129
2.0795999994779777 1.612899999595129 1.656899999584084
1.612899999595129 1.656899999584084 0.924999999767806
1.656899999584084 0.924999999767806 1.064099999732889
0.924999999767806 1.064099999732889 1.008399999746871
1.064099999732889 1.008399999746871 1.367999999656604
1.008399999746871 1.367999999656604 2.1122999994697693
1.367999999656604 2.1122999994697693 1.0667999997322113
2.1122999994697693 1.0667999997322113 1.3177999996692051
1.0667999997322113 1.3177999996692051 2.374199999404027
1.3177999996692051 2.374199999404027 0.8102999997965981
2.374199999404027 0.8102999997965981 1.020099999743934
0.8102999997965981 1.020099999743934 0.9223999997684587
1.020099999743934 0.9223999997684587 1.1942999997002062
0.9223999997684587 1.1942999997002062 1.0647999997327133
1.1942999997002062 1.0647999997327133 0.7675999998073166
1.0647999997327133 0.7675999998073166 0.7501999998116844
0.7675999998073166 0.7501999998116844 0.8080999997971503
0.7501999998116844 0.8080999997971503 1.444299999637451
0.8080999997971503 1.444299999637451 0.8404999997890172
1.444299999637451 0.8404999997890172 2.0443999994868136
0.8404999997890172 2.0443999994868136 1.5183999996188504
2.0443999994868136 1.5183999996188504 1.4794999996286151
1.5183999996188504 1.4794999996286151 0.7938999998007148
1.4794999996286151 0.7938999998007148 0.9244999997679315
0.7938999998007148 0.9244999997679315 2.143999999461812
0.9244999997679315 2.143999999461812 0.921099999768785
2.143999999461812 0.921099999768785 1.3236999996677241
0.921099999768785 1.3236999996677241 1.581599999602986
1.3236999996677241 1.581599999602986 1.4986999996237955
1.581599999602986 1.4986999996237955 1.3556999996596915
1.4986999996237955 1.3556999996596915 1.0234999997430805
1.3556999996596915 1.0234999997430805 1.5483999996113198
1.0234999997430805 1.5483999996113198 1.4797999996285398
1.5483999996113198 1.4797999996285398 0.7768999998049821
1.4797999996285398 0.7768999998049821 0.796599999800037
0.7768999998049821 0.796599999800037 0.9814999997536233
0.796599999800037 0.9814999997536233 2.012499999494821
0.9814999997536233 2.012499999494821 1.5229999996176957
2.012499999494821 1.5229999996176957 1.4751999996296945
1.5229999996176957 1.4751999996296945 0.8184999997945397
1.4751999996296945 0.8184999997945397 1.4751999996296945
0.8184999997945397 1.4751999996296945 0.8009999997989325
1.4751999996296945 0.8009999997989325 0.9685999997568615
0.8009999997989325 0.9685999997568615 1.9944999994993395
0.9685999997568615 1.9944999994993395 1.5507999996107174
1.9944999994993395 1.5507999996107174 0.9244999997679315
1.5507999996107174 0.9244999997679315 2.1237999994668826
0.9244999997679315 2.1237999994668826 0.8704999997814866
2.1237999994668826 0.8704999997814866 1.3386999996639588
0.8704999997814866 1.3386999996639588 1.6057999995969112
1.3386999996639588 1.6057999995969112 0.8858999997776209
1.6057999995969112 0.8858999997776209 1.5730999996051196
0.8858999997776209 1.5730999996051196 1.377699999654169
1.5730999996051196 1.377699999654169 0.8904999997764662
1.377699999654169 0.8904999997764662 1.589299999601053
0.8904999997764662 1.589299999601053 1.7442999995621449
1.589299999601053 1.7442999995621449 1.2260999996922237
1.7442999995621449 1.2260999996922237 2.0838999994768983
1.2260999996922237 2.0838999994768983 0.9176999997696385
2.0838999994768983 0.9176999997696385 1.3998999996485963
0.9176999997696385 1.3998999996485963 1.0643999997328137
1.3998999996485963 1.0643999997328137 1.167999999706808
1.0643999997328137 1.167999999706808 1.1047999997226725
1.167999999706808 1.1047999997226725 1.083699999727969
1.1047999997226725 1.083699999727969 1.181699999703369
1.083699999727969 1.181699999703369 2.084999999476622
1.181699999703369 2.084999999476622 0.9209999997688101
2.084999999476622 0.9209999997688101 1.4209999996432998
0.9209999997688101 1.4209999996432998 0.9948999997502597
1.4209999996432998 0.9948999997502597 1.4389999996387814
0.9948999997502597 1.4389999996387814 0.9433999997631872
1.4389999996387814 0.9433999997631872 1.4924999996253518
0.9433999997631872 1.4924999996253518 1.4800999996284645
1.4924999996253518 1.4800999996284645 1.3055999996722676
1.4800999996284645 1.3055999996722676 0.9402999997639654
1.3055999996722676 0.9402999997639654 0.8389999997893938
0.9402999997639654 0.8389999997893938 1.4545999996348655
0.8389999997893938 1.4545999996348655 0.8774999997797295
1.4545999996348655 0.8774999997797295 1.5929999996001243
0.8774999997797295 1.5929999996001243 1.2529999996854713
1.5929999996001243 1.2529999996854713 1.8610999995328257
1.2529999996854713 1.8610999995328257 1.3253999996672974
1.8610999995328257 1.3253999996672974 2.428199999390472
1.3253999996672974 2.428199999390472 0.7993999997993342
2.428199999390472 0.7993999997993342 0.9643999997579158
0.7993999997993342 0.9643999997579158 0.8672999997822899
0.9643999997579158 0.8672999997822899 0.800599999799033
0.8672999997822899 0.800599999799033 0.9081999997720231
0.800599999799033 0.9081999997720231 2.42509999939125
0.9081999997720231 2.42509999939125 0.7837999998032501
2.42509999939125 0.7837999998032501 0.8756999997801813
0.7837999998032501 0.8756999997801813 0.8729999997808591
0.8756999997801813 0.8729999997808591 0.7594999998093499
0.8729999997808591 0.7594999998093499 0.7592999998094001
0.7594999998093499 0.7592999998094001 0.8835999997781983
0.7592999998094001 0.8835999997781983 1.2965999996745268
0.8835999997781983 1.2965999996745268 1.213999999695261
1.2965999996745268 1.213999999695261 1.9634999995071212
1.213999999695261 1.9634999995071212 2.0299999994904283
1.9634999995071212 2.0299999994904283 2.081299999477551
2.0299999994904283 2.081299999477551 1.539099999613768
2.081299999477551 1.539099999613768 0.869199999781813
1.539099999613768 0.869199999781813 1.3525999996604696
0.869199999781813 1.3525999996604696 1.590399999600777
1.3525999996604696 1.590399999600777 0.9536999997606017
1.590399999600777 0.9536999997606017 1.4887999996262806
0.9536999997606017 1.4887999996262806 1.5432999996126
1.4887999996262806 1.5432999996126 2.1513999994599544
1.5432999996126 2.1513999994599544 0.8564999997850009
2.1513999994599544 0.8564999997850009 1.3929999996503284
0.8564999997850009 1.3929999996503284 0.9034999997732029
1.3929999996503284 0.9034999997732029 1.5007999996232684
0.9034999997732029 1.5007999996232684 0.7648999998079944
1.5007999996232684 0.7648999998079944 1.044599999737784
0.7648999998079944 1.044599999737784 1.1526999997106486
1.044599999737784 1.1526999997106486 2.063499999482019
1.1526999997106486 2.063499999482019 0.8761999997800558
2.063499999482019 0.8761999997800558 0.7810999998039279
0.8761999997800558 0.7810999998039279 0.8162999997950919
0.7810999998039279 0.8162999997950919 1.4794999996286151
0.8162999997950919 1.4794999996286151 0.7994999997993091
1.4794999996286151 0.7994999997993091 1.0392999997391144
0.7994999997993091 1.0392999997391144 1.9565999995088532
1.0392999997391144 1.9565999995088532 2.323499999416754
1.9565999995088532 2.323499999416754 0.9556999997600997
2.323499999416754 0.9556999997600997 0.9653999997576648
0.9556999997600997 0.9653999997576648 0.830899999791427
0.9653999997576648 0.830899999791427 1.4568999996342882
0.830899999791427 1.4568999996342882 0.7948999998004638
1.4568999996342882 0.7948999998004638 0.7847999998029991
0.7948999998004638 0.7847999998029991 0.8714999997812356
0.7847999998029991 0.8714999997812356 2.043999999486914
0.8714999997812356 2.043999999486914 0.8302999997915776
2.043999999486914 0.8302999997915776 0.8585999997844738
0.8302999997915776 0.8585999997844738 1.617699999593924
0.8585999997844738 1.617699999593924 1.3534999996602437
1.617699999593924 1.3534999996602437 2.038099999488395
1.3534999996602437 2.038099999488395 0.9580999997594972
2.038099999488395 0.9580999997594972 1.231599999690843
0.9580999997594972 1.231599999690843 1.0752999997300776
1.231599999690843 1.0752999997300776 1.006399999747373
1.0752999997300776 1.006399999747373 1.480699999628314
1.006399999747373 1.480699999628314 0.8831999997782987
1.480699999628314 0.8831999997782987 1.3117999996707113
0.8831999997782987 1.3117999996707113 0.8839999997780978
1.3117999996707113 0.8839999997780978 2.0858999994763963
0.8839999997780978 2.0858999994763963 0.8374999997897703
2.0858999994763963 0.8374999997897703 1.4519999996355182
0.8374999997897703 1.4519999996355182 0.852499999786005
1.4519999996355182 0.852499999786005 1.4514999996356437
0.852499999786005 1.4514999996356437 1.0009999997487284
1.4514999996356437 1.0009999997487284 1.3734999996552233
1.0009999997487284 1.3734999996552233 2.0708999994801616
1.3734999996552233 2.0708999994801616 0.8717999997811603
2.0708999994801616 0.8717999997811603 0.8303999997915525
0.8717999997811603 0.8303999997915525 1.4613999996331586
0.8303999997915525 1.4613999996331586 0.8427999997884399
1.4613999996331586 0.8427999997884399 1.4613999996331586
0.8427999997884399 1.4613999996331586 0.9724999997558825
1.4613999996331586 0.9724999997558825 1.4039999996475672
0.9724999997558825 1.4039999996475672 1.613899999594878
1.4039999996475672 1.613899999594878 1.5064999996218376
1.613899999594878 1.5064999996218376 1.5054999996220886
1.5064999996218376 1.5054999996220886 2.0403999994878177
1.5054999996220886 2.0403999994878177 2.1238999994668575
2.0403999994878177 2.1238999994668575 0.9942999997504103
2.1238999994668575 0.9942999997504103 1.4826999996278118
0.9942999997504103 1.4826999996278118 0.8715999997812105
1.4826999996278118 0.8715999997812105 1.3258999996671719
0.8715999997812105 1.3258999996671719 1.067099999732136
1.3258999996671719 1.067099999732136 2.2001999994477046
1.067099999732136 2.2001999994477046 0.8413999997887913
2.2001999994477046 0.8413999997887913 1.2710999996809278
0.8413999997887913 1.2710999996809278 0.9100999997715462
1.2710999996809278 0.9100999997715462 1.5243999996173443
0.9100999997715462 1.5243999996173443 0.9270999997672789
1.5243999996173443 0.9270999997672789 2.1268999994661044
0.9270999997672789 2.1268999994661044 0.9265999997674044
2.1268999994661044 0.9265999997674044 1.3974999996491988
0.9265999997674044 1.3974999996491988 2.0669999994811405
1.3974999996491988 2.0669999994811405 1.6427999995876235
2.0669999994811405 1.6427999995876235 1.4671999996317027
1.6427999995876235 1.4671999996317027 1.638399999588728
1.4671999996317027 1.638399999588728 0.747599999812337
1.638399999588728 0.747599999812337 0.9472999997622082
0.747599999812337 0.9472999997622082 0.9100999997715462
0.9472999997622082 0.9100999997715462 0.8249999997929081
0.9100999997715462 0.8249999997929081 1.4684999996313763
0.8249999997929081 1.4684999996313763 0.7851999998028987
1.4684999996313763 0.7851999998028987 0.7854999998028234
0.7851999998028987 0.7854999998028234 0.8836999997781732
0.7854999998028234 0.8836999997781732 2.0544999994842783
0.8836999997781732 2.0544999994842783 0.9191999997692619
2.0544999994842783 0.9191999997692619 1.5161999996194027
0.9191999997692619 1.5161999996194027 0.9358999997650699
1.5161999996194027 0.9358999997650699 1.422699999642873
0.9358999997650699 1.422699999642873 0.8388999997894189
1.422699999642873 0.8388999997894189 1.462999999632757
0.8388999997894189 1.462999999632757 0.7982999997996103
1.462999999632757 0.7982999997996103 1.3676999996566792
0.7982999997996103 1.3676999996566792 1.040599999738788
1.3676999996566792 1.040599999738788 2.0476999994859852
1.040599999738788 2.0476999994859852 1.0888999997266637
2.0476999994859852 1.0888999997266637 2.031199999490127
1.0888999997266637 2.031199999490127 2.0837999994769234
2.031199999490127 2.0837999994769234 0.7668999998074923
2.0837999994769234 0.7668999998074923 0.7663999998076179
0.7668999998074923 0.7663999998076179 0.8510999997863564
0.7663999998076179 0.8510999997863564 1.6927999995750724
0.8510999997863564 1.6927999995750724 2.0063999994963524
1.6927999995750724 2.0063999994963524 1.9688999995057657
2.0063999994963524 1.9688999995057657 1.9785999995033308
1.9688999995057657 1.9785999995033308 2.011899999494972
1.9785999995033308 2.011899999494972 2.1199999994678365
2.011899999494972 2.1199999994678365 1.3537999996601684
2.1199999994678365 1.3537999996601684 1.0535999997355248
1.3537999996601684 1.0535999997355248 1.3547999996599174
1.0535999997355248 1.3547999996599174 1.168099999706783
1.3547999996599174 1.168099999706783 1.9677999995060418
1.168099999706783 1.9677999995060418 1.5959999995993712
1.9677999995060418 1.5959999995993712 1.6801999995782353
1.5959999995993712 1.6801999995782353 1.245499999687354
1.6801999995782353 1.245499999687354 2.1678999994558126
1.245499999687354 2.1678999994558126 1.0197999997440093
2.1678999994558126 1.0197999997440093 2.2384999994380905
1.0197999997440093 2.2384999994380905 0.8454999997877621
2.2384999994380905 0.8454999997877621 1.145399999712481
0.8454999997877621 1.145399999712481 1.2030999996979972
1.145399999712481 1.2030999996979972 0.990599999751339
1.2030999996979972 0.990599999751339 0.8469999997873856
0.990599999751339 0.8469999997873856 0.7601999998091742
0.8469999997873856 0.7601999998091742 0.7707999998065134
0.7601999998091742 0.7707999998065134 1.0311999997411476
0.7707999998065134 1.0311999997411476 1.2964999996745519
1.0311999997411476 1.2964999996745519 0.8248999997929332
1.2964999996745519 0.8248999997929332 1.1754999997049254
0.8248999997929332 1.1754999997049254 0.9695999997566105
1.1754999997049254 0.9695999997566105 1.5039999996224651
0.9695999997566105 1.5039999996224651 0.8562999997850511
1.5039999996224651 0.8562999997850511 1.4468999996367984
0.8562999997850511 1.4468999996367984 0.8409999997888917
1.4468999996367984 0.8409999997888917 1.3302999996660674
0.8409999997888917 1.3302999996660674 0.8866999997774201
1.3302999996660674 0.8866999997774201 2.1463999994612095
0.8866999997774201 2.1463999994612095 0.9599999997590203
2.1463999994612095 0.9599999997590203 1.4368999996393086
0.9599999997590203 1.4368999996393086 0.9821999997534476
1.4368999996393086 0.9821999997534476 2.1453999994614605
0.9821999997534476 2.1453999994614605 1.397399999649224
2.1453999994614605 1.397399999649224 1.6427999995876235
1.397399999649224 1.6427999995876235 0.7507999998115338
1.6427999995876235 0.7507999998115338 0.7584999998096009
0.7507999998115338 0.7584999998096009 1.0613999997335668
0.7584999998096009 1.0613999997335668 1.1922999997007082
1.0613999997335668 1.1922999997007082 0.9330999997657727
1.1922999997007082 0.9330999997657727 1.1654999997074356
0.9330999997657727 1.1654999997074356 0.9480999997620074
1.1654999997074356 0.9480999997620074 1.4449999996372753
0.9480999997620074 1.4449999996372753 2.2207999994425336
1.4449999996372753 2.2207999994425336 0.8778999997796291
2.2207999994425336 0.8778999997796291 1.3605999996584615
0.8778999997796291 1.3605999996584615 1.7742999995546143
1.3605999996584615 1.7742999995546143 1.1999999996987754
1.7742999995546143 1.1999999996987754 0.9106999997713956
1.1999999996987754 0.9106999997713956 1.5571999996091108
0.9106999997713956 1.5571999996091108 0.9012999997737552
1.5571999996091108 0.9012999997737552 1.3378999996641596
0.9012999997737552 1.3378999996641596 1.565799999606952
1.3378999996641596 1.565799999606952 0.7778999998047311
1.565799999606952 0.7778999998047311 0.8538999997856536
0.7778999998047311 0.8538999997856536 1.4970999996241972
0.8538999997856536 1.4970999996241972 1.7910999995503971
1.4970999996241972 1.7910999995503971 1.0499999997364284
1.7910999995503971 1.0499999997364284 0.7957999998002379
1.0499999997364284 0.7957999998002379 0.7545999998105799
0.7957999998002379 0.7545999998105799 0.7820999998036768
0.7545999998105799 0.7820999998036768 1.4544999996348906
0.7820999998036768 1.4544999996348906 0.8407999997889419
1.4544999996348906 0.8407999997889419 1.1733999997054525
0.8407999997889419 1.1733999997054525 1.011199999746168
1.1733999997054525 1.011199999746168 1.540399999613328
1.011199999746168 1.540399999613328 0.9105999997714207
1.540399999613328 0.9105999997714207 2.2902999994250877
0.9105999997714207 2.2902999994250877 0.8097999997967236
2.2902999994250877 0.8097999997967236 1.0223999997433566
0.8097999997967236 1.0223999997433566 0.8909999997763407
1.0223999997433566 0.8909999997763407 0.9477999997620827
0.8909999997763407 0.9477999997620827 1.439499999638656
0.9477999997620827 1.439499999638656 1.5287999996162398
1.439499999638656 1.5287999996162398 1.4782999996289163
1.5287999996162398 1.4782999996289163 0.7924999998010662
1.4782999996289163 0.7924999998010662 0.8993999997742321
0.7924999998010662 0.8993999997742321 2.153699999459377
0.8993999997742321 2.153699999459377 0.8796999997791772
2.153699999459377 0.8796999997791772 2.0896999994754424
0.8796999997791772 2.0896999994754424 0.8538999997856536
2.0896999994754424 0.8538999997856536 1.479699999628565
0.8538999997856536 1.479699999628565 1.00919999974667
1.479699999628565 1.00919999974667 1.4032999996477429
1.00919999974667 1.4032999996477429 0.9366999997648691
1.4032999996477429 0.9366999997648691 2.0289999994906793
0.9366999997648691 2.0289999994906793 0.8527999997859297
2.0289999994906793 0.8527999997859297 1.504999999622214
0.8527999997859297 1.504999999622214 1.4691999996312006
1.504999999622214 1.4691999996312006 0.9202999997689858
1.4691999996312006 0.9202999997689858 2.112399999469744
0.9202999997689858 2.112399999469744 0.9748999997552801
2.112399999469744 0.9748999997552801 1.4123999996454586
0.9748999997552801 1.4123999996454586 1.5538999996099392
1.4123999996454586 1.5538999996099392 0.838799999789444
1.5538999996099392 0.838799999789444 1.5072999996216367
0.838799999789444 1.5072999996216367 1.5240999996174196
