1.00009999999989 0.982200000001433 1.9482000000012585
0.982200000001433 1.9482000000012585 1.820599999995757
1.9482000000012585 1.820599999995757 0.7664999999982136
1.820599999995757 0.7664999999982136 0.8012999999981325
0.7664999999982136 0.8012999999981325 0.9802999999977153
0.8012999999981325 0.9802999999977153 0.7872999999981651
0.9802999999977153 0.7872999999981651 0.777899999998187
0.7872999999981651 0.777899999998187 1.174399999997263
0.777899999998187 1.174399999997263 1.2226999999971504
1.174399999997263 1.2226999999971504 1.080399999997482
1.2226999999971504 1.080399999997482 0.817799999998094
1.080399999997482 0.817799999998094 0.7781999999981863
0.817799999998094 0.7781999999981863 1.1349999999973566
0.7781999999981863 1.1349999999973566 1.0956999999974464
1.1349999999973566 1.0956999999974464 1.5521999999963825
1.0956999999974464 1.5521999999963825 0.8511999999980162
1.5521999999963825 0.8511999999980162 1.6766999999960923
0.8511999999980162 1.6766999999960923 0.833699999998057
1.6766999999960923 0.833699999998057 0.9402999999978086
0.833699999998057 0.9402999999978086 0.7727999999981989
0.9402999999978086 0.7727999999981989 0.7868999999981661
0.7727999999981989 0.7868999999981661 1.1192999999973914
0.7868999999981661 1.1192999999973914 0.888599999997929
1.1192999999973914 0.888599999997929 1.4795999999965517
0.888599999997929 1.4795999999965517 1.1565999999973045
1.4795999999965517 1.1565999999973045 1.4303999999966663
1.1565999999973045 1.4303999999966663 2.439100000058538
1.4303999999966663 2.439100000058538 1.7274000000573437
2.439100000058538 1.7274000000573437 1.4515000000481848
1.7274000000573437 1.4515000000481848 1.5427000000512123
1.4515000000481848 1.5427000000512123 1.5158000000503193
1.5427000000512123 1.5158000000503193 0.7841000000260294
1.5158000000503193 0.7841000000260294 1.376800000045705
0.7841000000260294 1.376800000045705 0.9287000000308296
1.376800000045705 0.9287000000308296 2.1822000000724415
0.9287000000308296 2.1822000000724415 1.5343000000509335
2.1822000000724415 1.5343000000509335 0.9144000000303549
1.5343000000509335 0.9144000000303549 1.4596000000484537
0.9144000000303549 1.4596000000484537 1.030200000034199
1.4596000000484537 1.030200000034199 1.038000000034458
1.030200000034199 1.038000000034458 1.3964000000463557
1.038000000034458 1.3964000000463557 0.8942000000296844
1.3964000000463557 0.8942000000296844 0.8648000000287084
0.8942000000296844 0.8648000000287084 1.5562000000516605
0.8648000000287084 1.5562000000516605 1.5362000000509966
1.5562000000516605 1.5362000000509966 1.4943000000496056
1.5362000000509966 1.4943000000496056 0.9322000000309458
1.4943000000496056 0.9322000000309458 1.5093000000501036
0.9322000000309458 1.5093000000501036 0.942900000031301
1.5093000000501036 0.942900000031301 1.084600000036005
0.942900000031301 1.084600000036005 1.4017000000465245
1.084600000036005 1.4017000000465245 0.9653000000320446
1.4017000000465245 0.9653000000320446 1.6144000000535925
0.9653000000320446 1.6144000000535925 1.308000000043421
1.6144000000535925 1.308000000043421 1.8347000000609057
1.308000000043421 1.8347000000609057 1.2296000000408185
1.8347000000609057 1.2296000000408185 0.9261000000307433
1.2296000000408185 0.9261000000307433 1.5414000000511692
0.9261000000307433 1.5414000000511692 1.4626000000485533
1.5414000000511692 1.4626000000485533 1.1646000000386607
1.4626000000485533 1.1646000000386607 2.422900000080432
1.1646000000386607 2.422900000080432 2.1153000000702207
2.422900000080432 2.1153000000702207 1.1651000000386773
2.1153000000702207 1.1651000000386773 1.1690000000388068
1.1651000000386773 1.1690000000388068 0.8907000000295682
1.1690000000388068 0.8907000000295682 1.4671000000487027
0.8907000000295682 1.4671000000487027 0.8167000000271116
1.4671000000487027 0.8167000000271116 0.8097000000268793
0.8167000000271116 0.8097000000268793 1.2816000000425447
0.8097000000268793 1.2816000000425447 1.855100000061583
1.2816000000425447 1.855100000061583 1.8705000000620942
1.855100000061583 1.8705000000620942 0.8813000000292561
1.8705000000620942 0.8813000000292561 0.8914000000295914
0.8813000000292561 0.8914000000295914 0.7668000000254551
0.8914000000295914 0.7668000000254551 0.7975000000264743
0.7668000000254551 0.7975000000264743 0.9814000000325791
0.7975000000264743 0.9814000000325791 0.7892000000261987
0.9814000000325791 0.7892000000261987 0.7765000000257771
0.7892000000261987 0.7765000000257771 1.1641000000386441
0.7765000000257771 1.1641000000386441 1.3980000000464088
1.1641000000386441 1.3980000000464088 1.259200000041801
1.3980000000464088 1.259200000041801 2.026900000067286
1.259200000041801 2.026900000067286 2.394800000079499
2.026900000067286 2.394800000079499 2.2910000000760533
2.394800000079499 2.2910000000760533 0.9389000000311682
2.2910000000760533 0.9389000000311682 2.2188000000736565
0.9389000000311682 2.2188000000736565 1.387400000046057
2.2188000000736565 1.387400000046057 0.9516000000315898
1.387400000046057 0.9516000000315898 1.4984000000497417
0.9516000000315898 1.4984000000497417 1.6473000000546847
1.4984000000497417 1.6473000000546847 0.7714000000256078
1.6473000000546847 0.7714000000256078 0.9928000000329575
0.7714000000256078 0.9928000000329575 0.8263000000274303
0.9928000000329575 0.8263000000274303 0.7772000000258004
0.8263000000274303 0.7772000000258004 1.0347000000343485
0.7772000000258004 1.0347000000343485 1.1927000000395935
1.0347000000343485 1.1927000000395935 1.655200000054947
1.1927000000395935 1.655200000054947 0.7915000000262751
1.655200000054947 0.7915000000262751 1.0592000000351618
0.7915000000262751 1.0592000000351618 0.8255000000274038
1.0592000000351618 0.8255000000274038 0.8435000000280013
0.8255000000274038 0.8435000000280013 1.493800000049589
0.8435000000280013 1.493800000049589 1.092400000036264
1.493800000049589 1.092400000036264 1.9361000000642719
1.092400000036264 1.9361000000642719 2.117900000070307
1.9361000000642719 2.117900000070307 1.6038000000532406
2.117900000070307 1.6038000000532406 0.8737000000290038
1.6038000000532406 0.8737000000290038 1.074600000035673
0.8737000000290038 1.074600000035673 0.9030000000299765
1.074600000035673 0.9030000000299765 1.6328000000542033
0.9030000000299765 1.6328000000542033 1.2574000000417414
1.6328000000542033 1.2574000000417414 1.0637000000353112
1.2574000000417414 1.0637000000353112 1.38900000004611
1.0637000000353112 1.38900000004611 2.2986000000763056
1.38900000004611 2.2986000000763056 1.1708000000388665
2.2986000000763056 1.1708000000388665 0.8995000000298603
1.1708000000388665 0.8995000000298603 1.4573000000483773
0.8995000000298603 1.4573000000483773 0.8441000000280212
1.4573000000483773 0.8441000000280212 0.9544000000316828
0.8441000000280212 0.9544000000316828 2.0824000000691285
0.9544000000316828 2.0824000000691285 1.0354000000343717
2.0824000000691285 1.0354000000343717 2.0260000000672562
1.0354000000343717 2.0260000000672562 0.7988000000265174
2.0260000000672562 0.7988000000265174 0.8686000000288345
0.7988000000265174 0.8686000000288345 1.4997000000497849
0.8686000000288345 1.4997000000497849 1.5589000000517501
1.4997000000497849 1.5589000000517501 1.5403000000511327
1.5589000000517501 1.5403000000511327 1.4612000000485068
1.5403000000511327 1.4612000000485068 1.6989000000563976
1.4612000000485068 1.6989000000563976 0.767400000025475
1.6989000000563976 0.767400000025475 0.9978000000331235
0.767400000025475 0.9978000000331235 0.8470000000281175
0.9978000000331235 0.8470000000281175 0.7870000000261257
0.8470000000281175 0.7870000000261257 0.8956000000297308
0.7870000000261257 0.8956000000297308 1.4635000000485832
0.8956000000297308 1.4635000000485832 1.0656000000353743
1.4635000000485832 1.0656000000353743 1.0684000000354672
1.0656000000353743 1.0684000000354672 1.5051000000499641
1.0684000000354672 1.5051000000499641 0.9883000000328082
1.5051000000499641 0.9883000000328082 1.4655000000486496
0.9883000000328082 1.4655000000486496 2.0601000000683882
1.4655000000486496 2.0601000000683882 0.843400000027998
2.0601000000683882 0.843400000027998 0.806800000026783
0.843400000027998 0.806800000026783 0.947900000031467
0.806800000026783 0.947900000031467 2.215800000073557
0.947900000031467 2.215800000073557 1.3697000000454693
2.215800000073557 1.3697000000454693 2.21920000007367
1.3697000000454693 2.21920000007367 1.4871000000493666
2.21920000007367 1.4871000000493666 0.9570000000317691
1.4871000000493666 0.9570000000317691 1.4946000000496156
0.9570000000317691 1.4946000000496156 1.496300000049672
1.4946000000496156 1.496300000049672 1.5650000000519526
1.496300000049672 1.5650000000519526 0.7775000000258103
1.5650000000519526 0.7775000000258103 0.7778000000258203
0.7775000000258103 0.7778000000258203 1.0751000000356896
0.7778000000258203 1.0751000000356896 0.8555000000283997
1.0751000000356896 0.8555000000283997 0.894700000029701
0.8555000000283997 0.894700000029701 2.002200000066466
0.894700000029701 2.002200000066466 1.0635000000353045
2.002200000066466 1.0635000000353045 1.4163000000470163
1.0635000000353045 1.4163000000470163 1.578600000052404
1.4163000000470163 1.578600000052404 1.4892000000494363
1.578600000052404 1.4892000000494363 0.9416000000312579
1.4892000000494363 0.9416000000312579 2.14600000007124
0.9416000000312579 2.14600000007124 0.8936000000296644
2.14600000007124 0.8936000000296644 1.4020000000465416
0.8936000000296644 1.4020000000465416 1.0177000000337841
1.4020000000465416 1.0177000000337841 2.0928000000694738
1.0177000000337841 2.0928000000694738 1.8643000000618883
2.0928000000694738 1.8643000000618883 1.086500000036068
1.8643000000618883 1.086500000036068 2.140400000071054
1.086500000036068 2.140400000071054 2.0824000000691285
2.140400000071054 2.0824000000691285 2.157700000071628
2.0824000000691285 2.157700000071628 0.8216000000272743
2.157700000071628 0.8216000000272743 0.782400000025973
0.8216000000272743 0.782400000025973 1.1906000000395238
0.782400000025973 1.1906000000395238 1.0973000000364266
1.1906000000395238 1.0973000000364266 2.2369000000742574
1.0973000000364266 2.2369000000742574 1.3293000000441282
2.2369000000742574 1.3293000000441282 0.9739000000323301
1.3293000000441282 0.9739000000323301 1.5004000000498081
0.9739000000323301 1.5004000000498081 2.1763000000722457
1.5004000000498081 2.1763000000722457 1.416200000047013
2.1763000000722457 1.416200000047013 1.637100000054346
1.416200000047013 1.637100000054346 0.9523000000316131
1.637100000054346 0.9523000000316131 2.087200000069288
0.9523000000316131 2.087200000069288 0.9510000000315699
2.087200000069288 0.9510000000315699 1.4752000000489716
0.9510000000315699 1.4752000000489716 1.491600000049516
1.4752000000489716 1.491600000049516 0.845900000028081
1.491600000049516 0.845900000028081 1.4905000000494795
0.845900000028081 1.4905000000494795 1.142800000037937
1.4905000000494795 1.142800000037937 1.9673000000653076
1.142800000037937 1.9673000000653076 2.48279999996916
1.9673000000653076 2.48279999996916 1.6416999995878996
2.48279999996916 1.6416999995878996 0.9079999997720734
1.6416999995878996 0.9079999997720734 2.032299999489851
0.9079999997720734 2.032299999489851 1.011199999746168
2.032299999489851 1.011199999746168 1.4614999996331335
1.011199999746168 1.4614999996331335 1.6523999995852137
1.4614999996331335 1.6523999995852137 1.531499999615562
1.6523999995852137 1.531499999615562 1.465899999632029
1.531499999615562 1.465899999632029 2.1425999994621634
1.465899999632029 2.1425999994621634 0.9566999997598487
2.1425999994621634 0.9566999997598487 1.503099999622691
0.9566999997598487 1.503099999622691 1.4536999996350914
1.503099999622691 1.4536999996350914 1.6541999995847618
1.4536999996350914 1.6541999995847618 1.5625999996077553
1.6541999995847618 1.5625999996077553 1.6634999995824273
1.5625999996077553 1.6634999995824273 0.8559999997851264
1.6634999995824273 0.8559999997851264 1.0350999997401686
0.8559999997851264 1.0350999997401686 0.807399999797326
1.0350999997401686 0.807399999797326 0.8206999997939874
0.807399999797326 0.8206999997939874 1.9789999995032304
0.8206999997939874 1.9789999995032304 0.7746999998055344
1.9789999995032304 0.7746999998055344 0.8765999997799554
0.7746999998055344 0.8765999997799554 0.8249999997929081
0.8765999997799554 0.8249999997929081 0.7634999998083458
0.8249999997929081 0.7634999998083458 0.8654999997827417
0.7634999998083458 0.8654999997827417 0.8793999997792525
0.8654999997827417 0.8793999997792525 0.7626999998085466
0.8793999997792525 0.7626999998085466 0.8169999997949162
0.7626999998085466 0.8169999997949162 1.0045999997478248
0.8169999997949162 1.0045999997478248 0.792699999801016
1.0045999997478248 0.792699999801016 0.7982999997996103
0.792699999801016 0.7982999997996103 1.4229999996427978
0.7982999997996103 1.4229999996427978 0.9285999997669023
1.4229999996427978 0.9285999997669023 1.4968999996242474
0.9285999997669023 1.4968999996242474 0.8974999997747091
1.4968999996242474 0.8974999997747091 1.3980999996490482
0.8974999997747091 1.3980999996490482 1.1253999997175015
1.3980999996490482 1.1253999997175015 1.0247999997427542
1.1253999997175015 1.0247999997427542 1.7944999995495436
1.0247999997427542 1.7944999995495436 0.846599999787486
1.7944999995495436 0.846599999787486 1.0027999997482766
0.846599999787486 1.0027999997482766 0.7935999998007901
1.0027999997482766 0.7935999998007901 0.7878999998022209
0.7935999998007901 0.7878999998022209 1.4967999996242725
0.7878999998022209 1.4967999996242725 0.879899999779127
1.4967999996242725 0.879899999779127 2.107899999470874
0.879899999779127 2.107899999470874 2.078199999478329
2.107899999470874 2.078199999478329 0.7888999998019699
2.078199999478329 0.7888999998019699 0.8411999997888415
0.7888999998019699 0.8411999997888415 1.6505999995856655
0.8411999997888415 1.6505999995856655 0.8239999997931591
1.6505999995856655 0.8239999997931591 0.9686999997568364
0.8239999997931591 0.9686999997568364 0.7800999998041789
0.9686999997568364 0.7800999998041789 0.785899999802723
0.7800999998041789 0.785899999802723 1.2205999996936043
0.785899999802723 1.2205999996936043 1.034799999740244
1.2205999996936043 1.034799999740244 1.3758999996546208
1.034799999740244 1.3758999996546208 1.591299999600551
1.3758999996546208 1.591299999600551 0.8796999997791772
1.591299999600551 0.8796999997791772 1.3209999996684019
0.8796999997791772 1.3209999996684019 0.9395999997641411
1.3209999996684019 0.9395999997641411 1.522799999617746
0.9395999997641411 1.522799999617746 1.4959999996244733
1.522799999617746 1.4959999996244733 1.5209999996181978
1.4959999996244733 1.5209999996181978 0.775099999805434
1.5209999996181978 0.775099999805434 0.8339999997906489
0.775099999805434 0.8339999997906489 1.4477999996365725
0.8339999997906489 1.4477999996365725 1.0408999997387127
1.4477999996365725 1.0408999997387127 1.2942999996751041
1.0408999997387127 1.2942999996751041 1.3280999996666196
1.2942999996751041 1.3280999996666196 2.470099999379954
1.3280999996666196 2.470099999379954 0.847599999787235
2.470099999379954 0.847599999787235 1.021099999743683
0.847599999787235 1.021099999743683 0.8011999997988823
1.021099999743683 0.8011999997988823 0.7999999997991836
0.8011999997988823 0.7999999997991836 1.386599999651935
0.7999999997991836 1.386599999651935 1.0615999997335166
1.386599999651935 1.0615999997335166 2.1043999994717524
1.0615999997335166 2.1043999994717524 1.461999999633008
2.1043999994717524 1.461999999633008 1.6319999995903345
1.461999999633008 1.6319999995903345 0.7690999998069401
1.6319999995903345 0.7690999998069401 1.0677999997319603
0.7690999998069401 1.0677999997319603 1.0335999997405452
1.0677999997319603 1.0335999997405452 1.630499999590711
1.0335999997405452 1.630499999590711 0.9040999997730523
1.630499999590711 0.9040999997730523 1.2321999996906925
0.9040999997730523 1.2321999996906925 1.5115999996205574
1.2321999996906925 1.5115999996205574 0.9374999997646682
1.5115999996205574 0.9374999997646682 2.1531999994595026
0.9374999997646682 2.1531999994595026 1.4427999996378276
2.1531999994595026 1.4427999996378276 1.08269999972822
1.4427999996378276 1.08269999972822 1.2459999996872284
1.08269999972822 1.2459999996872284 0.985799999752544
1.2459999996872284 0.985799999752544 1.4499999996360202
0.985799999752544 1.4499999996360202 1.5432999996126
1.4499999996360202 1.5432999996126 1.0792999997290735
1.5432999996126 1.0792999997290735 2.316399999418536
1.0792999997290735 2.316399999418536 2.034299999489349
2.316399999418536 2.034299999489349 1.2398999996887596
2.034299999489349 1.2398999996887596 1.4696999996310751
1.2398999996887596 1.4696999996310751 2.2170999994434624
1.4696999996310751 2.2170999994434624 0.9807999997537991
2.2170999994434624 0.9807999997537991 2.0985999994732083
0.9807999997537991 2.0985999994732083 0.7880999998021707
2.0985999994732083 0.7880999998021707 0.8077999997972256
0.7880999998021707 0.8077999997972256 1.4006999996483955
0.8077999997972256 1.4006999996483955 1.044599999737784
1.4006999996483955 1.044599999737784 2.1168999994686146
1.044599999737784 2.1168999994686146 1.4732999996301714
2.1168999994686146 1.4732999996301714 1.3118999996706862
1.4732999996301714 1.3118999996706862 1.7418999995627473
1.3118999996706862 1.7418999995627473 0.824099999793134
1.7418999995627473 0.824099999793134 1.593199999600074
0.824099999793134 1.593199999600074 0.7611999998089232
1.593199999600074 0.7611999998089232 0.8885999997769432
0.7611999998089232 0.8885999997769432 1.0021999997484272
0.8885999997769432 1.0021999997484272 0.8212999997938368
1.0021999997484272 0.8212999997938368 0.9531999997607272
0.8212999997938368 0.9531999997607272 2.0993999994730075
0.9531999997607272 2.0993999994730075 1.4535999996351165
2.0993999994730075 1.4535999996351165 1.6276999995914139
1.4535999996351165 1.6276999995914139 0.7728999998059862
1.6276999995914139 0.7728999998059862 0.9975999997495819
0.7728999998059862 0.9975999997495819 1.279799999678744
0.9975999997495819 1.279799999678744 1.222899999693027
1.279799999678744 1.222899999693027 1.2323999996906423
1.222899999693027 1.2323999996906423 1.0750999997301278
1.2323999996906423 1.0750999997301278 0.8306999997914772
1.0750999997301278 0.8306999997914772 0.7817999998037521
0.8306999997914772 0.7817999998037521 0.995599999750084
0.7817999998037521 0.995599999750084 1.276699999679522
0.995599999750084 1.276699999679522 2.480899999377243
1.276699999679522 2.480899999377243 1.2234999996928764
2.480899999377243 1.2234999996928764 2.0579999994833997
1.2234999996928764 2.0579999994833997 2.1539999994593018
2.0579999994833997 2.1539999994593018 1.4474999996366478
2.1539999994593018 1.4474999996366478 2.1081999994707985
1.4474999996366478 2.1081999994707985 1.1537999997103725
2.1081999994707985 1.1537999997103725 1.2145999996951105
1.1537999997103725 1.2145999996951105 0.9754999997551295
1.2145999996951105 0.9754999997551295 1.5134999996200804
0.9754999997551295 1.5134999996200804 1.4489999996362712
1.5134999996200804 1.4489999996362712 1.0311999997411476
1.4489999996362712 1.0311999997411476 2.2188999994430105
1.0311999997411476 2.2188999994430105 1.3612999996582857
2.2188999994430105 1.3612999996582857 2.076399999478781
1.3612999996582857 2.076399999478781 0.9271999997672538
2.076399999478781 0.9271999997672538 0.8598999997841474
0.9271999997672538 0.8598999997841474 1.5210999996181727
0.8598999997841474 1.5210999996181727 1.5436999996124996
1.5210999996181727 1.5436999996124996 1.5278999996164657
1.5436999996124996 1.5278999996164657 0.9204999997689356
1.5278999996164657 0.9204999997689356 1.6846999995771057
0.9204999997689356 1.6846999995771057 0.8193999997943138
1.6846999995771057 0.8193999997943138 0.9517999997610787
0.8193999997943138 0.9517999997610787 0.7764999998050826
0.9517999997610787 0.7764999998050826 0.7808999998039781
0.7764999998050826 0.7808999998039781 1.1153999997200117
0.7808999998039781 1.1153999997200117 0.8944999997754621
1.1153999997200117 0.8944999997754621 1.4703999996308994
0.8944999997754621 1.4703999996308994 0.9538999997605515
1.4703999996308994 0.9538999997605515 1.4901999996259292
0.9538999997605515 1.4901999996259292 1.6047999995971622
1.4901999996259292 1.6047999995971622 0.8707999997814113
1.6047999995971622 0.8707999997814113 1.0753999997300525
0.8707999997814113 1.0753999997300525 0.8987999997743827
1.0753999997300525 0.8987999997743827 1.6740999995797665
0.8987999997743827 1.6740999995797665 1.1842999997027164
1.6740999995797665 1.1842999997027164 0.8644999997829927
1.1842999997027164 0.8644999997829927 1.5082999996213857
0.8644999997829927 1.5082999996213857 0.7921999998011415
1.5082999996213857 0.7921999998011415 0.7792999998043797
0.7921999998011415 0.7792999998043797 1.2144999996951356
0.7792999998043797 1.2144999996951356 1.028899999741725
1.2144999996951356 1.028899999741725 1.581499999603011
1.028899999741725 1.581499999603011 0.9027999997733787
1.581499999603011 0.9027999997733787 1.1391999997140374
0.9027999997733787 1.1391999997140374 1.1578999997093433
1.1391999997140374 1.1578999997093433 1.4180999996440278
1.1578999997093433 1.4180999996440278 2.4454999993861293
1.4180999996440278 2.4454999993861293 1.7329999995649814
2.4454999993861293 1.7329999995649814 1.4495999996361206
1.7329999995649814 1.4495999996361206 1.544199999612374
1.4495999996361206 1.544199999612374 1.5198999996184739
1.544199999612374 1.5198999996184739 0.7806999998040283
1.5198999996184739 0.7806999998040283 1.2576999996842915
0.7806999998040283 1.2576999996842915 0.9855999997525942
1.2576999996842915 0.9855999997525942 1.5673999996065504
0.9855999997525942 1.5673999996065504 1.6162999995942755
1.5673999996065504 1.6162999995942755 1.465999999632004
1.6162999995942755 1.465999999632004 2.3140999994191134
1.465999999632004 2.3140999994191134 0.7792999998043797
2.3140999994191134 0.7792999998043797 0.7773999998048566
0.7792999998043797 0.7773999998048566 0.9636999997580915
0.7773999998048566 0.9636999997580915 0.8057999997977277
0.9636999997580915 0.8057999997977277 0.7657999998077685
0.8057999997977277 0.7657999998077685 1.0279999997419509
0.7657999998077685 1.0279999997419509 0.9574999997596478
1.0279999997419509 0.9574999997596478 1.2319999996907427
0.9574999997596478 1.2319999996907427 1.7312999995654081
1.2319999996907427 1.7312999995654081 2.083299999477049
1.7312999995654081 2.083299999477049 2.139999999462816
2.083299999477049 2.139999999462816 1.6495999995859165
2.139999999462816 1.6495999995859165 0.7793999998043546
1.6495999995859165 0.7793999998043546 1.0727999997307052
0.7793999998043546 1.0727999997307052 0.8497999997866827
1.0727999997307052 0.8497999997866827 0.8810999997788258
0.8497999997866827 0.8810999997788258 1.9590999995082257
0.8810999997788258 1.9590999995082257 0.9389999997642917
1.9590999995082257 0.9389999997642917 0.8195999997942636
0.9389999997642917 0.8195999997942636 1.0095999997465697
0.8195999997942636 1.0095999997465697 2.0130999994946706
1.0095999997465697 2.0130999994946706 1.9130999995197726
2.0130999994946706 1.9130999995197726 1.844199999537068
1.9130999995197726 1.844199999537068 2.0306999994902526
1.844199999537068 2.0306999994902526 2.104699999471677
2.0306999994902526 2.104699999471677 1.5685999996062492
2.104699999471677 1.5685999996062492 2.065499999481517
1.5685999996062492 2.065499999481517 1.4494999996361457
2.065499999481517 1.4494999996361457 2.2166999994435628
1.4494999996361457 2.2166999994435628 1.0431999997381354
2.2166999994435628 1.0431999997381354 2.1257999994663805
1.0431999997381354 2.1257999994663805 1.5012999996231429
2.1257999994663805 1.5012999996231429 0.975999999755004
1.5012999996231429 0.975999999755004 1.3915999996506798
0.975999999755004 1.3915999996506798 2.1269999994660793
1.3915999996506798 2.1269999994660793 1.6005999995982165
2.1269999994660793 1.6005999995982165 0.8092999997968491
1.6005999995982165 0.8092999997968491 1.1842999997027164
0.8092999997968491 1.1842999997027164 1.1470999997120543
1.1842999997027164 1.1470999997120543 1.1383999997142382
1.1470999997120543 1.1383999997142382 0.794699999800514
1.1383999997142382 0.794699999800514 0.8118999997961964
0.794699999800514 0.8118999997961964 1.3861999996520353
0.8118999997961964 1.3861999996520353 1.692299999575198
1.3861999996520353 1.692299999575198 1.4799999996284896
1.692299999575198 1.4799999996284896 1.5455999996120227
1.4799999996284896 1.5455999996120227 0.9453999997626852
1.5455999996120227 0.9453999997626852 1.286599999677037
0.9453999997626852 1.286599999677037 1.5665999996067512
1.286599999677037 1.5665999996067512 1.4925999996253267
1.5665999996067512 1.4925999996253267 0.9838999997530209
1.4925999996253267 0.9838999997530209 2.00369999949703
0.9838999997530209 2.00369999949703 1.570699999605722
2.00369999949703 1.570699999605722 0.8790999997793278
1.570699999605722 0.8790999997793278 2.0736999994794587
0.8790999997793278 2.0736999994794587 0.8322999997910756
2.0736999994794587 0.8322999997910756 0.7918999998012168
0.8322999997910756 0.7918999998012168 0.9711999997562089
0.7918999998012168 0.9711999997562089 1.3655999996572064
0.9711999997562089 1.3655999996572064 1.3745999996549472
1.3655999996572064 1.3745999996549472 2.16069999945762
1.3745999996549472 2.16069999945762 2.7960999992981215
2.16069999945762 2.7960999992981215 0.8570999997848503
2.7960999992981215 0.8570999997848503 2.251899999434727
0.8570999997848503 2.251899999434727 2.037199999488621
2.251899999434727 2.037199999488621 2.040099999487893
2.037199999488621 2.040099999487893 2.119399999467987
2.040099999487893 2.119399999467987 1.4653999996321545
2.119399999467987 1.4653999996321545 1.3783999996539933
1.4653999996321545 1.3783999996539933 2.164399999456691
1.3783999996539933 2.164399999456691 1.96959999950559
2.164399999456691 1.96959999950559 1.0775999997295003
1.96959999950559 1.0775999997295003 0.7678999998072413
1.0775999997295003 0.7678999998072413 0.8002999997991083
0.7678999998072413 0.8002999997991083 1.1094999997214927
0.8002999997991083 1.1094999997214927 0.870099999781587
1.1094999997214927 0.870099999781587 1.475799999629544
0.870099999781587 1.475799999629544 0.884799999777897
1.475799999629544 0.884799999777897 1.6505999995856655
0.884799999777897 1.6505999995856655 1.3709999996558508
1.6505999995856655 1.3709999996558508 2.212699999444567
1.3709999996558508 2.212699999444567 1.5159999996194529
2.212699999444567 1.5159999996194529 0.9245999997679064
1.5159999996194529 0.9245999997679064 1.6085999995962084
0.9245999997679064 1.6085999995962084 0.8098999997966985
1.6085999995962084 0.8098999997966985 1.0213999997436076
0.8098999997966985 1.0213999997436076 0.8002999997991083
1.0213999997436076 0.8002999997991083 0.8065999997975268
0.8002999997991083 0.8065999997975268 1.3751999996547966
0.8065999997975268 1.3751999996547966 1.6180999995938237
1.3751999996547966 1.6180999995938237 1.477599999629092
1.6180999995938237 1.477599999629092 0.8089999997969244
1.477599999629092 0.8089999997969244 0.8334999997907744
0.8089999997969244 0.8334999997907744 1.495299999624649
0.8334999997907744 1.495299999624649 0.8264999997925315
1.495299999624649 0.8264999997925315 1.4209999996432998
0.8264999997925315 1.4209999996432998 2.2463999994361075
1.4209999996432998 2.2463999994361075 0.9599999997590203
2.2463999994361075 0.9599999997590203 1.4024999996479437
0.9599999997590203 1.4024999996479437 2.138899999463092
1.4024999996479437 2.138899999463092 1.509899999620984
2.138899999463092 1.509899999620984 2.0985999994732083
1.509899999620984 2.0985999994732083 2.343999999411608
2.0985999994732083 2.343999999411608 0.9296999997666262
2.343999999411608 0.9296999997666262 1.1232999997180286
0.9296999997666262 1.1232999997180286 1.2115999996958635
1.1232999997180286 1.2115999996958635 1.0805999997287472
1.2115999996958635 1.0805999997287472 0.7785999998045554
1.0805999997287472 0.7785999998045554 0.8138999997956944
0.7785999998045554 0.8138999997956944 1.454099999634991
0.8138999997956944 1.454099999634991 0.9476999997621078
1.454099999634991 0.9476999997621078 1.3830999996528135
0.9476999997621078 1.3830999996528135 1.2164999996946335
1.3830999996528135 1.2164999996946335 1.1001999997238272
1.2164999996946335 1.1001999997238272 1.3954999996497008
1.1001999997238272 1.3954999996497008 0.942599999763388
1.3954999996497008 0.942599999763388 1.5175999996190512
0.942599999763388 1.5175999996190512 1.5152999996196286
1.5175999996190512 1.5152999996196286 1.53839999961383
1.5152999996196286 1.53839999961383 1.6532999995849877
1.53839999961383 1.6532999995849877 1.085699999727467
1.6532999995849877 1.085699999727467 0.9929999997507366
1.085699999727467 0.9929999997507366 1.423699999642622
0.9929999997507366 1.423699999642622 0.9036999997731527
1.423699999642622 0.9036999997731527 1.4573999996341627
0.9036999997731527 1.4573999996341627 0.8676999997821895
1.4573999996341627 0.8676999997821895 1.4743999996298953
0.8676999997821895 1.4743999996298953 0.8491999997868334
1.4743999996298953 0.8491999997868334 1.4843999996273851
0.8491999997868334 1.4843999996273851 0.8355999997902472
1.4843999996273851 0.8355999997902472 1.4960999996244482
0.8355999997902472 1.4960999996244482 0.8036999997982548
1.4960999996244482 0.8036999997982548 0.931899999766074
0.8036999997982548 0.931899999766074 2.064599999481743
0.931899999766074 2.064599999481743 1.4415999996381288
2.064599999481743 1.4415999996381288 0.8437999997881889
1.4415999996381288 0.8437999997881889 0.7863999998025974
0.8437999997881889 0.7863999998025974 0.9125999997709187
0.7863999998025974 0.9125999997709187 1.4585999996338614
0.9125999997709187 1.4585999996338614 1.0419999997384366
1.4585999996338614 1.0419999997384366 0.9859999997524937
1.0419999997384366 0.9859999997524937 1.4375999996391329
0.9859999997524937 1.4375999996391329 0.9620999997584931
1.4375999996391329 0.9620999997584931 1.5368999996142065
0.9620999997584931 1.5368999996142065 1.5278999996164657
1.5368999996142065 1.5278999996164657 0.8792999997792776
1.5278999996164657 0.8792999997792776 1.5233999996175953
0.8792999997792776 1.5233999996175953 0.9090999997717972
1.5233999996175953 0.9090999997717972 2.4832999993766407
0.9090999997717972 2.4832999993766407 1.6188999995936229
2.4832999993766407 1.6188999995936229 0.8236999997932344
1.6188999995936229 0.8236999997932344 1.550099999610893
0.8236999997932344 1.550099999610893 0.7683999998071158
1.550099999610893 0.7683999998071158 1.0545999997352737
0.7683999998071158 1.0545999997352737 1.0262999997423776
1.0545999997352737 1.0262999997423776 1.6396999995884016
1.0262999997423776 1.6396999995884016 0.9748999997552801
1.6396999995884016 0.9748999997552801 2.4325999993893674
0.9748999997552801 2.4325999993893674 1.173799999705352
2.4325999993893674 1.173799999705352 2.0463999994863116
1.173799999705352 2.0463999994863116 2.186999999451018
2.0463999994863116 2.186999999451018 1.4973999996241218
2.186999999451018 1.4973999996241218 1.3087999996714643
1.4973999996241218 1.3087999996714643 1.8456999995366914
1.3087999996714643 1.8456999995366914 1.2093999996964158
1.8456999995366914 1.2093999996964158 0.8694999997817376
1.2093999996964158 0.8694999997817376 1.5102999996208837
0.8694999997817376 1.5102999996208837 1.474799999629795
1.5102999996208837 1.474799999629795 1.0352999997401184
1.474799999629795 1.0352999997401184 1.3582999996590388
1.0352999997401184 1.3582999996590388 1.7161999995691986
1.3582999996590388 1.7161999995691986 0.8369999997898958
1.7161999995691986 0.8369999997898958 1.062199999733366
0.8369999997898958 1.062199999733366 0.8493999997867832
1.062199999733366 0.8493999997867832 0.855399999785277
0.8493999997867832 0.855399999785277 1.5231999996176455
0.855399999785277 1.5231999996176455 1.577499999604015
1.5231999996176455 1.577499999604015 1.4509999996357692
1.577499999604015 1.4509999996357692 1.6151999995945516
1.4509999996357692 1.6151999995945516 0.7774999998048315
1.6151999995945516 0.7774999998048315 1.1615999997084145
0.7774999998048315 1.1615999997084145 1.103399999723024
1.1615999997084145 1.103399999723024 1.3591999996588129
1.103399999723024 1.3591999996588129 2.3225999994169797
1.3591999996588129 2.3225999994169797 1.0838999997279188
2.3225999994169797 1.0838999997279188 0.982799999753297
1.0838999997279188 0.982799999753297 1.4186999996438772
0.982799999753297 1.4186999996438772 0.8686999997819385
1.4186999996438772 0.8686999997819385 0.8467999997874358
0.8686999997819385 0.8467999997874358 1.4967999996242725
0.8467999997874358 1.4967999996242725 1.5323999996153361
1.4967999996242725 1.5323999996153361 0.7819999998037019
1.5323999996153361 0.7819999998037019 0.7793999998043546
0.7819999998037019 0.7793999998043546 1.1516999997108996
0.7793999998043546 1.1516999997108996 0.9920999997509625
1.1516999997108996 0.9920999997509625 1.4686999996313261
0.9920999997509625 1.4686999996313261 1.7782999995536102
1.4686999996313261 1.7782999995536102 0.7744999998055846
1.7782999995536102 0.7744999998055846 0.9562999997599491
0.7744999998055846 0.9562999997599491 0.8111999997963721
0.9562999997599491 0.8111999997963721 0.7640999998081952
0.8111999997963721 0.7640999998081952 0.996499999749858
0.7640999998081952 0.996499999749858 0.9585999997593717
0.996499999749858 0.9585999997593717 0.916199999770015
0.9585999997593717 0.916199999770015 1.5992999995985429
0.916199999770015 1.5992999995985429 1.4195999996436512
1.5992999995985429 1.4195999996436512 1.4712999996306735
1.4195999996436512 1.4712999996306735 2.1563999994586993
1.4712999996306735 2.1563999994586993 1.5875999996014798
2.1563999994586993 1.5875999996014798 1.5015999996230676
1.5875999996014798 1.5015999996230676 0.786799999802497
1.5015999996230676 0.786799999802497 0.8137999997957195
0.786799999802497 0.8137999997957195 1.3939999996500774
0.8137999997957195 1.3939999996500774 1.5986999995986935
1.3939999996500774 1.5986999995986935 0.7846999998030242
1.5986999995986935 0.7846999998030242 1.4123999996454586
0.7846999998030242 1.4123999996454586 0.9204999997689356
1.4123999996454586 0.9204999997689356 2.1011999994725556
0.9204999997689356 2.1011999994725556 1.5262999996168674
2.1011999994725556 1.5262999996168674 1.286499999677062
1.5262999996168674 1.286499999677062 1.1497999997113766
1.286499999677062 1.1497999997113766 2.1667999994560887
1.1497999997113766 2.1667999994560887 1.3107999996709623
2.1667999994560887 1.3107999996709623 0.9885999997518411
1.3107999996709623 0.9885999997518411 1.5389999996136794
0.9885999997518411 1.5389999996136794 0.9044999997729519
1.5389999996136794 0.9044999997729519 1.4996999996235445
0.9044999997729519 1.4996999996235445 2.0935999994744634
1.4996999996235445 2.0935999994744634 1.0107999997462684
2.0935999994744634 1.0107999997462684 1.4696999996310751
1.0107999997462684 1.4696999996310751 1.656999999584059
1.4696999996310751 1.656999999584059 0.8736999997806834
1.656999999584059 0.8736999997806834 2.2463999994361075
0.8736999997806834 2.2463999994361075 2.3305999994149715
2.2463999994361075 2.3305999994149715 1.246399999687128
2.3305999994149715 1.246399999687128 1.9745999995043348
1.246399999687128 1.9745999995043348 2.4881999993754107
1.9745999995043348 2.4881999993754107 1.6335999995899328
2.4881999993754107 1.6335999995899328 0.8561999997850762
1.6335999995899328 0.8561999997850762 1.5222999996178714
0.8561999997850762 1.5222999996178714 1.5606999996082322
1.5222999996178714 1.5606999996082322 1.486499999626858
1.5606999996082322 1.486499999626858 1.008399999746871
1.486499999626858 1.008399999746871 2.052999999484655
1.008399999746871 2.052999999484655 0.9552999997602001
2.052999999484655 0.9552999997602001 2.066699999481216
0.9552999997602001 2.066699999481216 0.9478999997620576
2.066699999481216 0.9478999997620576 1.4842999996274102
0.9478999997620576 1.4842999996274102 0.870099999781587
1.4842999996274102 0.870099999781587 1.460999999633259
0.870099999781587 1.460999999633259 1.0133999997456158
1.460999999633259 1.0133999997456158 2.2238999994417554
1.0133999997456158 2.2238999994417554 1.1479999997118284
2.2238999994417554 1.1479999997118284 0.8136999997957446
1.1479999997118284 0.8136999997957446 0.8266999997924813
0.8136999997957446 0.8266999997924813 1.520699999618273
0.8266999997924813 1.520699999618273 0.7918999998012168
1.520699999618273 0.7918999998012168 1.350199999661072
0.7918999998012168 1.350199999661072 0.9343999997654464
1.350199999661072 0.9343999997654464 1.7062999995716837
0.9343999997654464 1.7062999995716837 1.9296999995156057
1.7062999995716837 1.9296999995156057 2.169499999455411
1.9296999995156057 2.169499999455411 1.4650999996322298
2.169499999455411 1.4650999996322298 1.0707999997312072
1.4650999996322298 1.0707999997312072 2.0649999994816426
1.0707999997312072 2.0649999994816426 1.5204999996183233
2.0649999994816426 1.5204999996183233 1.4516999996355935
1.5204999996183233 1.4516999996355935 0.8911999997762905
1.4516999996355935 0.8911999997762905 1.3145999996700084
0.8911999997762905 1.3145999996700084 0.9395999997641411
1.3145999996700084 0.9395999997641411 1.5302999996158633
0.9395999997641411 1.5302999996158633 1.4927999996252765
1.5302999996158633 1.4927999996252765 1.0119999997459672
1.4927999996252765 1.0119999997459672 1.9899999995004691
1.0119999997459672 1.9899999995004691 2.1661999994562393
1.9899999995004691 2.1661999994562393 0.8007999997989828
2.1661999994562393 0.8007999997989828 0.7872999998023715
0.8007999997989828 0.7872999998023715 1.650999999585565
0.7872999998023715 1.650999999585565 0.8241999997931089
1.650999999585565 0.8241999997931089 0.9831999997531966
0.8241999997931089 0.9831999997531966 0.8327999997909501
0.9831999997531966 0.8327999997909501 0.7747999998055093
0.8327999997909501 0.7747999998055093 0.9666999997573384
0.7747999998055093 0.9666999997573384 1.2705999996810533
0.9666999997573384 1.2705999996810533 1.4986999996237955
1.2705999996810533 1.4986999996237955 0.908299999771998
1.4986999996237955 0.908299999771998 1.4009999996483202
0.908299999771998 1.4009999996483202 2.1219999994673344
1.4009999996483202 2.1219999994673344 0.9532999997607021
2.1219999994673344 0.9532999997607021 1.7246999995670649
0.9532999997607021 1.7246999995670649 1.2242999996926756
1.7246999995670649 1.2242999996926756 2.1490999994605318
1.2242999996926756 2.1490999994605318 1.6277999995913888
2.1490999994605318 1.6277999995913888 1.6801999995782353
1.6277999995913888 1.6801999995782353 1.169099999706532
1.6801999995782353 1.169099999706532 0.8608999997838964
1.169099999706532 0.8608999997838964 0.9880999997519666
0.8608999997838964 0.9880999997519666 1.99409999949944
0.9880999997519666 1.99409999949944 1.5763999996042912
1.99409999949944 1.5763999996042912 1.0123999997458668
1.5763999996042912 1.0123999997458668 1.9807999995027785
1.0123999997458668 1.9807999995027785 2.1609999994575446
1.9807999995027785 2.1609999994575446 0.8127999997959705
2.1609999994575446 0.8127999997959705 0.7856999998027732
0.8127999997959705 0.7856999998027732 1.6017999995979153
0.7856999998027732 1.6017999995979153 0.8493999997867832
1.6017999995979153 0.8493999997867832 0.9820999997534727
0.8493999997867832 0.9820999997534727 0.8586999997844487
0.9820999997534727 0.8586999997844487 0.7839999998031999
0.8586999997844487 0.7839999998031999 0.8727999997809093
0.7839999998031999 0.8727999997809093 1.4349999996397855
0.8727999997809093 1.4349999996397855 2.100999999472606
1.4349999996397855 2.100999999472606 1.5561999996093618
2.100999999472606 1.5561999996093618 1.4959999996244733
1.5561999996093618 1.4959999996244733 0.8089999997969244
1.4959999996244733 0.8089999997969244 0.9889999997517407
0.8089999997969244 0.9889999997517407 2.139999999462816
0.9889999997517407 2.139999999462816 1.3993999996487219
2.139999999462816 1.3993999996487219 1.4868999996267576
1.3993999996487219 1.4868999996267576 0.9586999997593466
1.4868999996267576 0.9586999997593466 1.5034999996225906
0.9586999997593466 1.5034999996225906 1.5512999996105918
1.5034999996225906 1.5512999996105918 1.561899999607931
1.5512999996105918 1.561899999607931 1.5847999996021827
1.561899999607931 1.5847999996021827 0.9022999997735042
1.5847999996021827 0.9022999997735042 1.1291999997165476
0.9022999997735042 1.1291999997165476 1.0168999997447372
1.1291999997165476 1.0168999997447372 1.4477999996365725
1.0168999997447372 1.4477999996365725 2.1128999994696187
1.4477999996365725 2.1128999994696187 1.4376999996391078
2.1128999994696187 1.4376999996391078 0.8858999997776209
1.4376999996391078 0.8858999997776209 1.4642999996324306
0.8858999997776209 1.4642999996324306 0.8390999997893687
1.4642999996324306 0.8390999997893687 0.983799999753046
0.8390999997893687 0.983799999753046 2.0130999994946706
0.983799999753046 2.0130999994946706 1.5606999996082322
2.0130999994946706 1.5606999996082322 0.9393999997641913
1.5606999996082322 0.9393999997641913 2.1681999994557373
0.9393999997641913 2.1681999994557373 1.356099999659591
2.1681999994557373 1.356099999659591 0.9525999997608778
1.356099999659591 0.9525999997608778 1.5274999996165661
0.9525999997608778 1.5274999996165661 0.9823999997533974
1.5274999996165661 0.9823999997533974 2.0041999994969046
0.9823999997533974 2.0041999994969046 0.9179999997695631
2.0041999994969046 0.9179999997695631 2.028499999490805
0.9179999997695631 2.028499999490805 0.992599999750837
2.028499999490805 0.992599999750837 1.6250999995920665
0.992599999750837 1.6250999995920665 2.166399999456189
1.6250999995920665 2.166399999456189 0.9000999997740564
2.166399999456189 0.9000999997740564 1.4025999996479186
0.9000999997740564 1.4025999996479186 1.4621999996329578
1.4025999996479186 1.4621999996329578 0.9366999997648691
1.4621999996329578 0.9366999997648691 1.4356999996396098
0.9366999997648691 1.4356999996396098 0.9079999997720734
1.4356999996396098 0.9079999997720734 1.4003999996484708
0.9079999997720734 1.4003999996484708 2.1210999994675603
1.4003999996484708 2.1210999994675603 0.9303999997664505
2.1210999994675603 0.9303999997664505 1.4960999996244482
0.9303999997664505 1.4960999996244482 1.2824999996780662
1.4960999996244482 1.2824999996780662 1.1754999997049254
1.2824999996780662 1.1754999997049254 1.480699999628314
1.1754999997049254 1.480699999628314 0.9478999997620576
1.480699999628314 0.9478999997620576 1.4762999996294184
0.9478999997620576 1.4762999996294184 1.5084999996213355
1.4762999996294184 1.5084999996213355 0.7935999998007901
1.5084999996213355 0.7935999998007901 1.444299999637451
0.7935999998007901 1.444299999637451 0.8956999997751609
1.444299999637451 0.8956999997751609 1.3993999996487219
0.8956999997751609 1.3993999996487219 1.0586999997342446
1.3993999996487219 1.0586999997342446 2.0924999994747395
1.0586999997342446 2.0924999994747395 1.5027999996227663
2.0924999994747395 1.5027999996227663 2.133099999464548
1.5027999996227663 2.133099999464548 1.6415999995879247
2.133099999464548 1.6415999995879247 0.7917999998012419
1.6415999995879247 0.7917999998012419 1.081799999728446
0.7917999998012419 1.081799999728446 0.8423999997885403
1.081799999728446 0.8423999997885403 0.9232999997682327
0.8423999997885403 0.9232999997682327 2.4490999993852256
0.9232999997682327 2.4490999993852256 0.8323999997910505
2.4490999993852256 0.8323999997910505 0.9738999997555311
0.8323999997910505 0.9738999997555311 0.7898999998017189
0.9738999997555311 0.7898999998017189 0.7726999998060364
0.7898999998017189 0.7726999998060364 1.1147999997201623
0.7726999998060364 1.1147999997201623 0.9639999997580162
1.1147999997201623 0.9639999997580162 1.8079999995461549
0.9639999997580162 1.8079999995461549 1.1369999997145896
1.8079999995461549 1.1369999997145896 2.1296999994654016
1.1369999997145896 2.1296999994654016 2.1837999994518213
2.1296999994654016 2.1837999994518213 1.3532999996604076
2.1837999994518213 1.3532999996604076 1.7005999995731145
1.3532999996604076 1.7005999995731145 0.8979999997745836
1.7005999995731145 0.8979999997745836 1.9001999995230108
0.8979999997745836 1.9001999995230108 1.1773999997044484
1.9001999995230108 1.1773999997044484 1.3878999996516086
1.1773999997044484 1.3878999996516086 1.6709999995805447
1.3878999996516086 1.6709999995805447 1.5150999996196788
1.6709999995805447 1.5150999996196788 1.4997999996235194
1.5150999996196788 1.4997999996235194 1.409099999646287
1.4997999996235194 1.409099999646287 0.9358999997650699
1.409099999646287 0.9358999997650699 1.5153999996196035
0.9358999997650699 1.5153999996196035 0.8285999997920044
1.5153999996196035 0.8285999997920044 1.3396999996637078
0.8285999997920044 1.3396999996637078 1.411999999645559
1.3396999996637078 1.411999999645559 1.6428999995875984
1.411999999645559 1.6428999995875984 0.7731999998059109
1.6428999995875984 0.7731999998059109 0.8845999997779472
0.7731999998059109 0.8845999997779472 1.3965999996494247
0.8845999997779472 1.3965999996494247 1.16109999970854
1.3965999996494247 1.16109999970854 1.2206999996935792
1.16109999970854 1.2206999996935792 1.3137999996702092
1.2206999996935792 1.3137999996702092 2.137199999463519
1.3137999996702092 2.137199999463519 1.6054999995969865
2.137199999463519 1.6054999995969865 0.7880999998021707
1.6054999995969865 0.7880999998021707 1.197299999699453
0.7880999998021707 1.197299999699453 1.1184999997192335
1.197299999699453 1.1184999997192335 1.1691999997065068
1.1184999997192335 1.1691999997065068 0.8276999997922303
1.1691999997065068 0.8276999997922303 0.8824999997784744
0.8276999997922303 0.8824999997784744 2.0405999994877675
0.8824999997784744 2.0405999994877675 0.8689999997818632
2.0405999994877675 0.8689999997818632 0.8701999997815619
0.8689999997818632 0.8701999997815619 1.6286999995911629
0.8701999997815619 1.6286999995911629 1.438499999638907
1.6286999995911629 1.438499999638907 2.1187999994681377
1.438499999638907 2.1187999994681377 0.845599999787737
2.1187999994681377 0.845599999787737 1.4866999996268078
0.845599999787737 1.4866999996268078 0.8502999997865572
1.4866999996268078 0.8502999997865572 1.5015999996230676
0.8502999997865572 1.5015999996230676 1.4758999996295188
1.5015999996230676 1.4758999996295188 0.8238999997931842
1.4758999996295188 0.8238999997931842 0.9342999997654715
0.8238999997931842 0.9342999997654715 2.1915999994498634
0.9342999997654715 2.1915999994498634 1.183599999702892
2.1915999994498634 1.183599999702892 1.1452999997125062
1.183599999702892 1.1452999997125062 1.290499999676058
1.1452999997125062 1.290499999676058 1.026999999742202
1.290499999676058 1.026999999742202 1.496299999624398
1.026999999742202 1.496299999624398 1.3164999996695315
1.496299999624398 1.3164999996695315 1.8465999995364655
1.3164999996695315 1.8465999995364655 1.1978999996993025
1.8465999995364655 1.1978999996993025 0.8515999997862309
1.1978999996993025 0.8515999997862309 1.4832999996276612
0.8515999997862309 1.4832999996276612 0.8478999997871597
1.4832999996276612 0.8478999997871597 1.491299999625653
0.8478999997871597 1.491299999625653 0.961299999758694
1.491299999625653 0.961299999758694 2.055599999484002
0.961299999758694 2.055599999484002 1.0182999997443858
2.055599999484002 1.0182999997443858 2.3043999994215483
1.0182999997443858 2.3043999994215483 1.3182999996690796
2.3043999994215483 1.3182999996690796 2.0955999994739614
1.3182999996690796 2.0955999994739614 1.5641999996073537
2.0955999994739614 1.5641999996073537 1.5052999996221388
1.5641999996073537 1.5052999996221388 1.4761999996294435
1.5052999996221388 1.4761999996294435 0.8790999997793278
1.4761999996294435 0.8790999997793278 1.583499999602509
0.8790999997793278 1.583499999602509 1.448299999636447
1.583499999602509 1.448299999636447 1.567899999606425
1.448299999636447 1.567899999606425 0.8156999997952425
1.567899999606425 0.8156999997952425 1.3919999996505794
0.8156999997952425 1.3919999996505794 1.5800999996033624
1.3919999996505794 1.5800999996033624 0.9411999997637395
1.5800999996033624 0.9411999997637395 2.1414999994624395
0.9411999997637395 2.1414999994624395 1.2961999996746272
2.1414999994624395 1.2961999996746272 1.104299999722798
1.2961999996746272 1.104299999722798 2.080099999477852
1.104299999722798 2.080099999477852 1.6026999995976894
2.080099999477852 1.6026999995976894 2.383199999401768
1.6026999995976894 2.383199999401768 0.8417999997886909
2.383199999401768 0.8417999997886909 1.0104999997463437
0.8417999997886909 1.0104999997463437 0.7981999997996354
1.0104999997463437 0.7981999997996354 0.7895999998017942
0.7981999997996354 0.7895999998017942 1.5218999996179718
0.7895999998017942 1.5218999996179718 0.8516999997862058
1.5218999996179718 0.8516999997862058 1.1451999997125313
0.8516999997862058 1.1451999997125313 0.9485999997618819
1.1451999997125313 0.9485999997618819 1.5722999996053204
0.9485999997618819 1.5722999996053204 1.3395999996637329
1.5722999996053204 1.3395999996637329 0.9663999997574138
1.3395999996637329 0.9663999997574138 1.5427999996127255
0.9663999997574138 1.5427999996127255 1.4930999996252012
1.5427999996127255 1.4930999996252012 0.8304999997915274
1.4930999996252012 0.8304999997915274 1.5028999996227412
0.8304999997915274 1.5028999996227412 0.8101999997966232
1.5028999996227412 0.8101999997966232 1.4000999996485461
0.8101999997966232 1.4000999996485461 1.0570999997346462
1.4000999996485461 1.0570999997346462 2.088299999475794
1.0570999997346462 2.088299999475794 1.5077999996215112
2.088299999475794 1.5077999996215112 2.132399999464724
1.5077999996215112 2.132399999464724 1.6057999995969112
2.132399999464724 1.6057999995969112 0.7952999998003634
1.6057999995969112 0.7952999998003634 1.1830999997030176
0.7952999998003634 1.1830999997030176 1.5250999996171686
1.1830999997030176 1.5250999996171686 1.2911999996758823
1.5250999996171686 1.2911999996758823 2.176199999453729
1.2911999996758823 2.176199999453729 2.1647999994565907
2.176199999453729 2.1647999994565907 2.043999999486914
2.1647999994565907 2.043999999486914 2.1779999994532773
2.043999999486914 2.1779999994532773 1.4800999996284645
2.1779999994532773 1.4800999996284645 0.958299999759447
1.4800999996284645 0.958299999759447 1.4947999996247745
0.958299999759447 1.4947999996247745 1.641299999588
1.4947999996247745 1.641299999588 1.8615999995327002
1.641299999588 1.8615999995327002 1.7217999995677928
1.8615999995327002 1.7217999995677928 1.6907999995755745
1.7217999995677928 1.6907999995755745 1.2810999996784176
1.6907999995755745 1.2810999996784176 2.192999999449512
1.2810999996784176 2.192999999449512 1.0274999997420764
2.192999999449512 1.0274999997420764 2.244699999436534
1.0274999997420764 2.244699999436534 1.1829999997030427
2.244699999436534 1.1829999997030427 0.8624999997834948
1.1829999997030427 0.8624999997834948 1.5356999996145078
0.8624999997834948 1.5356999996145078 0.7911999998013926
1.5356999996145078 0.7911999998013926 0.7700999998066891
0.7911999998013926 0.7700999998066891 1.078799999729199
0.7700999998066891 1.078799999729199 0.9137999997706174
1.078799999729199 0.9137999997706174 1.456999999634263
0.9137999997706174 1.456999999634263 0.8270999997923809
1.456999999634263 0.8270999997923809 0.7931999998008905
0.8270999997923809 0.7931999998008905 1.2694999996813294
0.7931999998008905 1.2694999996813294 1.0773999997295505
1.2694999996813294 1.0773999997295505 1.490299999625904
1.0773999997295505 1.490299999625904 0.8451999997878374
1.490299999625904 0.8451999997878374 1.4860999996269584
0.8451999997878374 1.4860999996269584 0.8784999997794785
1.4860999996269584 0.8784999997794785 1.3749999996548468
0.8784999997794785 1.3749999996548468 2.177399999453428
1.3749999996548468 2.177399999453428 1.3145999996700084
2.177399999453428 1.3145999996700084 1.1295999997164472
1.3145999996700084 1.1295999997164472 1.4536999996350914
1.1295999997164472 1.4536999996350914 1.6811999995779843
1.4536999996350914 1.6811999995779843 1.4928999996252514
1.6811999995779843 1.4928999996252514 1.617799999593899
1.4928999996252514 1.617799999593899 0.8680999997820891
1.617799999593899 0.8680999997820891 1.0428999997382107
0.8680999997820891 1.0428999997382107 0.8441999997880885
1.0428999997382107 0.8441999997880885 1.491299999625653
0.8441999997880885 1.491299999625653 0.802499999798556
1.491299999625653 0.802499999798556 0.8793999997792525
0.802499999798556 0.8793999997792525 1.6075999995964594
0.8793999997792525 1.6075999995964594 2.000699999497783
1.6075999995964594 2.000699999497783 1.5711999996055965
2.000699999497783 1.5711999996055965 0.9307999997663501
1.5711999996055965 0.9307999997663501 2.2247999994415295
0.9307999997663501 2.2247999994415295 1.0784999997292744
2.2247999994415295 1.0784999997292744 1.0968999997246556
1.0784999997292744 1.0968999997246556 1.5633999996075545
1.0968999997246556 1.5633999996075545 0.9183999997694627
1.5633999996075545 0.9183999997694627 1.369799999656152
0.9183999997694627 1.369799999656152 1.574599999604743
1.369799999656152 1.574599999604743 0.8056999997977528
1.574599999604743 0.8056999997977528 1.4091999996462619
0.8056999997977528 1.4091999996462619 0.9773999997546525
1.4091999996462619 0.9773999997546525 2.152699999459628
0.9773999997546525 2.152699999459628 0.7782999998046307
2.152699999459628 0.7782999998046307 0.778999999804455
0.7782999998046307 0.778999999804455 1.1054999997224968
0.778999999804455 1.1054999997224968 0.8862999997775205
1.1054999997224968 0.8862999997775205 1.4641999996324557
0.8862999997775205 1.4641999996324557 0.8304999997915274
1.4641999996324557 0.8304999997915274 0.8922999997760144
0.8304999997915274 0.8922999997760144 2.0534999994845293
0.8922999997760144 2.0534999994845293 0.9880999997519666
2.0534999994845293 0.9880999997519666 1.4647999996323051
0.9880999997519666 1.4647999996323051 1.6106999995956812
1.4647999996323051 1.6106999995956812 0.794699999800514
1.6106999995956812 0.794699999800514 1.1623999997082137
0.794699999800514 1.1623999997082137 0.9907999997512889
1.1623999997082137 0.9907999997512889 1.4444999996374008
0.9907999997512889 1.4444999996374008 1.5492999996110939
1.4444999996374008 1.5492999996110939 1.498199999623921
1.5492999996110939 1.498199999623921 0.806399999797577
1.498199999623921 0.806399999797577 1.3181999996691047
0.806399999797577 1.3181999996691047 1.7757999995542377
1.3181999996691047 1.7757999995542377 1.451299999635694
1.7757999995542377 1.451299999635694 1.5489999996111692
1.451299999635694 1.5489999996111692 0.8702999997815368
1.5489999996111692 0.8702999997815368 1.4808999996282637
0.8702999997815368 1.4808999996282637 1.4917999996255276
1.4808999996282637 1.4917999996255276 0.9356999997651201
1.4917999996255276 0.9356999997651201 2.179099999453001
0.9356999997651201 2.179099999453001 1.2046999996975956
2.179099999453001 1.2046999996975956 1.0912999997260613
1.2046999996975956 1.0912999997260613 1.4671999996317027
1.0912999997260613 1.4671999996317027 1.0351999997401435
1.4671999996317027 1.0351999997401435 2.157799999458348
1.0351999997401435 2.157799999458348 1.4489999996362712
2.157799999458348 1.4489999996362712 1.3445999996624778
1.4489999996362712 1.3445999996624778 1.6633999995824524
1.3445999996624778 1.6633999995824524 0.8567999997849256
1.6633999995824524 0.8567999997849256 1.5209999996181978
0.8567999997849256 1.5209999996181978 1.546199999611872
1.5209999996181978 1.546199999611872 1.5381999996138802
1.546199999611872 1.5381999996138802 0.9315999997661493
1.5381999996138802 0.9315999997661493 1.4828999996277616
0.9315999997661493 1.4828999996277616 2.0535999994845042
1.4828999996277616 2.0535999994845042 2.2638999994317146
2.0535999994845042 2.2638999994317146 1.379599999653692
2.2638999994317146 1.379599999653692 1.6973999995739177
1.379599999653692 1.6973999995739177 1.4819999996279876
1.6973999995739177 1.4819999996279876 1.5388999996137045
1.4819999996279876 1.5388999996137045 2.0512999994850816
1.5388999996137045 2.0512999994850816 0.8656999997826915
2.0512999994850816 0.8656999997826915 0.9287999997668521
0.8656999997826915 0.9287999997668521 2.28809999942564
0.9287999997668521 2.28809999942564 0.8456999997877119
2.28809999942564 0.8456999997877119 1.0985999997242288
0.8456999997877119 1.0985999997242288 0.8598999997841474
1.0985999997242288 0.8598999997841474 1.5406999996132527
0.8598999997841474 1.5406999996132527 0.7890999998019197
1.5406999996132527 0.7890999998019197 0.7705999998065636
0.7890999998019197 0.7705999998065636 1.0770999997296258
0.7705999998065636 1.0770999997296258 0.9013999997737301
1.0770999997296258 0.9013999997737301 1.2725999996805513
0.9013999997737301 1.2725999996805513 1.7673999995563463
1.2725999996805513 1.7673999995563463 2.0412999994875918
1.7673999995563463 2.0412999994875918 2.068499999480764
2.0412999994875918 2.068499999480764 2.144799999461611
2.068499999480764 2.144799999461611 0.8068999997974515
2.144799999461611 0.8068999997974515 0.8368999997899209
0.8068999997974515 0.8368999997899209 1.4898999996260045
0.8368999997899209 1.4898999996260045 0.8473999997872852
1.4898999996260045 0.8473999997872852 1.4809999996282386
0.8473999997872852 1.4809999996282386 0.8881999997770436
1.4809999996282386 0.8881999997770436 1.4655999996321043
0.8881999997770436 1.4655999996321043 1.0771999997296007
1.4655999996321043 1.0771999997296007 1.1731999997055027
1.0771999997296007 1.1731999997055027 1.3553999996597668
1.1731999997055027 1.3553999996597668 2.177499999453403
1.3553999996597668 2.177499999453403 0.9966999997498078
2.177499999453403 0.9966999997498078 1.4621999996329578
0.9966999997498078 1.4621999996329578 1.438499999638907
1.4621999996329578 1.438499999638907 1.3134999996702845
1.438499999638907 1.3134999996702845 1.944099999511991
1.3134999996702845 1.944099999511991 2.408599999395392
1.944099999511991 2.408599999395392 2.12639999946623
2.408599999395392 2.12639999946623 1.0715999997310064
2.12639999946623 1.0715999997310064 1.4617999996330582
