1.0009999999999217 0.9819999999998921 1.9530000000000727
0.9819999999998921 1.9530000000000727 1.8170000000006068
1.9530000000000727 1.8170000000006068 0.7660000000002558
1.8170000000006068 0.7660000000002558 0.8030000000002371
0.7660000000002558 0.8030000000002371 0.9799999999994569
0.8030000000002371 0.9799999999994569 0.7869999999995638
0.9799999999994569 0.7869999999995638 0.7789999999995683
0.7869999999995638 0.7789999999995683 1.1789999999993466
0.7789999999995683 1.1789999999993466 1.2109999999993288
1.1789999999993466 1.2109999999993288 1.0909999999993953
1.2109999999993288 1.0909999999993953 0.8139999999995489
1.0909999999993953 0.8139999999995489 0.7819999999995666
0.8139999999995489 0.7819999999995666 1.2520000000009208
0.7819999999995666 1.2520000000009208 1.008000000001232
1.2520000000009208 1.008000000001232 2.1370000000026117
1.008000000001232 2.1370000000026117 0.8770000000010718
2.1370000000026117 0.8770000000010718 1.5280000000018674
0.8770000000010718 1.5280000000018674 1.6830000000020569
1.5280000000018674 1.6830000000020569 1.1690000000014287
1.6830000000020569 1.1690000000014287 2.286000000002794
1.1690000000014287 2.286000000002794 1.0550000000012894
2.286000000002794 1.0550000000012894 2.1140000000025836
1.0550000000012894 2.1140000000025836 1.4730000000009476
2.1140000000025836 1.4730000000009476 1.0099999999976461
1.4730000000009476 1.0099999999976461 2.092999999995122
1.0099999999976461 2.092999999995122 1.5469999999963946
2.092999999995122 1.5469999999963946 1.4179999999966952
1.5469999999963946 1.4179999999966952 1.061999999997525
1.4179999999966952 1.061999999997525 2.1579999999949706
1.061999999997525 2.1579999999949706 1.4659999999965834
2.1579999999949706 1.4659999999965834 1.0059999999976554
1.4659999999965834 1.0059999999976554 2.113999999995073
1.0059999999976554 2.113999999995073 1.533999999996425
2.113999999995073 1.533999999996425 0.9299999999978326
1.533999999996425 0.9299999999978326 1.663999999996122
0.9299999999978326 1.663999999996122 1.9679999999954134
1.663999999996122 1.9679999999954134 2.1399999999950126
1.9679999999954134 2.1399999999950126 0.8759999999979584
2.1399999999950126 0.8759999999979584 1.4829999999965437
0.8759999999979584 1.4829999999965437 1.0269999999976065
1.4829999999965437 1.0269999999976065 1.7619999999958935
1.0269999999976065 1.7619999999958935 1.938999999995481
1.7619999999958935 1.938999999995481 1.3799999999967838
1.938999999995481 1.3799999999967838 2.4460000000032593
1.3799999999967838 2.4460000000032593 1.2550000000059924
2.4460000000032593 1.2550000000059924 2.057000000009822
1.2550000000059924 2.057000000009822 2.297000000010968
2.057000000009822 2.297000000010968 1.1390000000054386
2.297000000010968 1.1390000000054386 1.0310000000049229
1.1390000000054386 1.0310000000049229 1.5890000000075872
1.0310000000049229 1.5890000000075872 0.946000000004517
1.5890000000075872 0.946000000004517 1.3750000000065654
0.946000000004517 1.3750000000065654 1.2910000000061643
1.3750000000065654 1.2910000000061643 1.0050000000047987
1.2910000000061643 1.0050000000047987 1.5870000000075777
1.0050000000047987 1.5870000000075777 0.8450000000040347
1.5870000000075777 0.8450000000040347 1.2010000000057346
0.8450000000040347 1.2010000000057346 1.3730000000065559
1.2010000000057346 1.3730000000065559 1.155000000005515
1.3730000000065559 1.155000000005515 1.2190000000058205
1.155000000005515 1.2190000000058205 0.9890000000047223
1.2190000000058205 0.9890000000047223 1.4820000000070763
0.9890000000047223 1.4820000000070763 1.4410000000068806
1.4820000000070763 1.4410000000068806 2.3650000000112925
1.4410000000068806 2.3650000000112925 0.8680000000041446
2.3650000000112925 0.8680000000041446 1.2850000000061357
0.8680000000041446 1.2850000000061357 0.9800000000046794
1.2850000000061357 0.9800000000046794 1.6380000000078212
0.9800000000046794 1.6380000000078212 0.9250000000044167
1.6380000000078212 0.9250000000044167 0.906000000004326
0.9250000000044167 0.906000000004326 0.7800000000037244
0.906000000004326 0.7800000000037244 0.8320000000039727
0.7800000000037244 0.8320000000039727 1.390000000006637
0.8320000000039727 1.390000000006637 1.1160000000053287
1.390000000006637 1.1160000000053287 2.26600000001082
1.1160000000053287 2.26600000001082 1.0920000000052141
2.26600000001082 1.0920000000052141 0.7960000000038008
1.0920000000052141 0.7960000000038008 0.7770000000037101
0.7960000000038008 0.7770000000037101 1.186000000005663
0.7770000000037101 1.186000000005663 1.0780000000051473
1.186000000005663 1.0780000000051473 1.3210000000063076
1.0780000000051473 1.3210000000063076 1.0020000000047844
1.3210000000063076 1.0020000000047844 1.4770000000070524
1.0020000000047844 1.4770000000070524 1.5930000000076063
1.4770000000070524 1.5930000000076063 0.8520000000040682
1.5930000000076063 0.8520000000040682 1.1100000000053
0.8520000000040682 1.1100000000053 0.906000000004326
1.1100000000053 0.906000000004326 1.466000000007
0.906000000004326 1.466000000007 0.9520000000045457
1.466000000007 0.9520000000045457 1.4980000000071527
0.9520000000045457 1.4980000000071527 1.501000000007167
1.4980000000071527 1.501000000007167 2.1640000000103328
1.501000000007167 2.1640000000103328 1.1140000000053192
2.1640000000103328 1.1140000000053192 2.5390000000121233
1.1140000000053192 2.5390000000121233 1.0370000000049515
2.5390000000121233 1.0370000000049515 2.2760000000108676
1.0370000000049515 2.2760000000108676 1.3120000000062646
2.2760000000108676 1.3120000000062646 2.229000000010643
1.3120000000062646 2.229000000010643 0.9920000000047366
2.229000000010643 0.9920000000047366 1.4180000000067707
0.9920000000047366 1.4180000000067707 1.217000000005811
1.4180000000067707 1.217000000005811 1.0160000000048512
1.217000000005811 1.0160000000048512 1.4690000000070143
1.0160000000048512 1.4690000000070143 2.1330000000101847
1.4690000000070143 2.1330000000101847 1.0540000000050327
2.1330000000101847 1.0540000000050327 1.3980000000066752
1.0540000000050327 1.3980000000066752 2.1640000000103328
1.3980000000066752 2.1640000000103328 0.8220000000039249
2.1640000000103328 0.8220000000039249 0.7770000000037101
0.8220000000039249 0.7770000000037101 1.1100000000053
0.7770000000037101 1.1100000000053 1.1200000000053478
1.1100000000053 1.1200000000053478 1.457000000006957
1.1200000000053478 1.457000000006957 1.9970000000095354
1.457000000006957 1.9970000000095354 1.0070000000048083
1.9970000000095354 1.0070000000048083 0.8000000000038199
1.0070000000048083 0.8000000000038199 0.857000000004092
0.8000000000038199 0.857000000004092 1.4860000000070954
0.857000000004092 1.4860000000070954 1.5040000000071814
1.4860000000070954 1.5040000000071814 0.7970000000038056
1.5040000000071814 0.7970000000038056 1.3830000000066036
0.7970000000038056 1.3830000000066036 0.9960000000047557
1.3830000000066036 0.9960000000047557 2.2090000000105476
0.9960000000047557 2.2090000000105476 0.8160000000038963
2.2090000000105476 0.8160000000038963 0.7620000000036384
0.8160000000038963 0.7620000000036384 0.937000000004474
0.7620000000036384 0.937000000004474 0.884000000004221
0.937000000004474 0.884000000004221 0.7760000000037053
0.884000000004221 0.7760000000037053 0.8410000000040156
0.7760000000037053 0.8410000000040156 1.4230000000067946
0.8410000000040156 1.4230000000067946 1.1470000000054767
1.4230000000067946 1.1470000000054767 1.150000000005491
1.1470000000054767 1.150000000005491 1.475000000007043
1.150000000005491 1.475000000007043 0.9730000000046459
1.475000000007043 0.9730000000046459 1.7390000000083035
0.9730000000046459 1.7390000000083035 1.8850000000090006
1.7390000000083035 1.8850000000090006 2.0810000000099365
1.8850000000090006 2.0810000000099365 1.6460000000078594
2.0810000000099365 1.6460000000078594 2.066000000009865
1.6460000000078594 2.066000000009865 0.9940000000047462
2.066000000009865 0.9940000000047462 2.0710000000098887
0.9940000000047462 2.0710000000098887 0.9250000000044167
2.0710000000098887 0.9250000000044167 1.5950000000076159
0.9250000000044167 1.5950000000076159 1.4140000000067516
1.5950000000076159 1.4140000000067516 2.1610000000103184
1.4140000000067516 2.1610000000103184 0.813000000003882
2.1610000000103184 0.813000000003882 0.7870000000037578
0.813000000003882 0.7870000000037578 1.5540000000074201
0.7870000000037578 1.5540000000074201 0.8510000000040634
1.5540000000074201 0.8510000000040634 1.0470000000049993
0.8510000000040634 1.0470000000049993 0.8720000000041637
1.0470000000049993 0.8720000000041637 0.8540000000040777
0.8720000000041637 0.8540000000040777 1.5140000000072291
0.8540000000040777 1.5140000000072291 1.4990000000071575
1.5140000000072291 1.4990000000071575 1.417000000006766
1.4990000000071575 1.417000000006766 0.9570000000045695
1.417000000006766 0.9570000000045695 1.8440000000088048
0.9570000000045695 1.8440000000088048 0.8760000000041828
1.8440000000088048 0.8760000000041828 0.9530000000045504
0.8760000000041828 0.9530000000045504 0.7760000000037053
0.9530000000045504 0.7760000000037053 0.7880000000037626
0.7760000000037053 0.7880000000037626 1.1670000000055722
0.7880000000037626 1.1670000000055722 1.0150000000048465
1.1670000000055722 1.0150000000048465 1.4230000000067946
1.0150000000048465 1.4230000000067946 1.6330000000077973
1.4230000000067946 1.6330000000077973 2.1480000000102564
1.6330000000077973 2.1480000000102564 0.9020000000043069
2.1480000000102564 0.9020000000043069 1.3880000000066275
0.9020000000043069 1.3880000000066275 1.6240000000077544
1.3880000000066275 1.6240000000077544 0.7750000000037005
1.6240000000077544 0.7750000000037005 1.1300000000053956
0.7750000000037005 1.1300000000053956 0.9720000000046412
1.1300000000053956 0.9720000000046412 1.5850000000075681
0.9720000000046412 1.5850000000075681 1.1760000000056152
1.5850000000075681 1.1760000000056152 1.1200000000053478
1.1760000000056152 1.1200000000053478 1.466000000007
1.1200000000053478 1.466000000007 1.039000000004961
1.466000000007 1.039000000004961 2.141000000010223
1.039000000004961 2.141000000010223 1.6100000000076875
2.141000000010223 1.6100000000076875 0.8900000000042496
1.6100000000076875 0.8900000000042496 1.0820000000051664
0.8900000000042496 1.0820000000051664 0.8610000000041111
1.0820000000051664 0.8610000000041111 1.4840000000070859
0.8610000000041111 1.4840000000070859 0.9230000000044072
1.4840000000070859 0.9230000000044072 1.8220000000086998
0.9230000000044072 1.8220000000086998 1.1890000000056773
1.8220000000086998 1.1890000000056773 1.6690000000079692
1.1890000000056773 1.6690000000079692 2.0130000000096118
1.6690000000079692 2.0130000000096118 1.6180000000077257
2.0130000000096118 1.6180000000077257 0.7750000000037005
1.6180000000077257 0.7750000000037005 1.1210000000053526
0.7750000000037005 1.1210000000053526 1.131999999993809
1.1210000000053526 1.131999999993809 1.418999999966445
1.131999999993809 1.418999999966445 0.9269999999780794
1.418999999966445 0.9269999999780794 2.194999999948095
0.9269999999780794 2.194999999948095 0.7739999999816973
2.194999999948095 0.7739999999816973 0.7859999999814136
0.7739999999816973 0.7859999999814136 1.109999999973752
0.7859999999814136 1.109999999973752 0.8769999999792617
1.109999999973752 0.8769999999792617 1.4699999999652391
0.8769999999792617 1.4699999999652391 0.8349999999802549
1.4699999999652391 0.8349999999802549 1.0009999999763295
0.8349999999802549 1.0009999999763295 1.9929999999528718
1.0009999999763295 1.9929999999528718 1.633999999961361
1.9929999999528718 1.633999999961361 2.2949999999457305
1.633999999961361 2.2949999999457305 0.8399999999801366
2.2949999999457305 0.8399999999801366 1.0639999999748397
0.8399999999801366 1.0639999999748397 0.8569999999797346
1.0639999999748397 0.8569999999797346 0.8669999999794982
0.8569999999797346 0.8669999999794982 1.5949999999622833
0.8669999999794982 1.5949999999622833 1.4789999999650263
1.5949999999622833 1.4789999999650263 1.5199999999640568
1.4789999999650263 1.5199999999640568 1.5209999999640331
1.5199999999640568 1.5209999999640331 0.789999999981319
1.5209999999640331 0.789999999981319 1.3559999999679349
0.789999999981319 1.3559999999679349 0.925999999978103
1.3559999999679349 0.925999999978103 2.1429999999493248
0.925999999978103 2.1429999999493248 0.7819999999815082
2.1429999999493248 0.7819999999815082 0.8079999999808933
0.7819999999815082 0.8079999999808933 1.4479999999657593
0.8079999999808933 1.4479999999657593 0.9289999999780321
1.4479999999657593 0.9289999999780321 1.3599999999678403
0.9289999999780321 1.3599999999678403 1.412999999966587
1.3599999999678403 1.412999999966587 2.2549999999466763
1.412999999966587 2.2549999999466763 0.9669999999771335
2.2549999999466763 0.9669999999771335 2.2019999999479296
0.9669999999771335 2.2019999999479296 1.5129999999642223
2.2019999999479296 1.5129999999642223 0.9529999999774645
1.5129999999642223 0.9529999999774645 1.452999999965641
0.9529999999774645 1.452999999965641 1.2619999999701577
1.452999999965641 1.2619999999701577 1.8809999999555203
1.2619999999701577 1.8809999999555203 1.4409999999659249
1.8809999999555203 1.4409999999659249 1.6079999999619758
1.4409999999659249 1.6079999999619758 0.8449999999800184
1.6079999999619758 0.8449999999800184 1.109999999973752
0.8449999999800184 1.109999999973752 0.8819999999791435
1.109999999973752 0.8819999999791435 1.46699999996531
0.8819999999791435 1.46699999996531 0.840999999980113
1.46699999996531 0.840999999980113 1.0769999999745323
0.840999999980113 1.0769999999745323 1.9239999999545034
1.0769999999745323 1.9239999999545034 2.174999999948568
1.9239999999545034 2.174999999948568 1.4659999999653337
2.174999999948568 1.4659999999653337 1.0259999999757383
1.4659999999653337 1.0259999999757383 2.256999999946629
1.0259999999757383 2.256999999946629 1.1649999999724514
2.256999999946629 1.1649999999724514 0.8769999999792617
1.1649999999724514 0.8769999999792617 1.1139999999736574
0.8769999999792617 1.1139999999736574 1.8669999999558513
1.1139999999736574 1.8669999999558513 2.117999999949916
1.8669999999558513 2.117999999949916 1.5589999999631345
2.117999999949916 1.5589999999631345 0.9269999999780794
1.5589999999631345 0.9269999999780794 2.372999999943886
0.9269999999780794 2.372999999943886 1.0009999999763295
2.372999999943886 1.0009999999763295 0.8879999999790016
1.0009999999763295 0.8879999999790016 0.7789999999815791
0.8879999999790016 0.7789999999815791 0.8419999999800893
0.7789999999815791 0.8419999999800893 1.38199999996732
0.8419999999800893 1.38199999996732 1.38199999996732
1.38199999996732 1.38199999996732 1.9429999999540541
1.38199999996732 1.9429999999540541 1.1359999999731372
1.9429999999540541 1.1359999999731372 0.8009999999810589
1.1359999999731372 0.8009999999810589 0.806999999980917
0.8009999999810589 0.806999999980917 1.3769999999674383
0.806999999980917 1.3769999999674383 1.6149999999618103
1.3769999999674383 1.6149999999618103 1.4929999999646952
1.6149999999618103 1.4929999999646952 0.7959999999811771
1.4929999999646952 0.7959999999811771 0.7959999999811771
0.7959999999811771 0.7959999999811771 1.4379999999659958
0.7959999999811771 1.4379999999659958 0.9059999999785759
1.4379999999659958 0.9059999999785759 1.3949999999670126
0.9059999999785759 1.3949999999670126 1.7819999999578613
1.3949999999670126 1.7819999999578613 1.7819999999578613
1.7819999999578613 1.7819999999578613 2.3519999999443826
1.7819999999578613 2.3519999999443826 0.9589999999773227
2.3519999999443826 0.9589999999773227 2.0739999999509564
0.9589999999773227 2.0739999999509564 2.205999999947835
2.0739999999509564 2.205999999947835 0.7769999999816264
2.205999999947835 0.7769999999816264 0.7799999999815554
0.7769999999816264 0.7799999999815554 1.0999999999739885
0.7799999999815554 1.0999999999739885 0.8759999999792853
1.0999999999739885 0.8759999999792853 1.4969999999646006
0.8759999999792853 1.4969999999646006 0.7989999999811062
1.4969999999646006 0.7989999999811062 0.7799999999815554
0.7989999999811062 0.7799999999815554 1.2389999999707015
0.7799999999815554 1.2389999999707015 0.9949999999764714
1.2389999999707015 0.9949999999764714 1.542999999963513
0.9949999999764714 1.542999999963513 2.0719999999510037
1.542999999963513 2.0719999999510037 2.171999999948639
2.0719999999510037 2.171999999948639 1.2899999999694955
2.171999999948639 1.2899999999694955 1.2269999999709853
1.2899999999694955 1.2269999999709853 1.2379999999707252
1.2269999999709853 1.2379999999707252 1.208999999971411
1.2379999999707252 1.208999999971411 1.0939999999741303
1.208999999971411 1.0939999999741303 0.8219999999805623
1.0939999999741303 0.8219999999805623 0.7869999999813899
0.8219999999805623 0.7869999999813899 1.4759999999650972
0.7869999999813899 1.4759999999650972 0.8969999999787888
1.4759999999650972 0.8969999999787888 1.0949999999741067
0.8969999999787888 1.0949999999741067 0.9439999999776774
1.0949999999741067 0.9439999999776774 1.4769999999650736
0.9439999999776774 1.4769999999650736 1.0539999999750762
1.4769999999650736 1.0539999999750762 1.2839999999696374
1.0539999999750762 1.2839999999696374 1.3429999999682423
1.2839999999696374 1.3429999999682423 0.9709999999770389
1.3429999999682423 0.9709999999770389 1.2099999999713873
0.9709999999770389 1.2099999999713873 1.7399999999588545
1.2099999999713873 1.7399999999588545 2.0919999999505308
1.7399999999588545 2.0919999999505308 2.2159999999475986
2.0919999999505308 2.2159999999475986 1.5029999999644588
2.2159999999475986 1.5029999999644588 0.9029999999786469
1.5029999999644588 0.9029999999786469 1.3459999999681713
0.9029999999786469 1.3459999999681713 0.9249999999781267
1.3459999999681713 0.9249999999781267 2.1789999999484735
0.9249999999781267 2.1789999999484735 0.7789999999815791
2.1789999999484735 0.7789999999815791 0.7889999999813426
0.7789999999815791 0.7889999999813426 1.2049999999715055
0.7889999999813426 1.2049999999715055 1.0829999999743904
1.2049999999715055 1.0829999999743904 1.2209999999711272
1.0829999999743904 1.2209999999711272 0.8889999999789779
1.2209999999711272 0.8889999999789779 1.5579999999631582
0.8889999999789779 1.5579999999631582 1.4989999999645534
1.5579999999631582 1.4989999999645534 1.0039999999762586
1.4989999999645534 1.0039999999762586 1.5879999999624488
1.0039999999762586 1.5879999999624488 1.9729999999533447
1.5879999999624488 1.9729999999533447 2.1399999999493957
1.9729999999533447 2.1399999999493957 0.8949999999788361
2.1399999999493957 0.8949999999788361 1.6229999999616211
0.8949999999788361 1.6229999999616211 1.3799999999673673
1.6229999999616211 1.3799999999673673 2.120999999949845
1.3799999999673673 2.120999999949845 0.8639999999795691
2.120999999949845 0.8639999999795691 0.8009999999810589
0.8639999999795691 0.8009999999810589 0.9049999999785996
0.8009999999810589 0.9049999999785996 2.1169999999499396
0.9049999999785996 2.1169999999499396 0.7789999999815791
2.1169999999499396 0.7789999999815791 0.7939999999812244
0.7789999999815791 0.7939999999812244 1.2859999999695901
0.7939999999812244 1.2859999999695901 0.9709999999770389
1.2859999999695901 0.9709999999770389 1.619999999961692
0.9709999999770389 1.619999999961692 0.9379999999778192
1.619999999961692 0.9379999999778192 0.9239999999781503
0.9379999999778192 0.9239999999781503 0.7969999999811535
0.9239999999781503 0.7969999999811535 0.8569999999797346
0.7969999999811535 0.8569999999797346 1.4749999999651209
0.8569999999797346 1.4749999999651209 0.9699999999770625
1.4749999999651209 0.9699999999770625 2.1329999999495612
0.9699999999770625 2.1329999999495612 1.5539999999632528
2.1329999999495612 1.5539999999632528 1.027999999975691
1.5539999999632528 1.027999999975691 1.092999999974154
1.027999999975691 1.092999999974154 1.4879999999648135
1.092999999974154 1.4879999999648135 0.9619999999772517
1.4879999999648135 0.9619999999772517 1.613999999961834
0.9619999999772517 1.613999999961834 0.9129999999784104
1.613999999961834 0.9129999999784104 0.993999999976495
0.9129999999784104 0.993999999976495 0.8349999999802549
0.993999999976495 0.8349999999802549 1.5219999999640095
0.8349999999802549 1.5219999999640095 0.7749999999816737
1.5219999999640095 0.7749999999816737 0.840999999980113
0.7749999999816737 0.840999999980113 1.4419999999659012
0.840999999980113 1.4419999999659012 1.075999999974556
1.4419999999659012 1.075999999974556 1.2549999999703232
1.075999999974556 1.2549999999703232 1.3359999999684078
1.2549999999703232 1.3359999999684078 2.3859999999435786
1.3359999999684078 2.3859999999435786 1.0059999999762113
2.3859999999435786 1.0059999999762113 2.41299999994294
1.0059999999762113 2.41299999994294 1.6389999999612428
2.41299999994294 1.6389999999612428 0.772999999981721
1.6389999999612428 0.772999999981721 0.9159999999783395
0.772999999981721 0.9159999999783395 1.3749999999674856
0.9159999999783395 1.3749999999674856 1.1549999999726879
1.3749999999674856 1.1549999999726879 1.038999999975431
1.1549999999726879 1.038999999975431 1.5079999999643405
1.038999999975431 1.5079999999643405 1.038999999975431
1.5079999999643405 1.038999999975431 1.4119999999666106
1.038999999975431 1.4119999999666106 2.075999999950909
1.4119999999666106 2.075999999950909 0.8299999999803731
2.075999999950909 0.8299999999803731 0.7949999999812007
0.8299999999803731 0.7949999999812007 1.0699999999746979
0.7949999999812007 1.0699999999746979 1.2929999999694246
1.0699999999746979 1.2929999999694246 1.5189999999640804
1.2929999999694246 1.5189999999640804 1.6019999999621177
1.5189999999640804 1.6019999999621177 1.4429999999658776
1.6019999999621177 1.4429999999658776 1.559999999963111
1.4429999999658776 1.559999999963111 1.531999999963773
1.559999999963111 1.531999999963773 1.8249999999568445
1.531999999963773 1.8249999999568445 1.0379999999754546
1.8249999999568445 1.0379999999754546 0.8279999999804204
1.0379999999754546 0.8279999999804204 0.7669999999818629
0.8279999999804204 0.7669999999818629 0.9689999999770862
0.7669999999818629 0.9689999999770862 1.104999999973927
0.9689999999770862 1.104999999973927 1.5389999999636075
1.104999999973927 1.5389999999636075 0.925999999978103
1.5389999999636075 0.925999999978103 2.1739999999485917
0.925999999978103 2.1739999999485917 0.7749999999816737
2.1739999999485917 0.7749999999816737 0.7919999999812717
0.7749999999816737 0.7919999999812717 1.1909999999718366
0.7919999999812717 1.1909999999718366 1.1819999999720494
1.1909999999718366 1.1819999999720494 1.1139999999736574
1.1819999999720494 1.1139999999736574 0.7949999999812007
1.1139999999736574 0.7949999999812007 0.7879999999813663
0.7949999999812007 0.7879999999813663 1.4849999999648844
0.7879999999813663 1.4849999999648844 0.8829999999791198
1.4849999999648844 0.8829999999791198 2.0999999999503416
0.8829999999791198 2.0999999999503416 1.5649999999629927
2.0999999999503416 1.5649999999629927 2.1079999999501524
1.5649999999629927 2.1079999999501524 1.4589999999654992
2.1079999999501524 1.4589999999654992 0.9829999999767551
1.4589999999654992 0.9829999999767551 1.7199999999593274
0.9829999999767551 1.7199999999593274 1.8789999999555675
1.7199999999593274 1.8789999999555675 2.1479999999492065
1.8789999999555675 2.1479999999492065 1.4689999999652628
2.1479999999492065 1.4689999999652628 2.2889999999458723
1.4689999999652628 2.2889999999458723 2.0319999999519496
2.2889999999458723 2.0319999999519496 2.0489999999515476
2.0319999999519496 2.0489999999515476 2.5729999999391566
2.0489999999515476 2.5729999999391566 0.9989999999763768
2.5729999999391566 0.9989999999763768 1.395999999966989
0.9989999999763768 1.395999999966989 2.2009999999479533
1.395999999966989 2.2009999999479533 1.0859999999743195
2.2009999999479533 1.0859999999743195 2.052999999951453
1.0859999999743195 2.052999999951453 1.5249999999639385
2.052999999951453 1.5249999999639385 1.5679999999629217
1.5249999999639385 1.5679999999629217 1.953999999953794
1.5679999999629217 1.953999999953794 1.2139999999712927
1.953999999953794 1.2139999999712927 2.0409999999517368
1.2139999999712927 2.0409999999517368 2.5279999999402207
2.0409999999517368 2.5279999999402207 1.081999999974414
2.5279999999402207 1.081999999974414 2.1249999999497504
1.081999999974414 2.1249999999497504 1.7489999999586416
2.1249999999497504 1.7489999999586416 0.8339999999802785
1.7489999999586416 0.8339999999802785 1.0159999999759748
0.8339999999802785 1.0159999999759748 0.843999999980042
1.0159999999759748 0.843999999980042 0.7979999999811298
0.843999999980042 0.7979999999811298 0.9169999999783158
0.7979999999811298 0.9169999999783158 1.5049999999644115
0.9169999999783158 1.5049999999644115 2.366999999944028
1.5049999999644115 2.366999999944028 1.180999999972073
2.366999999944028 1.180999999972073 2.126999999949703
1.180999999972073 2.126999999949703 2.222999999947433
2.126999999949703 2.222999999947433 0.9529999999774645
2.222999999947433 0.9529999999774645 1.497999999964577
0.9529999999774645 1.497999999964577 1.4899999999647662
1.497999999964577 1.4899999999647662 0.8549999999797819
1.4899999999647662 0.8549999999797819 1.4879999999648135
0.8549999999797819 1.4879999999648135 1.5039999999644351
1.4879999999648135 1.5039999999644351 0.7959999999811771
1.5039999999644351 0.7959999999811771 1.3729999999675329
0.7959999999811771 1.3729999999675329 0.9999999999763531
1.3729999999675329 0.9999999999763531 1.6099999999619286
0.9999999999763531 1.6099999999619286 2.0039999999526117
1.6099999999619286 2.0039999999526117 1.5979999999622123
2.0039999999526117 1.5979999999622123 0.7919999999812717
1.5979999999622123 0.7919999999812717 1.4109999999666343
0.7919999999812717 1.4109999999666343 0.9239999999781503
1.4109999999666343 0.9239999999781503 1.3889999999671545
0.9239999999781503 1.3889999999671545 1.5889999999624251
1.3889999999671545 1.5889999999624251 0.8599999999796637
1.5889999999624251 0.8599999999796637 1.545999999963442
0.8599999999796637 1.545999999963442 1.5929999999623305
1.545999999963442 1.5929999999623305 1.4859999999648608
1.5929999999623305 1.4859999999648608 1.3459999999681713
1.4859999999648608 1.3459999999681713 1.9969999999527772
1.3459999999681713 1.9969999999527772 1.0769999999745323
1.9969999999527772 1.0769999999745323 0.77599999998165
1.0769999999745323 0.77599999998165 0.7799999999815554
0.77599999998165 0.7799999999815554 1.0779999999745087
0.7799999999815554 1.0779999999745087 0.8539999999798056
1.0779999999745087 0.8539999999798056 0.9019999999786705
0.8539999999798056 0.9019999999786705 2.0459999999516185
0.9019999999786705 2.0459999999516185 1.0459999999752654
2.0459999999516185 1.0459999999752654 1.4079999999667052
1.0459999999752654 1.4079999999667052 1.432999999966114
1.4079999999667052 1.432999999966114 1.0199999999758802
1.432999999966114 1.0199999999758802 1.5849999999625197
1.0199999999758802 1.5849999999625197 2.0919999999505308
1.5849999999625197 2.0919999999505308 0.9339999999779138
2.0919999999505308 0.9339999999779138 1.480999999964979
0.9339999999779138 1.480999999964979 0.9019999999786705
1.480999999964979 0.9019999999786705 1.5899999999624015
0.9019999999786705 1.5899999999624015 0.8929999999788834
1.5899999999624015 0.8929999999788834 0.9099999999784814
0.8929999999788834 0.9099999999784814 0.7719999999817446
0.9099999999784814 0.7719999999817446 0.8169999999806805
0.7719999999817446 0.8169999999806805 1.2619999999701577
0.8169999999806805 1.2619999999701577 1.4489999999657357
1.2619999999701577 1.4489999999657357 1.0099999999761167
1.4489999999657357 1.0099999999761167 2.2589999999465817
1.0099999999761167 2.2589999999465817 1.2559999999702995
2.2589999999465817 1.2559999999702995 1.132999999973208
1.2559999999702995 1.132999999973208 1.1629999999724987
1.132999999973208 1.1629999999724987 0.840999999980113
1.1629999999724987 0.840999999980113 0.8889999999789779
0.840999999980113 0.8889999999789779 2.0229999999521624
0.8889999999789779 2.0229999999521624 0.9389999999777956
2.0229999999521624 0.9389999999777956 1.4969999999646006
0.9389999999777956 1.4969999999646006 1.2589999999702286
1.4969999999646006 1.2589999999702286 1.1819999999720494
1.2589999999702286 1.1819999999720494 1.4589999999654992
1.1819999999720494 1.4589999999654992 2.176999999948521
1.4589999999654992 2.176999999948521 0.9889999999766133
2.176999999948521 0.9889999999766133 1.4849999999648844
0.9889999999766133 1.4849999999648844 2.380999999943697
1.4849999999648844 2.380999999943697 0.8979999999787651
2.380999999943697 0.8979999999787651 1.0799999999744614
0.8979999999787651 1.0799999999744614 0.8659999999795218
1.0799999999744614 0.8659999999795218 1.4959999999646243
0.8659999999795218 1.4959999999646243 1.429999999966185
1.4959999999646243 1.429999999966185 0.8589999999796873
1.429999999966185 0.8589999999796873 0.8509999999798765
0.8589999999796873 0.8509999999798765 1.5079999999643405
0.8509999999798765 1.5079999999643405 1.4829999999649317
1.5079999999643405 1.4829999999649317 0.9419999999777247
1.4829999999649317 0.9419999999777247 1.7429999999587835
0.9419999999777247 1.7429999999587835 1.3199999999687861
1.7429999999587835 1.3199999999687861 1.1519999999727588
1.3199999999687861 1.1519999999727588 1.29699999996933
1.1519999999727588 1.29699999996933 1.0329999999755728
1.29699999996933 1.0329999999755728 0.8299999999803731
1.0329999999755728 0.8299999999803731 0.7669999999818629
0.8299999999803731 0.7669999999818629 0.9559999999773936
0.7669999999818629 0.9559999999773936 1.098999999974012
0.9559999999773936 1.098999999974012 1.4599999999654756
1.098999999974012 1.4599999999654756 1.0059999999762113
1.4599999999654756 1.0059999999762113 1.494999999964648
1.0059999999762113 1.494999999964648 1.149999999972806
1.494999999964648 1.149999999972806 1.3599999999678403
1.149999999972806 1.3599999999678403 0.9589999999773227
1.3599999999678403 0.9589999999773227 0.8889999999789779
0.9589999999773227 0.8889999999789779 0.7869999999813899
0.8889999999789779 0.7869999999813899 0.8529999999798292
0.7869999999813899 0.8529999999798292 1.6359999999613137
0.8529999999798292 1.6359999999613137 2.024999999952115
1.6359999999613137 2.024999999952115 2.111999999950058
2.024999999952115 2.111999999950058 2.4989999999409065
2.111999999950058 2.4989999999409065 1.0159999999759748
2.4989999999409065 1.0159999999759748 2.09499999995046
1.0159999999759748 2.09499999995046 1.3369999999683841
2.09499999995046 1.3369999999683841 0.9809999999768024
1.3369999999683841 0.9809999999768024 1.4409999999659249
0.9809999999768024 1.4409999999659249 0.8639999999795691
1.4409999999659249 0.8639999999795691 0.7689999999818156
0.8639999999795691 0.7689999999818156 0.874999999979309
0.7689999999818156 0.874999999979309 1.265999999970063
0.874999999979309 1.265999999970063 1.4859999999648608
1.265999999970063 1.4859999999648608 0.9679999999771098
1.4859999999648608 0.9679999999771098 1.5819999999625907
0.9679999999771098 1.5819999999625907 2.058999999951311
1.5819999999625907 2.058999999951311 1.0539999999750762
2.058999999951311 1.0539999999750762 2.123999999949774
1.0539999999750762 2.123999999949774 1.5069999999643642
2.123999999949774 1.5069999999643642 1.214999999971269
1.5069999999643642 1.214999999971269 1.0809999999744377
1.214999999971269 1.0809999999744377 1.463999999965381
1.0809999999744377 1.463999999965381 1.1229999999734446
1.463999999965381 1.1229999999734446 2.0849999999506963
1.1229999999734446 2.0849999999506963 2.0479999999515712
2.0849999999506963 2.0479999999515712 1.4859999999648608
2.0479999999515712 1.4859999999648608 1.0749999999745796
1.4859999999648608 1.0749999999745796 1.341999999968266
1.0749999999745796 1.341999999968266 1.5039999999644351
1.341999999968266 1.5039999999644351 0.9539999999774409
1.5039999999644351 0.9539999999774409 1.4729999999651682
0.9539999999774409 1.4729999999651682 1.4909999999647425
1.4729999999651682 1.4909999999647425 0.8849999999790725
1.4909999999647425 0.8849999999790725 2.0719999999510037
0.8849999999790725 2.0719999999510037 0.8419999999800893
2.0719999999510037 0.8419999999800893 0.9019999999786705
0.8419999999800893 0.9019999999786705 2.069999999951051
0.9019999999786705 2.069999999951051 1.013999999976022
2.069999999951051 1.013999999976022 1.610999999961905
1.013999999976022 1.610999999961905 0.9359999999778665
1.610999999961905 0.9359999999778665 1.027999999975691
0.9359999999778665 1.027999999975691 0.8419999999800893
1.027999999975691 0.8419999999800893 1.4969999999646006
0.8419999999800893 1.4969999999646006 0.7949999999812007
1.4969999999646006 0.7949999999812007 0.8629999999795928
0.7949999999812007 0.8629999999795928 1.4709999999652155
0.8629999999795928 1.4709999999652155 1.0329999999755728
1.4709999999652155 1.0329999999755728 2.496999999940954
1.0329999999755728 2.496999999940954 1.6499999999609827
2.496999999940954 1.6499999999609827 0.7869999999813899
1.6499999999609827 0.7869999999813899 0.8679999999794745
0.7869999999813899 0.8679999999794745 1.6119999999618813
0.8679999999794745 1.6119999999618813 0.8729999999793563
1.6119999999618813 0.8729999999793563 0.9369999999778429
0.8729999999793563 0.9369999999778429 0.77599999998165
0.9369999999778429 0.77599999998165 0.8059999999809406
0.77599999998165 0.8059999999809406 1.3639999999677457
0.8059999999809406 1.3639999999677457 1.3629999999677693
1.3639999999677457 1.3629999999677693 1.6609999999607226
1.3629999999677693 1.6609999999607226 0.8019999999810352
1.6609999999607226 0.8019999999810352 0.8959999999788124
0.8019999999810352 0.8959999999788124 2.1899999999482134
0.8959999999788124 2.1899999999482134 0.7809999999815318
2.1899999999482134 0.7809999999815318 0.7739999999816973
0.7809999999815318 0.7739999999816973 1.0319999999755964
0.7739999999816973 1.0319999999755964 0.8369999999802076
1.0319999999755964 0.8369999999802076 0.806999999980917
0.8369999999802076 0.806999999980917 0.9589999999773227
0.806999999980917 0.9589999999773227 2.1789999999484735
0.9589999999773227 2.1789999999484735 1.3949999999670126
2.1789999999484735 1.3949999999670126 2.140999999949372
1.3949999999670126 2.140999999949372 0.8369999999802076
2.140999999949372 0.8369999999802076 0.8799999999791908
0.8369999999802076 0.8799999999791908 2.0119999999524225
0.8799999999791908 2.0119999999524225 0.8889999999789779
2.0119999999524225 0.8889999999789779 0.8109999999808224
0.8889999999789779 0.8109999999808224 0.9419999999777247
0.8109999999808224 0.9419999999777247 2.213999999947646
0.9419999999777247 2.213999999947646 1.2389999999707015
2.213999999947646 1.2389999999707015 1.0119999999760694
1.2389999999707015 1.0119999999760694 1.426999999966256
1.0119999999760694 1.426999999966256 1.5839999999625434
1.426999999966256 1.5839999999625434 1.9469999999539596
1.5839999999625434 1.9469999999539596 1.3669999999676747
1.9469999999539596 1.3669999999676747 2.3179999999451866
1.3669999999676747 2.3179999999451866 2.0909999999505544
2.3179999999451866 2.0909999999505544 2.3239999999450447
2.0909999999505544 2.3239999999450447 1.2679999999700158
2.3239999999450447 1.2679999999700158 2.1619999999488755
1.2679999999700158 2.1619999999488755 1.0409999999753836
2.1619999999488755 1.0409999999753836 1.5469999999634183
1.0409999999753836 1.5469999999634183 1.6099999999619286
1.5469999999634183 1.6099999999619286 0.7609999999820047
1.6099999999619286 0.7609999999820047 0.9329999999779375
0.7609999999820047 0.9329999999779375 0.9369999999778429
0.9329999999779375 0.9369999999778429 0.8009999999810589
0.9369999999778429 0.8009999999810589 0.8679999999794745
0.8009999999810589 0.8679999999794745 1.5159999999641514
0.8679999999794745 1.5159999999641514 1.9409999999541014
1.5159999999641514 1.9409999999541014 0.9589999999773227
1.9409999999541014 0.9589999999773227 0.7909999999812953
0.9589999999773227 0.7909999999812953 0.840999999980113
0.7909999999812953 0.840999999980113 1.559999999963111
0.840999999980113 1.559999999963111 0.8469999999799711
1.559999999963111 0.8469999999799711 1.0569999999750053
0.8469999999799711 1.0569999999750053 0.8389999999801603
1.0569999999750053 0.8389999999801603 1.5379999999636311
0.8389999999801603 1.5379999999636311 0.772999999981721
1.5379999999636311 0.772999999981721 0.8019999999810352
0.772999999981721 0.8019999999810352 1.2079999999714346
0.8019999999810352 1.2079999999714346 1.0639999999748397
1.2079999999714346 1.0639999999748397 1.2539999999703468
1.0639999999748397 1.2539999999703468 1.064999999974816
1.2539999999703468 1.064999999974816 1.4659999999653337
1.064999999974816 1.4659999999653337 2.114999999949987
1.4659999999653337 2.114999999949987 1.4409999999659249
2.114999999949987 1.4409999999659249 1.4569999999655465
1.4409999999659249 1.4569999999655465 2.145999999949254
1.4569999999655465 2.145999999949254 2.3919999999434367
2.145999999949254 2.3919999999434367 0.9489999999775591
2.3919999999434367 0.9489999999775591 2.4529999999419942
0.9489999999775591 2.4529999999419942 1.610999999961905
2.4529999999419942 1.610999999961905 0.8109999999808224
1.610999999961905 0.8109999999808224 0.9729999999769916
0.8109999999808224 0.9729999999769916 2.1139999999500105
0.9729999999769916 2.1139999999500105 1.460999999965452
2.1139999999500105 1.460999999965452 1.401999999966847
1.460999999965452 1.401999999966847 2.1189999999498923
1.401999999966847 2.1189999999498923 1.0949999999741067
2.1189999999498923 1.0949999999741067 1.6229999999616211
1.0949999999741067 1.6229999999616211 0.8079999999808933
1.6229999999616211 0.8079999999808933 1.1089999999737756
0.8079999999808933 1.1089999999737756 0.8719999999793799
1.1089999999737756 0.8719999999793799 1.483999999964908
0.8719999999793799 1.483999999964908 1.0229999999758093
1.483999999964908 1.0229999999758093 1.8479999999563006
1.0229999999758093 1.8479999999563006 1.8099999999571992
1.8479999999563006 1.8099999999571992 1.4179999999664687
1.8099999999571992 1.4179999999664687 1.6999999999598003
1.4179999999664687 1.6999999999598003 1.9519999999538413
1.6999999999598003 1.9519999999538413 1.803999999957341
1.9519999999538413 1.803999999957341 1.6889999999600604
1.803999999957341 1.6889999999600604 2.4139999999429165
1.6889999999600604 2.4139999999429165 0.9079999999785286
2.4139999999429165 0.9079999999785286 1.3939999999670363
0.9079999999785286 1.3939999999670363 1.6089999999619522
1.3939999999670363 1.6089999999619522 0.7799999999815554
1.6089999999619522 0.7799999999815554 1.2229999999710799
0.7799999999815554 1.2229999999710799 1.0149999999759984
1.2229999999710799 1.0149999999759984 1.545999999963442
1.0149999999759984 1.545999999963442 1.5299999999638203
1.545999999963442 1.5299999999638203 0.77599999998165
1.5299999999638203 0.77599999998165 1.1509999999727825
0.77599999998165 1.1509999999727825 1.0999999999739885
1.1509999999727825 1.0999999999739885 1.47799999996505
1.0999999999739885 1.47799999996505 0.9219999999781976
1.47799999996505 0.9219999999781976 2.256999999946629
0.9219999999781976 2.256999999946629 1.358999999967864
2.256999999946629 1.358999999967864 2.230999999947244
1.358999999967864 2.230999999947244 1.3719999999675565
2.230999999947244 1.3719999999675565 0.9439999999776774
1.3719999999675565 0.9439999999776774 1.5479999999633947
0.9439999999776774 1.5479999999633947 1.5449999999634656
1.5479999999633947 1.5449999999634656 1.5959999999622596
1.5449999999634656 1.5959999999622596 1.4179999999664687
1.5959999999622596 1.4179999999664687 1.443999999965854
1.4179999999664687 1.443999999965854 1.0429999999753363
1.443999999965854 1.0429999999753363 2.2979999999456595
1.0429999999753363 2.2979999999456595 1.0749999999745796
2.2979999999456595 1.0749999999745796 0.8969999999787888
1.0749999999745796 0.8969999999787888 0.8369999999802076
0.8969999999787888 0.8369999999802076 1.4929999999646952
0.8369999999802076 1.4929999999646952 0.8209999999805859
1.4929999999646952 0.8209999999805859 1.6019999999621177
0.8209999999805859 1.6019999999621177 0.7649999999819102
1.6019999999621177 0.7649999999819102 1.0009999999763295
0.7649999999819102 1.0009999999763295 0.8859999999790489
1.0009999999763295 0.8859999999790489 0.8139999999807515
0.8859999999790489 0.8139999999807515 0.9699999999770625
0.8139999999807515 0.9699999999770625 2.080999999950791
0.9699999999770625 2.080999999950791 1.5169999999641277
2.080999999950791 1.5169999999641277 2.1159999999499632
1.5169999999641277 2.1159999999499632 1.5579999999631582
2.1159999999499632 1.5579999999631582 0.9509999999775118
1.5579999999631582 0.9509999999775118 2.1189999999498923
0.9509999999775118 2.1189999999498923 1.4869999999648371
2.1189999999498923 1.4869999999648371 0.9469999999776064
1.4869999999648371 0.9469999999776064 1.4599999999654756
0.9469999999776064 1.4599999999654756 1.2339999999708198
1.4599999999654756 1.2339999999708198 1.9489999999539123
1.2339999999708198 1.9489999999539123 1.3739999999675092
1.9489999999539123 1.3739999999675092 2.2559999999466527
1.3739999999675092 2.2559999999466527 1.2649999999700867
2.2559999999466527 1.2649999999700867 1.0879999999742722
1.2649999999700867 1.0879999999742722 1.2329999999708434
1.0879999999742722 1.2329999999708434 0.9369999999778429
1.2329999999708434 0.9369999999778429 1.5569999999631818
0.9369999999778429 1.5569999999631818 1.7649999999582633
1.5569999999631818 1.7649999999582633 0.8189999999806332
1.7649999999582633 0.8189999999806332 0.973999999976968
0.8189999999806332 0.973999999976968 0.8049999999809643
0.973999999976968 0.8049999999809643 0.7689999999818156
0.8049999999809643 0.7689999999818156 1.0699999999746979
0.7689999999818156 1.0699999999746979 0.9919999999765423
1.0699999999746979 0.9919999999765423 1.517999999964104
0.9919999999765423 1.517999999964104 0.9889999999766133
1.517999999964104 0.9889999999766133 1.4679999999652864
0.9889999999766133 1.4679999999652864 1.4339999999660904
1.4679999999652864 1.4339999999660904 0.9069999999785523
1.4339999999660904 0.9069999999785523 1.3939999999670363
0.9069999999785523 1.3939999999670363 1.6689999999605334
1.3939999999670363 1.6689999999605334 1.5099999999642932
1.6689999999605334 1.5099999999642932 1.548999999963371
1.5099999999642932 1.548999999963371 1.0689999999747215
1.548999999963371 1.0689999999747215 1.1939999999717656
1.0689999999747215 1.1939999999717656 1.3459999999681713
1.1939999999717656 1.3459999999681713 2.262999999946487
1.3459999999681713 2.262999999946487 1.3219999999687388
2.262999999946487 1.3219999999687388 1.684999999960155
1.3219999999687388 1.684999999960155 0.9069999999785523
1.684999999960155 0.9069999999785523 1.9859999999530373
0.9069999999785523 1.9859999999530373 1.0719999999746506
1.9859999999530373 1.0719999999746506 1.5099999999642932
1.0719999999746506 1.5099999999642932 0.9199999999782449
1.5099999999642932 0.9199999999782449 1.378999999967391
0.9199999999782449 1.378999999967391 1.64799999996103
1.378999999967391 1.64799999996103 2.180999999948426
1.64799999996103 2.180999999948426 0.8869999999790252
2.180999999948426 0.8869999999790252 1.174999999972215
0.8869999999790252 1.174999999972215 1.208999999971411
1.174999999972215 1.208999999971411 1.092999999974154
1.208999999971411 1.092999999974154 0.8189999999806332
1.092999999974154 0.8189999999806332 0.7849999999814372
0.8189999999806332 0.7849999999814372 1.3539999999679821
0.7849999999814372 1.3539999999679821 1.2709999999699448
1.3539999999679821 1.2709999999699448 0.8799999999791908
1.2709999999699448 0.8799999999791908 0.8619999999796164
0.8799999999791908 0.8619999999796164 0.7609999999820047
0.8619999999796164 0.7609999999820047 0.8369999999802076
0.7609999999820047 0.8369999999802076 0.9809999999768024
0.8369999999802076 0.9809999999768024 0.7849999999814372
0.9809999999768024 0.7849999999814372 0.7989999999811062
0.7849999999814372 0.7989999999811062 1.5079999999643405
0.7989999999811062 1.5079999999643405 0.8719999999793799
1.5079999999643405 0.8719999999793799 1.191999999971813
0.8719999999793799 1.191999999971813 1.0979999999740357
1.191999999971813 1.0979999999740357 1.191999999971813
1.0979999999740357 1.191999999971813 0.8469999999799711
1.191999999971813 0.8469999999799711 1.4869999999648371
0.8469999999799711 1.4869999999648371 0.8209999999805859
1.4869999999648371 0.8209999999805859 1.0669999999747688
0.8209999999805859 1.0669999999747688 1.9969999999527772
1.0669999999747688 1.9969999999527772 2.1709999999486627
1.9969999999527772 2.1709999999486627 1.5639999999630163
2.1709999999486627 1.5639999999630163 1.2679999999700158
1.5639999999630163 1.2679999999700158 2.250999999946771
1.2679999999700158 2.250999999946771 0.942999999977701
2.250999999946771 0.942999999977701 1.4689999999652628
0.942999999977701 1.4689999999652628 0.9779999999768734
1.4689999999652628 0.9779999999768734 2.16899999994871
0.9779999999768734 2.16899999994871 1.29699999996933
2.16899999994871 1.29699999996933 1.21199999997134
1.29699999996933 1.21199999997134 1.1219999999734682
1.21199999997134 1.1219999999734682 1.3969999999669653
1.1219999999734682 1.3969999999669653 0.9209999999782212
1.3969999999669653 0.9209999999782212 1.4549999999655938
0.9209999999782212 1.4549999999655938 0.8299999999803731
1.4549999999655938 0.8299999999803731 0.789999999981319
0.8299999999803731 0.789999999981319 1.0609999999749107
0.789999999981319 1.0609999999749107 1.2719999999699212
1.0609999999749107 1.2719999999699212 1.426999999966256
1.2719999999699212 1.426999999966256 0.9169999999783158
1.426999999966256 0.9169999999783158 1.4559999999655702
0.9169999999783158 1.4559999999655702 2.0999999999503416
1.4559999999655702 2.0999999999503416 1.670999999960486
2.0999999999503416 1.670999999960486 2.0319999999519496
1.670999999960486 2.0319999999519496 0.9959999999764477
2.0319999999519496 0.9959999999764477 2.1089999999501288
0.9959999999764477 2.1089999999501288 0.8029999999810116
2.1089999999501288 0.8029999999810116 0.7829999999814845
0.8029999999810116 0.7829999999814845 1.3189999999688098
0.7829999999814845 1.3189999999688098 0.9449999999776537
1.3189999999688098 0.9449999999776537 2.134999999949514
0.9449999999776537 2.134999999949514 0.8319999999803258
2.134999999949514 0.8319999999803258 1.0549999999750526
0.8319999999803258 1.0549999999750526 1.9519999999538413
1.0549999999750526 1.9519999999538413 2.3259999999449974
1.9519999999538413 2.3259999999449974 1.12699999997335
2.3259999999449974 1.12699999997335 0.8979999999787651
1.12699999997335 0.8979999999787651 0.9489999999775591
0.8979999999787651 0.9489999999775591 2.1089999999501288
0.9489999999775591 2.1089999999501288 0.9179999999782922
2.1089999999501288 0.9179999999782922 1.4859999999648608
0.9179999999782922 1.4859999999648608 2.063999999951193
1.4859999999648608 2.063999999951193 2.4219999999427273
2.063999999951193 2.4219999999427273 1.2369999999707488
2.4219999999427273 1.2369999999707488 2.103999999950247
1.2369999999707488 2.103999999950247 2.123999999949774
2.103999999950247 2.123999999949774 0.9019999999786705
2.123999999949774 0.9019999999786705 1.4589999999654992
0.9019999999786705 1.4589999999654992 0.8499999999799002
1.4589999999654992 0.8499999999799002 1.1139999999736574
0.8499999999799002 1.1139999999736574 1.8939999999552128
1.1139999999736574 1.8939999999552128 2.0989999999503652
1.8939999999552128 2.0989999999503652 1.5519999999633
2.0989999999503652 1.5519999999633 1.497999999964577
1.5519999999633 1.497999999964577 0.8079999999808933
1.497999999964577 0.8079999999808933 1.299999999969259
0.8079999999808933 1.299999999969259 1.9979999999527536
1.299999999969259 1.9979999999527536 1.1049999999738702
1.9979999999527536 1.1049999999738702 0.792999999981248
1.1049999999738702 0.792999999981248 0.7829999999814845
0.792999999981248 0.7829999999814845 1.2809999999697084
0.7829999999814845 1.2809999999697084 0.959999999977299
1.2809999999697084 0.959999999977299 1.5359999999636784
0.959999999977299 1.5359999999636784 1.0289999999756674
1.5359999999636784 1.0289999999756674 1.3209999999687625
1.0289999999756674 1.3209999999687625 1.1759999999721913
1.3209999999687625 1.1759999999721913 1.098999999974012
1.1759999999721913 1.098999999974012 1.2679999999700158
1.098999999974012 1.2679999999700158 1.157999999972617
1.2679999999700158 1.157999999972617 1.1319999999732318
1.157999999972617 1.1319999999732318 0.8049999999809643
1.1319999999732318 0.8049999999809643 0.8039999999809879
0.8049999999809643 0.8039999999809879 1.3689999999676274
0.8039999999809879 1.3689999999676274 1.613999999961834
1.3689999999676274 1.613999999961834 0.8449999999800184
1.613999999961834 0.8449999999800184 1.494999999964648
0.8449999999800184 1.494999999964648 1.0609999999749107
1.494999999964648 1.0609999999749107 1.9359999999542197
1.0609999999749107 1.9359999999542197 2.2749999999462034
1.9359999999542197 2.2749999999462034 1.2039999999715292
2.2749999999462034 1.2039999999715292 1.1999999999716238
1.2039999999715292 1.1999999999716238 1.313999999968928
1.1999999999716238 1.313999999968928 2.09499999995046
1.313999999968928 2.09499999995046 1.5739999999627798
2.09499999995046 1.5739999999627798 1.5589999999631345
1.5739999999627798 1.5589999999631345 1.5329999999637494
1.5589999999631345 1.5329999999637494 1.4759999999650972
1.5329999999637494 1.4759999999650972 0.9959999999764477
1.4759999999650972 0.9959999999764477 2.06199999995124
0.9959999999764477 2.06199999995124 0.8279999999804204
2.06199999995124 0.8279999999804204 1.6179999999617394
0.8279999999804204 1.6179999999617394 0.7619999999819811
1.6179999999617394 0.7619999999819811 0.8319999999803258
0.7619999999819811 0.8319999999803258 1.007999999976164
0.8319999999803258 1.007999999976164 0.7959999999811771
1.007999999976164 0.7959999999811771 0.8149999999807278
0.7959999999811771 0.8149999999807278 1.3899999999671309
0.8149999999807278 1.3899999999671309 2.0509999999515003
1.3899999999671309 2.0509999999515003 0.9989999999763768
2.0509999999515003 0.9989999999763768 1.4179999999664687
0.9989999999763768 1.4179999999664687 0.8699999999794272
1.4179999999664687 0.8699999999794272 0.8479999999799475
0.8699999999794272 0.8479999999799475 1.497999999964577
0.8479999999799475 1.497999999964577 1.517999999964104
1.497999999964577 1.517999999964104 0.7829999999814845
1.517999999964104 0.7829999999814845 0.7889999999813426
0.7829999999814845 0.7889999999813426 1.2749999999698503
0.7889999999813426 1.2749999999698503 0.9699999999770625
1.2749999999698503 0.9699999999770625 1.5079999999643405
0.9699999999770625 1.5079999999643405 2.1279999999496795
1.5079999999643405 2.1279999999496795 1.5839999999625434
2.1279999999496795 1.5839999999625434 0.8079999999808933
1.5839999999625434 0.8079999999808933 1.3459999999681713
0.8079999999808933 1.3459999999681713 1.4029999999668235
1.3459999999681713 1.4029999999668235 1.157999999972617
1.4029999999668235 1.157999999972617 1.9979999999527536
1.157999999972617 1.9979999999527536 2.213999999947646
1.9979999999527536 2.213999999947646 0.7939999999812244
2.213999999947646 0.7939999999812244 0.7689999999818156
0.7939999999812244 0.7689999999818156 1.0629999999748634
0.7689999999818156 1.0629999999748634 0.9009999999786942
1.0629999999748634 0.9009999999786942 0.9679999999771098
0.9009999999786942 0.9679999999771098 2.029999999951997
0.9679999999771098 2.029999999951997 1.055999999975029
2.029999999951997 1.055999999975029 2.097999999950389
1.055999999975029 2.097999999950389 1.460999999965452
2.097999999950389 1.460999999965452 1.5959999999622596
1.460999999965452 1.5959999999622596 1.5089999999643169
1.5959999999622596 1.5089999999643169 1.4709999999652155
1.5089999999643169 1.4709999999652155 1.0919999999741776
1.4709999999652155 1.0919999999741776 1.1999999999716238
1.0919999999741776 1.1999999999716238 0.8509999999798765
1.1999999999716238 0.8509999999798765 1.4849999999648844
0.8509999999798765 1.4849999999648844 0.8169999999806805
1.4849999999648844 0.8169999999806805 0.9509999999775118
0.8169999999806805 0.9509999999775118 2.1169999999499396
0.9509999999775118 2.1169999999499396 1.4819999999649554
2.1169999999499396 1.4819999999649554 0.95699999997737
1.4819999999649554 0.95699999997737 1.4829999999649317
0.95699999997737 1.4829999999649317 1.517999999964104
1.4829999999649317 1.517999999964104 1.5389999999636075
1.517999999964104 1.5389999999636075 1.6389999999612428
1.5389999999636075 1.6389999999612428 1.0489999999751944
1.6389999999612428 1.0489999999751944 1.0769999999745323
1.0489999999751944 1.0769999999745323 1.5109999999642696
1.0769999999745323 1.5109999999642696 0.9459999999776301
1.5109999999642696 0.9459999999776301 1.5109999999642696
0.9459999999776301 1.5109999999642696 1.299999999969259
1.5109999999642696 1.299999999969259 2.451999999942018
1.299999999969259 2.451999999942018 0.8659999999795218
2.451999999942018 0.8659999999795218 1.174999999972215
0.8659999999795218 1.174999999972215 1.2299999999709144
1.174999999972215 1.2299999999709144 1.3099999999690226
1.2299999999709144 1.3099999999690226 2.0459999999516185
1.3099999999690226 2.0459999999516185 2.2019999999479296
2.0459999999516185 2.2019999999479296 1.3949999999670126
2.2019999999479296 1.3949999999670126 1.480999999964979
1.3949999999670126 1.480999999964979 0.959999999977299
1.480999999964979 0.959999999977299 1.6439999999611246
0.959999999977299 1.6439999999611246 0.7849999999814372
1.6439999999611246 0.7849999999814372 1.0039999999762586
0.7849999999814372 1.0039999999762586 0.8039999999809879
1.0039999999762586 0.8039999999809879 0.7809999999815318
0.8039999999809879 0.7809999999815318 1.2649999999700867
0.7809999999815318 1.2649999999700867 0.9789999999768497
1.2649999999700867 0.9789999999768497 1.5589999999631345
0.9789999999768497 1.5589999999631345 1.5329999999637494
1.5589999999631345 1.5329999999637494 1.8079999999572465
1.5329999999637494 1.8079999999572465 1.0539999999750762
1.8079999999572465 1.0539999999750762 0.8229999999805386
1.0539999999750762 0.8229999999805386 0.7709999999817683
0.8229999999805386 0.7709999999817683 1.0189999999759038
0.7709999999817683 1.0189999999759038 1.2519999999703941
1.0189999999759038 1.2519999999703941 1.3349999999684314
1.2519999999703941 1.3349999999684314 2.4079999999430584
1.3349999999684314 2.4079999999430584 0.9789999999768497
2.4079999999430584 0.9789999999768497 2.3889999999435076
0.9789999999768497 2.3889999999435076 1.6319999999614083
2.3889999999435076 1.6319999999614083 1.5169999999641277
1.6319999999614083 1.5169999999641277 1.5309999999637967
1.5169999999641277 1.5309999999637967 0.9269999999780794
1.5309999999637967 0.9269999999780794 1.7259999999591855
0.9269999999780794 1.7259999999591855 1.9219999999545507
1.7259999999591855 1.9219999999545507 2.171999999948639
1.9219999999545507 2.171999999948639 1.4599999999654756
2.171999999948639 1.4599999999654756 1.2019999999715765
1.4599999999654756 1.2019999999715765 2.0629999999512165
1.2019999999715765 2.0629999999512165 2.5409999999399133
2.0629999999512165 2.5409999999399133 0.9539999999774409
2.5409999999399133 0.9539999999774409 1.4849999999648844
0.9539999999774409 1.4849999999648844 0.8699999999794272
1.4849999999648844 0.8699999999794272 1.4679999999652864
0.8699999999794272 1.4679999999652864 1.6189999999617157
1.4679999999652864 1.6189999999617157 0.7659999999818865
1.6189999999617157 0.7659999999818865 0.9989999999763768
0.7659999999818865 0.9989999999763768 0.86099999997964
0.9989999999763768 0.86099999997964 0.7949999999812007
0.86099999997964 0.7949999999812007 0.8899999999789543
0.7949999999812007 0.8899999999789543 1.4599999999654756
0.8899999999789543 1.4599999999654756 1.4899999999647662
1.4599999999654756 1.4899999999647662 0.8849999999790725
1.4899999999647662 0.8849999999790725 2.0819999999507672
0.8849999999790725 2.0819999999507672 0.8219999999805623
2.0819999999507672 0.8219999999805623 0.8349999999802549
0.8219999999805623 0.8349999999802549 1.4929999999646952
0.8349999999802549 1.4929999999646952 0.8399999999801366
1.4929999999646952 0.8399999999801366 1.4869999999648371
0.8399999999801366 1.4869999999648371 0.8599999999796637
1.4869999999648371 0.8599999999796637 1.4689999999652628
0.8599999999796637 1.4689999999652628 0.9549999999774172
1.4689999999652628 0.9549999999774172 2.0339999999519023
0.9549999999774172 2.0339999999519023 0.8059999999809406
2.0339999999519023 0.8059999999809406 0.8949999999788361
0.8059999999809406 0.8949999999788361 2.0819999999507672
0.8949999999788361 2.0819999999507672 0.8309999999803495
2.0819999999507672 0.8309999999803495 1.0029999999762822
0.8309999999803495 1.0029999999762822 1.9969999999527772
1.0029999999762822 1.9969999999527772 1.6439999999611246
1.9969999999527772 1.6439999999611246 2.103999999950247
1.6439999999611246 2.103999999950247 0.9279999999780557
2.103999999950247 0.9279999999780557 1.5019999999644824
0.9279999999780557 1.5019999999644824 0.9119999999784341
1.5019999999644824 0.9119999999784341 1.3779999999674146
0.9119999999784341 1.3779999999674146 1.310999999968999
1.3779999999674146 1.310999999968999 2.281999999946038
1.310999999968999 2.281999999946038 0.9159999999783395
2.281999999946038 0.9159999999783395 1.3779999999674146
0.9159999999783395 1.3779999999674146 1.4259999999662796
1.3779999999674146 1.4259999999662796 1.2669999999700394
1.4259999999662796 1.2669999999700394 1.9419999999540778
1.2669999999700394 1.9419999999540778 2.109999999950105
1.9419999999540778 2.109999999950105 2.095999999950436
2.109999999950105 2.095999999950436 0.7779999999816027
2.095999999950436 0.7779999999816027 0.8209999999805859
0.7779999999816027 0.8209999999805859 1.446999999965783
0.8209999999805859 1.446999999965783 0.9989999999763768
1.446999999965783 0.9989999999763768 1.3189999999688098
0.9989999999763768 1.3189999999688098 1.3469999999681477
1.3189999999688098 1.3469999999681477 0.959999999977299
1.3469999999681477 0.959999999977299 1.5339999999637257
0.959999999977299 1.5339999999637257 1.2859999999695901
