0.9249999999998982 0.9829000000015107 2.0689000000008217
0.9829000000015107 2.0689000000008217 1.789699999995829
2.0689000000008217 1.789699999995829 0.8527999999980125
1.789699999995829 0.8527999999980125 0.9673999999977454
0.8527999999980125 0.9673999999977454 0.7860999999981679
0.9673999999977454 0.7860999999981679 0.9926999999976864
0.7860999999981679 0.9926999999976864 0.9510999999977834
0.9926999999976864 0.9510999999977834 0.8387999999980451
0.9510999999977834 0.8387999999980451 1.5994999999962722
0.8387999999980451 1.5994999999962722 0.819099999998091
1.5994999999962722 0.819099999998091 1.099699999997437
0.819099999998091 1.099699999997437 0.8320999999980625
1.099699999997437 0.8320999999980625 0.9185999999978591
0.8320999999980625 0.9185999999978591 2.0979999999951104
0.9185999999978591 2.0979999999951104 0.8392999999980439
2.0979999999951104 0.8392999999980439 1.7017999999960338
0.8392999999980439 1.7017999999960338 0.796799999998143
1.7017999999960338 0.796799999998143 1.0110999999976436
0.796799999998143 1.0110999999976436 0.8097999999981127
1.0110999999976436 0.8097999999981127 0.8261999999980745
0.8097999999981127 0.8261999999980745 1.1369999999973501
0.8261999999980745 1.1369999999973501 0.8737999999979635
1.1369999999973501 0.8737999999979635 1.5084999999964843
0.8737999999979635 1.5084999999964843 1.1392999999973448
1.5084999999964843 1.1392999999973448 1.947599999995461
1.1392999999973448 1.947599999995461 2.6029000000840874
1.947599999995461 2.6029000000840874 1.1020000000365826
2.6029000000840874 1.1020000000365826 2.1659000000719004
1.1020000000365826 2.1659000000719004 1.5987000000530713
2.1659000000719004 1.5987000000530713 1.1609000000385379
1.5987000000530713 1.1609000000385379 0.9058000000300694
1.1609000000385379 0.9058000000300694 1.003900000033326
0.9058000000300694 1.003900000033326 2.0329000000674853
1.003900000033326 2.0329000000674853 1.5705000000521352
2.0329000000674853 1.5705000000521352 1.5094000000501069
1.5705000000521352 1.5094000000501069 0.8662000000287549
1.5094000000501069 0.8662000000287549 1.5152000000502994
0.8662000000287549 1.5152000000502994 1.2158000000403604
1.5152000000502994 1.2158000000403604 1.1261000000373826
1.2158000000403604 1.1261000000373826 1.2439000000412932
1.1261000000373826 1.2439000000412932 0.8874000000294586
1.2439000000412932 0.8874000000294586 1.5690000000520854
0.8874000000294586 1.5690000000520854 1.5719000000521817
1.5690000000520854 1.5719000000521817 1.5099000000501235
1.5719000000521817 1.5099000000501235 1.6344000000542565
1.5099000000501235 1.6344000000542565 0.9359000000310687
1.6344000000542565 0.9359000000310687 1.0784000000357992
0.9359000000310687 1.0784000000357992 0.8592000000285225
1.0784000000357992 0.8592000000285225 1.5056000000499736
0.8592000000285225 1.5056000000499736 0.8867000000294354
1.5056000000499736 0.8867000000294354 1.6225000000538614
0.8867000000294354 1.6225000000538614 2.0449000000678836
1.6225000000538614 2.0449000000678836 1.5838000000525767
2.0449000000678836 1.5838000000525767 0.9420000000312712
1.5838000000525767 0.9420000000312712 1.338600000044437
0.9420000000312712 1.338600000044437 1.586700000052673
1.338600000044437 1.586700000052673 1.7260000000572973
1.586700000052673 1.7260000000572973 1.9008000000631
1.7260000000572973 1.9008000000631 2.244900000074523
1.9008000000631 2.244900000074523 1.5977000000530381
2.244900000074523 1.5977000000530381 0.9361000000310753
1.5977000000530381 0.9361000000310753 1.16910000003881
0.9361000000310753 1.16910000003881 1.4633000000485765
1.16910000003881 1.4633000000485765 0.8542000000283565
1.4633000000485765 0.8542000000283565 0.8313000000275963
0.8542000000283565 0.8313000000275963 1.4308000000474976
0.8313000000275963 1.4308000000474976 2.1834000000724814
1.4308000000474976 2.1834000000724814 1.4335000000475873
2.1834000000724814 1.4335000000475873 1.0700000000355203
1.4335000000475873 1.0700000000355203 0.7915000000262751
1.0700000000355203 0.7915000000262751 0.9061000000300794
0.7915000000262751 0.9061000000300794 0.913800000030335
0.9061000000300794 0.913800000030335 0.784900000026056
0.913800000030335 0.784900000026056 1.0582000000351286
0.784900000026056 1.0582000000351286 0.8761000000290835
1.0582000000351286 0.8761000000290835 0.8371000000277888
0.8761000000290835 0.8371000000277888 1.5893000000527593
0.8371000000277888 1.5893000000527593 2.128800000070669
1.5893000000527593 2.128800000070669 2.4015000000797215
2.128800000070669 2.4015000000797215 2.2657000000752134
2.4015000000797215 2.2657000000752134 1.175000000039006
2.2657000000752134 1.175000000039006 2.621000000087008
1.175000000039006 2.621000000087008 0.9686000000321542
2.621000000087008 0.9686000000321542 1.3775000000457283
0.9686000000321542 1.3775000000457283 1.5640000000519194
1.3775000000457283 1.5640000000519194 1.664900000055269
1.5640000000519194 1.664900000055269 0.8102000000268959
1.664900000055269 0.8102000000268959 1.0337000000343153
0.8102000000268959 1.0337000000343153 0.801800000026617
1.0337000000343153 0.801800000026617 0.8637000000286719
0.801800000026617 0.8637000000286719 1.2688000000421198
0.8637000000286719 1.2688000000421198 1.7970000000596542
1.2688000000421198 1.7970000000596542 0.9423000000312811
1.7970000000596542 0.9423000000312811 0.97510000003237
0.9423000000312811 0.97510000003237 0.7949000000263879
0.97510000003237 0.7949000000263879 1.1881000000394408
0.7949000000263879 1.1881000000394408 1.1051000000366855
1.1881000000394408 1.1051000000366855 1.6550000000549403
1.1051000000366855 1.6550000000549403 1.3016000000432086
1.6550000000549403 1.3016000000432086 2.1134000000701576
1.3016000000432086 2.1134000000701576 2.2076000000732847
2.1134000000701576 2.2076000000732847 0.8002000000265639
2.2076000000732847 0.8002000000265639 0.8795000000291964
0.8002000000265639 0.8795000000291964 1.2677000000420833
0.8795000000291964 1.2677000000420833 1.6270000000540108
1.2677000000420833 1.6270000000540108 1.1802000000391786
1.6270000000540108 1.1802000000391786 1.191000000039537
1.1802000000391786 1.191000000039537 1.393700000046266
1.191000000039537 1.393700000046266 2.323500000077132
1.393700000046266 2.323500000077132 1.223800000040626
2.323500000077132 1.223800000040626 0.8712000000289208
1.223800000040626 0.8712000000289208 1.5067000000500173
0.8712000000289208 1.5067000000500173 0.8280000000274867
1.5067000000500173 0.8280000000274867 1.393700000046266
0.8280000000274867 1.393700000046266 2.255600000074878
1.393700000046266 2.255600000074878 1.0763000000357295
2.255600000074878 1.0763000000357295 1.4715000000488487
1.0763000000357295 1.4715000000488487 1.283600000042611
1.4715000000488487 1.283600000042611 1.4504000000481483
1.283600000042611 1.4504000000481483 1.0520000000349228
1.4504000000481483 1.0520000000349228 1.4861000000493334
1.0520000000349228 1.4861000000493334 1.600800000053141
1.4861000000493334 1.600800000053141 2.0939000000695103
1.600800000053141 2.0939000000695103 0.906900000030106
2.0939000000695103 0.906900000030106 0.786800000026119
0.906900000030106 0.786800000026119 1.0778000000357792
0.786800000026119 1.0778000000357792 0.8584000000284959
1.0778000000357792 0.8584000000284959 0.845600000028071
0.8584000000284959 0.845600000028071 1.5394000000511028
0.845600000028071 1.5394000000511028 1.0009000000332264
1.5394000000511028 1.0009000000332264 1.1723000000389163
1.0009000000332264 1.1723000000389163 1.5318000000508505
1.1723000000389163 1.5318000000508505 1.4967000000496853
1.5318000000508505 1.4967000000496853 1.0493000000348331
1.4967000000496853 1.0493000000348331 2.0723000000687932
1.0493000000348331 2.0723000000687932 0.7997000000265473
2.0723000000687932 0.7997000000265473 1.3392000000444568
0.7997000000265473 1.3392000000444568 0.994200000033004
1.3392000000444568 0.994200000033004 1.6432000000545486
0.994200000033004 1.6432000000545486 2.0501000000680563
1.6432000000545486 2.0501000000680563 1.586700000052673
2.0501000000680563 1.586700000052673 2.125100000070546
1.586700000052673 2.125100000070546 1.4874000000493766
2.125100000070546 1.4874000000493766 1.079300000035829
1.4874000000493766 1.079300000035829 1.6756000000556242
1.079300000035829 1.6756000000556242 1.076800000035746
1.6756000000556242 1.076800000035746 0.8305000000275697
1.076800000035746 0.8305000000275697 0.8053000000267332
0.8305000000275697 0.8053000000267332 1.1805000000391885
0.8053000000267332 1.1805000000391885 0.9367000000310952
1.1805000000391885 0.9367000000310952 1.6223000000538548
0.9367000000310952 1.6223000000538548 1.466300000048676
1.6223000000538548 1.466300000048676 1.4340000000476039
1.466300000048676 1.4340000000476039 1.589500000052766
1.4340000000476039 1.589500000052766 1.506600000050014
1.589500000052766 1.506600000050014 0.9518000000315965
1.506600000050014 0.9518000000315965 2.1988000000729926
0.9518000000315965 2.1988000000729926 1.3658000000453399
2.1988000000729926 1.3658000000453399 1.5024000000498745
1.3658000000453399 1.5024000000498745 1.0028000000332895
1.5024000000498745 1.0028000000332895 1.5530000000515543
1.0028000000332895 1.5530000000515543 1.8616000000617987
1.5530000000515543 1.8616000000617987 1.8769000000623066
1.8616000000617987 1.8769000000623066 2.277700000075612
1.8769000000623066 2.277700000075612 2.6643000000884456
2.277700000075612 2.6643000000884456 0.8861000000294155
2.6643000000884456 0.8861000000294155 1.1080000000367818
0.8861000000294155 1.1080000000367818 0.8414000000279316
1.1080000000367818 0.8414000000279316 1.0027000000332862
0.8414000000279316 1.0027000000332862 2.634100000087443
1.0027000000332862 2.634100000087443 0.9900000000328646
2.634100000087443 0.9900000000328646 1.4252000000473117
0.9900000000328646 1.4252000000473117 1.4767000000490214
1.4252000000473117 1.4767000000490214 2.255500000074875
1.4767000000490214 2.255500000074875 1.4380000000477366
2.255500000074875 1.4380000000477366 1.655200000054947
1.4380000000477366 1.655200000054947 0.9627000000319583
1.655200000054947 0.9627000000319583 2.1331000000708116
0.9627000000319583 2.1331000000708116 1.5133000000502363
2.1331000000708116 1.5133000000502363 1.505700000049984
1.5133000000502363 1.505700000049984 0.9463000000314139
1.505700000049984 0.9463000000314139 1.4511000000481715
0.9463000000314139 1.4511000000481715 1.674900000055601
1.4511000000481715 1.674900000055601 0.9450000000313707
1.674900000055601 0.9450000000313707 2.4165000000802195
0.9450000000313707 2.4165000000802195 2.2783999996908335
2.4165000000802195 2.2783999996908335 1.399299999648747
2.2783999996908335 1.399299999648747 1.013099999745691
1.399299999648747 1.013099999745691 1.5094999996210845
1.013099999745691 1.5094999996210845 1.5625999996077553
1.5094999996210845 1.5625999996077553 2.169599999455386
1.5625999996077553 2.169599999455386 1.480699999628314
2.169599999455386 1.480699999628314 1.0701999997313578
1.480699999628314 1.0701999997313578 2.1984999994481313
1.0701999997313578 2.1984999994481313 1.4124999996454335
2.1984999994481313 1.4124999996454335 1.5051999996221639
1.4124999996454335 1.5051999996221639 1.4714999996306233
1.5051999996221639 1.4714999996306233 1.6752999995794653
1.4714999996306233 1.6752999995794653 1.6140999995948278
1.6752999995794653 1.6140999995948278 1.6516999995853894
1.6140999995948278 1.6516999995853894 1.1037999997229235
1.6516999995853894 1.1037999997229235 0.8424999997885152
1.1037999997229235 0.8424999997885152 0.8119999997961713
0.8424999997885152 0.8119999997961713 2.0873999994760197
0.8119999997961713 2.0873999994760197 0.8539999997856285
2.0873999994760197 0.8539999997856285 0.9142999997704919
0.8539999997856285 0.9142999997704919 0.7980999997996605
0.9142999997704919 0.7980999997996605 0.8899999997765917
0.7980999997996605 0.8899999997765917 0.8875999997771942
0.8899999997765917 0.8875999997771942 0.7888999998019699
0.8875999997771942 0.7888999998019699 0.9804999997538744
0.7888999998019699 0.9804999997538744 0.835799999790197
0.9804999997538744 0.835799999790197 0.7997999997992338
0.835799999790197 0.7997999997992338 1.0985999997242288
0.7997999997992338 1.0985999997242288 0.8345999997904983
1.0985999997242288 0.8345999997904983 0.8742999997805327
0.8345999997904983 0.8742999997805327 1.499299999623645
0.8742999997805327 1.499299999623645 1.5283999996163402
1.499299999623645 1.5283999996163402 0.8631999997833191
1.5283999996163402 0.8631999997833191 1.4690999996312257
0.8631999997833191 1.4690999996312257 1.226699999692073
1.4690999996312257 1.226699999692073 0.950499999761405
1.226699999692073 0.950499999761405 1.8182999995435694
0.950499999761405 1.8182999995435694 1.0962999997248062
1.8182999995435694 1.0962999997248062 0.8193999997943138
1.0962999997248062 0.8193999997943138 0.8153999997953179
0.8193999997943138 0.8153999997953179 1.2050999996974952
0.8153999997953179 1.2050999996974952 1.1001999997238272
1.2050999996974952 1.1001999997238272 1.8654999995317212
1.1001999997238272 1.8654999995317212 2.402799999396848
1.8654999995317212 2.402799999396848 1.0021999997484272
2.402799999396848 1.0021999997484272 1.0850999997276176
1.0021999997484272 1.0850999997276176 1.5659999996069018
1.0850999997276176 1.5659999996069018 0.8418999997886658
1.5659999996069018 0.8418999997886658 0.7996999997992589
0.8418999997886658 0.7996999997992589 1.05819999973437
0.7996999997992589 1.05819999973437 0.8149999997954183
1.05819999973437 0.8149999997954183 0.839699999789218
0.8149999997954183 0.839699999789218 1.4534999996351416
0.839699999789218 1.4534999996351416 1.3768999996543698
1.4534999996351416 1.3768999996543698 1.0556999997349976
1.3768999996543698 1.0556999997349976 1.4837999996275357
1.0556999997349976 1.4837999996275357 1.3569999996593651
1.4837999996275357 1.3569999996593651 1.5210999996181727
1.3569999996593651 1.5210999996181727 0.990599999751339
1.5210999996181727 0.990599999751339 1.4728999996302719
0.990599999751339 1.4728999996302719 1.553999999609914
1.4728999996302719 1.553999999609914 0.9626999997583425
1.553999999609914 0.9626999997583425 1.0926999997257099
0.9626999997583425 1.0926999997257099 1.4740999996299706
1.0926999997257099 1.4740999996299706 0.8613999997837709
1.4740999996299706 0.8613999997837709 1.024899999742729
0.8613999997837709 1.024899999742729 2.045199999486613
1.024899999742729 2.045199999486613 2.216599999443588
2.045199999486613 2.216599999443588 0.7871999998023966
2.216599999443588 0.7871999998023966 1.0066999997472976
0.7871999998023966 1.0066999997472976 0.9707999997563093
1.0066999997472976 0.9707999997563093 0.8831999997782987
0.9707999997563093 0.8831999997782987 1.6131999995950537
0.8831999997782987 1.6131999995950537 2.069299999480563
1.6131999995950537 2.069299999480563 1.0177999997445113
2.069299999480563 1.0177999997445113 2.13599999946382
1.0177999997445113 2.13599999946382 0.7901999998016436
2.13599999946382 0.7901999998016436 1.0843999997277933
0.7901999998016436 1.0843999997277933 1.054299999735349
1.0843999997277933 1.054299999735349 1.6544999995846865
1.054299999735349 1.6544999995846865 1.2175999996943574
1.6544999995846865 1.2175999996943574 0.9453999997626852
1.2175999996943574 0.9453999997626852 1.6124999995952294
0.9453999997626852 1.6124999995952294 1.4397999996385806
1.6124999995952294 1.4397999996385806 1.5850999996021073
1.4397999996385806 1.5850999996021073 1.5153999996196035
1.5850999996021073 1.5153999996196035 1.5074999996215865
1.5153999996196035 1.5074999996215865 0.8268999997924311
1.5074999996215865 0.8268999997924311 1.3975999996491737
0.8268999997924311 1.3975999996491737 2.1787999994530765
1.3975999996491737 2.1787999994530765 1.19049999970116
2.1787999994530765 1.19049999970116 1.3955999996496757
1.19049999970116 1.3955999996496757 2.637799999337858
1.3955999996496757 2.637799999337858 1.0156999997450384
2.637799999337858 1.0156999997450384 1.627499999591464
1.0156999997450384 1.627499999591464 2.0280999994909052
1.627499999591464 2.0280999994909052 1.5929999996001243
2.0280999994909052 1.5929999996001243 2.0893999994755177
1.5929999996001243 2.0893999994755177 0.8487999997869338
2.0893999994755177 0.8487999997869338 0.8217999997937113
0.8487999997869338 0.8217999997937113 1.4284999996414172
0.8217999997937113 1.4284999996414172 1.4258999996420698
1.4284999996414172 1.4258999996420698 2.243899999436735
1.4258999996420698 2.243899999436735 1.0437999997379848
2.243899999436735 1.0437999997379848 1.4797999996285398
1.0437999997379848 1.4797999996285398 1.5712999996055714
1.4797999996285398 1.5712999996055714 1.6238999995923677
1.5712999996055714 1.6238999995923677 0.8820999997785748
1.6238999995923677 0.8820999997785748 1.0459999997374325
0.8820999997785748 1.0459999997374325 0.8139999997956693
1.0459999997374325 0.8139999997956693 0.8314999997912764
0.8139999997956693 0.8314999997912764 1.4107999996458602
0.8314999997912764 1.4107999996458602 1.4133999996452076
1.4107999996458602 1.4133999996452076 1.6325999995901839
1.4133999996452076 1.6325999995901839 1.755899999559233
1.6325999995901839 1.755899999559233 1.1704999997061805
1.755899999559233 1.1704999997061805 0.8097999997967236
1.1704999997061805 0.8097999997967236 1.4410999996382543
0.8097999997967236 1.4410999996382543 0.9427999997633378
1.4410999996382543 0.9427999997633378 1.61679999959415
0.9427999997633378 1.61679999959415 1.0015999997485778
1.61679999959415 1.0015999997485778 0.9362999997649695
1.0015999997485778 0.9362999997649695 0.8012999997988572
0.9362999997649695 0.8012999997988572 1.4083999996464627
0.8012999997988572 1.4083999996464627 0.9830999997532217
1.4083999996464627 0.9830999997532217 2.3979999993980528
0.9830999997532217 2.3979999993980528 1.4154999996446804
2.3979999993980528 1.4154999996446804 2.4462999993859285
1.4154999996446804 2.4462999993859285 2.3031999994218495
2.4462999993859285 2.3031999994218495 1.4124999996454335
2.3031999994218495 1.4124999996454335 1.62169999959292
1.4124999996454335 1.62169999959292 1.5064999996218376
1.62169999959292 1.5064999996218376 0.8228999997934352
1.5064999996218376 0.8228999997934352 1.3733999996552484
0.8228999997934352 1.3733999996552484 1.6810999995780094
1.3733999996552484 1.6810999995780094 1.5826999996027098
1.6810999995780094 1.5826999996027098 1.5004999996233437
1.5826999996027098 1.5004999996233437 1.5095999996210594
1.5004999996233437 1.5095999996210594 2.352799999409399
1.5095999996210594 2.352799999409399 1.165099999707536
2.352799999409399 1.165099999707536 0.9825999997533472
1.165099999707536 0.9825999997533472 1.5277999996164908
0.9825999997533472 1.5277999996164908 1.5434999996125498
1.5277999996164908 1.5434999996125498 1.5400999996134033
1.5434999996125498 1.5400999996134033 0.9611999997587191
1.5400999996134033 0.9611999997587191 1.7063999995716586
0.9611999997587191 1.7063999995716586 0.948499999761907
1.7063999995716586 0.948499999761907 0.8736999997806834
0.948499999761907 0.8736999997806834 0.788799999801995
0.8736999997806834 0.788799999801995 1.0910999997261115
0.788799999801995 1.0910999997261115 0.8540999997856034
1.0910999997261115 0.8540999997856034 0.8603999997840219
0.8540999997856034 0.8603999997840219 1.5014999996230927
0.8603999997840219 1.5014999996230927 1.3185999996690043
1.5014999996230927 1.3185999996690043 1.9882999995008959
1.3185999996690043 1.9882999995008959 1.155299999709996
1.9882999995008959 1.155299999709996 0.7992999997993593
1.155299999709996 0.7992999997993593 1.179799999703846
0.7992999997993593 1.179799999703846 1.0999999997238774
1.179799999703846 1.0999999997238774 1.5819999996028855
1.0999999997238774 1.5819999996028855 1.2030999996979972
1.5819999996028855 1.2030999996979972 1.2109999996960141
1.2030999996979972 1.2109999996960141 1.1540999997102972
1.2109999996960141 1.1540999997102972 0.8033999997983301
1.1540999997102972 0.8033999997983301 0.8968999997748597
0.8033999997983301 0.8968999997748597 1.3836999996526629
0.8968999997748597 1.3836999996526629 1.6053999995970116
1.3836999996526629 1.6053999995970116 1.026999999742202
1.6053999995970116 1.026999999742202 1.0547999997352235
1.026999999742202 1.0547999997352235 1.1489999997115774
1.0547999997352235 1.1489999997115774 1.8897999995256214
1.1489999997115774 1.8897999995256214 2.1169999994685895
1.8897999995256214 2.1169999994685895 1.6321999995902843
2.1169999994685895 1.6321999995902843 2.152899999459578
1.6321999995902843 2.152899999459578 1.6163999995942504
2.152899999459578 1.6163999995942504 0.9753999997551546
1.6163999995942504 0.9753999997551546 1.0772999997295756
0.9753999997551546 1.0772999997295756 0.9268999997673291
1.0772999997295756 0.9268999997673291 2.09699999947361
0.9268999997673291 2.09699999947361 1.0674999997320356
2.09699999947361 1.0674999997320356 1.4554999996346396
1.0674999997320356 1.4554999996346396 2.619299999342502
1.4554999996346396 2.619299999342502 1.0371999997396415
2.619299999342502 1.0371999997396415 0.818199999794615
1.0371999997396415 0.818199999794615 0.8174999997947907
0.818199999794615 0.8174999997947907 1.0153999997451137
0.8174999997947907 1.0153999997451137 0.795699999800263
1.0153999997451137 0.795699999800263 0.8912999997762654
0.795699999800263 0.8912999997762654 1.137599999714439
0.8912999997762654 1.137599999714439 1.24439999968763
1.137599999714439 1.24439999968763 1.8326999995399547
1.24439999968763 1.8326999995399547 2.0808999994776514
1.8326999995399547 2.0808999994776514 2.5184999993678048
2.0808999994776514 2.5184999993678048 1.2770999996794217
2.5184999993678048 1.2770999996794217 1.0686999997317344
1.2770999996794217 1.0686999997317344 0.8282999997920797
1.0686999997317344 0.8282999997920797 0.8332999997908246
0.8282999997920797 0.8332999997908246 1.4205999996434002
0.8332999997908246 1.4205999996434002 1.6053999995970116
1.4205999996434002 1.6053999995970116 0.8702999997815368
1.6053999995970116 0.8702999997815368 1.4408999996383045
0.8702999997815368 1.4408999996383045 1.36689999965688
1.4408999996383045 1.36689999965688 2.5969999993480997
1.36689999965688 2.5969999993480997 1.2544999996850947
2.5969999993480997 1.2544999996850947 2.080399999477777
1.2544999996850947 2.080399999477777 2.5129999993691854
2.080399999477777 2.5129999993691854 1.7385999995635757
2.5129999993691854 1.7385999995635757 2.0041999994969046
1.7385999995635757 2.0041999994969046 1.1438999997128576
2.0041999994969046 1.1438999997128576 2.5382999993628346
1.1438999997128576 2.5382999993628346 1.1300999997163217
2.5382999993628346 1.1300999997163217 2.1514999994599293
1.1300999997163217 2.1514999994599293 1.5199999996184488
2.1514999994599293 1.5199999996184488 1.5533999996100647
1.5199999996184488 1.5533999996100647 1.2554999996848437
1.5533999996100647 1.2554999996848437 2.522999999366675
1.2554999996848437 2.522999999366675 0.8964999997749601
2.522999999366675 0.8964999997749601 1.1075999997219697
0.8964999997749601 1.1075999997219697 0.849499999786758
1.1075999997219697 0.849499999786758 1.5584999996087845
0.849499999786758 1.5584999996087845 0.7937999998007399
1.5584999996087845 0.7937999998007399 1.1853999997024403
0.7937999998007399 1.1853999997024403 0.9799999997539999
1.1853999997024403 0.9799999997539999 1.538499999613805
0.9799999997539999 1.538499999613805 1.495299999624649
1.538499999613805 1.495299999624649 2.1709999994550344
1.495299999624649 2.1709999994550344 0.8359999997901468
2.1709999994550344 0.8359999997901468 0.9291999997667517
0.8359999997901468 0.9291999997667517 2.1121999994697944
0.9291999997667517 2.1121999994697944 1.4880999996264563
2.1121999994697944 1.4880999996264563 1.0241999997429048
1.4880999996264563 1.0241999997429048 1.9649999995067446
1.0241999997429048 1.9649999995067446 1.628599999591188
1.9649999995067446 1.628599999591188 0.894599999775437
1.628599999591188 0.894599999775437 2.12129999946751
0.894599999775437 2.12129999946751 0.8196999997942385
2.12129999946751 0.8196999997942385 0.8344999997905234
0.8196999997942385 0.8344999997905234 1.4459999996370243
0.8344999997905234 1.4459999996370243 1.6316999995904098
1.4459999996370243 1.6316999995904098 1.0001999997489293
1.6316999995904098 1.0001999997489293 2.419099999392756
1.0001999997489293 2.419099999392756 2.208799999445546
2.419099999392756 2.208799999445546 1.7322999995651571
2.208799999445546 1.7322999995651571 2.0904999994752416
1.7322999995651571 2.0904999994752416 2.3964999993984293
2.0904999994752416 2.3964999993984293 2.1162999994687652
2.3964999993984293 2.1162999994687652 2.1709999994550344
2.1162999994687652 2.1709999994550344 1.0854999997275172
2.1709999994550344 1.0854999997275172 1.9012999995227347
1.0854999997275172 1.9012999995227347 2.5469999993606507
1.9012999995227347 2.5469999993606507 0.9413999997636893
2.5469999993606507 0.9413999997636893 0.9462999997624593
0.9413999997636893 0.9462999997624593 0.7873999998023464
0.9462999997624593 0.7873999998023464 1.1005999997237268
0.7873999998023464 1.1005999997237268 0.959299999759196
1.1005999997237268 0.959299999759196 1.489499999626105
0.959299999759196 1.489499999626105 0.8982999997745083
1.489499999626105 0.8982999997745083 1.6619999995828039
0.8982999997745083 1.6619999995828039 1.5037999996225153
1.6619999995828039 1.5037999996225153 2.120299999467761
1.5037999996225153 2.120299999467761 1.5768999996041657
2.120299999467761 1.5768999996041657 1.7358999995642534
1.5768999996041657 1.7358999995642534 0.972999999755757
1.7358999995642534 0.972999999755757 0.9268999997673291
0.972999999755757 0.9268999997673291 0.7894999998018193
0.9268999997673291 0.7894999998018193 1.152399999710724
0.7894999998018193 1.152399999710724 1.002499999748352
1.152399999710724 1.002499999748352 1.565899999606927
1.002499999748352 1.565899999606927 1.5957999995994214
1.565899999606927 1.5957999995994214 1.1026999997231997
1.5957999995994214 1.1026999997231997 1.006399999747373
1.1026999997231997 1.006399999747373 1.4831999996276863
1.006399999747373 1.4831999996276863 0.8497999997866827
1.4831999996276863 0.8497999997866827 1.0012999997486531
0.8497999997866827 1.0012999997486531 2.091099999475091
1.0012999997486531 2.091099999475091 1.5209999996181978
2.091099999475091 1.5209999996181978 1.4650999996322298
1.5209999996181978 1.4650999996322298 2.1804999994526497
1.4650999996322298 2.1804999994526497 1.5703999996057973
2.1804999994526497 1.5703999996057973 2.1023999994722544
1.5703999996057973 2.1023999994722544 2.3372999994132897
2.1023999994722544 2.3372999994132897 1.2097999996963154
2.3372999994132897 1.2097999996963154 0.8706999997814364
1.2097999996963154 0.8706999997814364 1.5596999996084833
0.8706999997814364 1.5596999996084833 0.7880999998021707
1.5596999996084833 0.7880999998021707 1.0711999997311068
0.7880999998021707 1.0711999997311068 0.9852999997526695
1.0711999997311068 0.9852999997526695 1.4850999996272094
0.9852999997526695 1.4850999996272094 0.868199999782064
1.4850999996272094 0.868199999782064 1.5039999996224651
0.868199999782064 1.5039999996224651 0.8561999997850762
1.5039999996224651 0.8561999997850762 1.5048999996222392
0.8561999997850762 1.5048999996222392 0.9479999997620325
1.5048999996222392 0.9479999997620325 2.1024999994722293
0.9479999997620325 2.1024999994722293 1.5259999996169427
2.1024999994722293 1.5259999996169427 1.5290999996161645
1.5259999996169427 1.5290999996161645 1.6469999995865692
1.5290999996161645 1.6469999995865692 0.9034999997732029
1.6469999995865692 0.9034999997732029 1.2399999996887345
0.9034999997732029 1.2399999996887345 1.4180999996440278
1.2399999996887345 1.4180999996440278 0.947499999762158
1.4180999996440278 0.947499999762158 1.4897999996260296
0.947499999762158 1.4897999996260296 0.8621999997835701
1.4897999996260296 0.8621999997835701 1.5058999996219882
0.8621999997835701 1.5058999996219882 0.8517999997861807
1.5058999996219882 0.8517999997861807 1.5073999996216116
0.8517999997861807 1.5073999996216116 1.012199999745917
1.5073999996216116 1.012199999745917 1.3713999996557504
1.012199999745917 1.3713999996557504 1.350299999661047
1.3713999996557504 1.350299999661047 1.5410999996131522
1.350299999661047 1.5410999996131522 0.9695999997566105
1.5410999996131522 0.9695999997566105 1.530599999615788
0.9695999997566105 1.530599999615788 1.1271999997170496
1.530599999615788 1.1271999997170496 0.8988999997743576
1.1271999997170496 0.8988999997743576 1.524599999617294
0.8988999997743576 1.524599999617294 0.7989999997994346
1.524599999617294 0.7989999997994346 0.9846999997528201
0.7989999997994346 0.9846999997528201 1.3105999996710125
0.9846999997528201 1.3105999996710125 1.4229999996427978
1.3105999996710125 1.4229999996427978 1.5336999996150098
1.4229999996427978 1.5336999996150098 0.9812999997536735
1.5336999996150098 0.9812999997536735 1.4749999996297447
0.9812999997536735 1.4749999996297447 1.5523999996103157
1.4749999996297447 1.5523999996103157 1.257199999684417
1.5523999996103157 1.257199999684417 2.2129999994444916
1.257199999684417 2.2129999994444916 1.5870999996016053
2.2129999994444916 1.5870999996016053 0.8707999997814113
1.5870999996016053 0.8707999997814113 1.5571999996091108
0.8707999997814113 1.5571999996091108 1.0850999997276176
1.5571999996091108 1.0850999997276176 0.8861999997775456
1.0850999997276176 0.8861999997775456 0.8851999997777966
0.8861999997775456 0.8851999997777966 1.6613999995829545
0.8851999997777966 1.6613999995829545 1.9750999995042093
1.6613999995829545 1.9750999995042093 1.843199999537319
1.9750999995042093 1.843199999537319 1.880399999527981
1.843199999537319 1.880399999527981 2.141199999462515
1.880399999527981 2.141199999462515 1.5615999996080063
2.141199999462515 1.5615999996080063 1.3663999996570055
1.5615999996080063 1.3663999996570055 2.4276999993905974
1.3663999996570055 2.4276999993905974 0.9434999997631621
2.4276999993905974 0.9434999997631621 1.2112999996959388
0.9434999997631621 1.2112999996959388 1.5042999996223898
1.2112999996959388 1.5042999996223898 1.4006999996483955
1.5042999996223898 1.4006999996483955 1.140599999713686
1.4006999996483955 1.140599999713686 1.3912999996507551
1.140599999713686 1.3912999996507551 1.7467999995615173
1.3912999996507551 1.7467999995615173 0.905399999772726
1.7467999995615173 0.905399999772726 1.0576999997344956
0.905399999772726 1.0576999997344956 0.8180999997946401
1.0576999997344956 0.8180999997946401 0.9529999997607774
0.8180999997946401 0.9529999997607774 1.4523999996354178
0.9529999997607774 1.4523999996354178 1.5753999996045422
1.4523999996354178 1.5753999996045422 2.323199999416829
1.5753999996045422 2.323199999416829 1.0380999997394156
2.323199999416829 1.0380999997394156 0.9511999997612293
1.0380999997394156 0.9511999997612293 0.8321999997911007
0.9511999997612293 0.8321999997911007 1.3703999996560015
0.8321999997911007 1.3703999996560015 2.2524999994345762
1.3703999996560015 2.2524999994345762 1.607899999596384
2.2524999994345762 1.607899999596384 0.8339999997906489
1.607899999596384 0.8339999997906489 1.5063999996218627
0.8339999997906489 1.5063999996218627 1.1779999997042978
1.5063999996218627 1.1779999997042978 0.9522999997609531
1.1779999997042978 0.9522999997609531 1.5012999996231429
0.9522999997609531 1.5012999996231429 1.4770999996292176
1.5012999996231429 1.4770999996292176 0.866199999782566
1.4770999996292176 0.866199999782566 0.7952999998003634
0.866199999782566 0.7952999998003634 1.1900999997012605
0.7952999998003634 1.1900999997012605 0.9844999997528703
1.1900999997012605 0.9844999997528703 1.5307999996157378
0.9844999997528703 1.5307999996157378 1.786399999551577
1.5307999996157378 1.786399999551577 0.9611999997587191
1.786399999551577 0.9611999997587191 0.8481999997870844
0.9611999997587191 0.8481999997870844 0.7945999998005391
0.8481999997870844 0.7945999998005391 1.0732999997305797
0.7945999998005391 1.0732999997305797 0.8270999997923809
1.0732999997305797 0.8270999997923809 0.8386999997894691
0.8270999997923809 0.8386999997894691 1.421899999643074
0.8386999997894691 1.421899999643074 1.6104999995957314
1.421899999643074 1.6104999995957314 1.6908999995755494
1.6104999995957314 1.6908999995755494 1.8727999995298887
1.6908999995755494 1.8727999995298887 2.189199999450466
1.8727999995298887 2.189199999450466 1.1774999997044233
2.189199999450466 1.1774999997044233 1.196499999699654
1.1774999997044233 1.196499999699654 0.8306999997914772
1.196499999699654 0.8306999997914772 0.9153999997702158
0.8306999997914772 0.9153999997702158 2.1160999994688154
0.9153999997702158 2.1160999994688154 0.8047999997979787
2.1160999994688154 0.8047999997979787 1.2628999996829862
0.8047999997979787 1.2628999996829862 1.119999999718857
1.2628999996829862 1.119999999718857 2.6902999993246794
1.119999999718857 2.6902999993246794 0.973999999755506
2.6902999993246794 0.973999999755506 1.4268999996418188
0.973999999755506 1.4268999996418188 1.4666999996318282
1.4268999996418188 1.4666999996318282 2.16069999945762
1.4666999996318282 2.16069999945762 1.0028999997482515
2.16069999945762 1.0028999997482515 1.6054999995969865
1.0028999997482515 1.6054999995969865 1.3631999996578088
1.6054999995969865 1.3631999996578088 1.480599999628339
1.3631999996578088 1.480599999628339 1.0172999997446368
1.480599999628339 1.0172999997446368 1.5484999996112947
1.0172999997446368 1.5484999996112947 1.516899999619227
1.5484999996112947 1.516899999619227 1.5095999996210594
1.516899999619227 1.5095999996210594 1.1815999997033941
1.5095999996210594 1.1815999997033941 2.175499999453905
1.1815999997033941 2.175499999453905 2.3186999994179587
2.175499999453905 2.3186999994179587 1.8888999995258473
2.3186999994179587 1.8888999995258473 1.8464999995364906
1.8888999995258473 1.8464999995364906 2.108699999470673
1.8464999995364906 2.108699999470673 2.1609999994575446
2.108699999470673 2.1609999994575446 0.8793999997792525
2.1609999994575446 0.8793999997792525 1.5358999996144576
0.8793999997792525 1.5358999996144576 1.5759999996043916
1.5358999996144576 1.5759999996043916 1.5203999996183484
1.5759999996043916 1.5203999996183484 1.485499999627109
1.5203999996183484 1.485499999627109 1.5888999996011535
1.485499999627109 1.5888999996011535 0.9671999997572129
1.5888999996011535 0.9671999997572129 2.1610999994575195
0.9671999997572129 2.1610999994575195 1.539299999613604
2.1610999994575195 1.539299999613604 1.3153999996698076
1.539299999613604 1.3153999996698076 1.0772999997295756
1.3153999996698076 1.0772999997295756 1.421899999643074
1.0772999997295756 1.421899999643074 1.4721999996304476
1.421899999643074 1.4721999996304476 1.6244999995922171
1.4721999996304476 1.6244999995922171 0.8893999997767423
1.6244999995922171 0.8893999997767423 1.155199999710021
0.8893999997767423 1.155199999710021 1.4684999996313763
1.155199999710021 1.4684999996313763 0.8486999997869589
1.4684999996313763 0.8486999997869589 0.8301999997916027
0.8486999997869589 0.8301999997916027 1.4250999996422706
0.8301999997916027 1.4250999996422706 1.820599999542992
1.4250999996422706 1.820599999542992 1.8889999995258222
1.820599999542992 1.8889999995258222 2.21929999944291
1.8889999995258222 2.21929999944291 1.487399999626632
2.21929999944291 1.487399999626632 1.1079999997218692
1.487399999626632 1.1079999997218692 2.7127999993190315
1.1079999997218692 2.7127999993190315 0.9255999997676554
2.7127999993190315 0.9255999997676554 1.4840999996274604
0.9255999997676554 1.4840999996274604 1.2244999996926254
1.4840999996274604 1.2244999996926254 0.9936999997505609
1.2244999996926254 0.9936999997505609 1.5566999996092363
0.9936999997505609 1.5566999996092363 1.524699999617269
1.5566999996092363 1.524699999617269 1.5260999996169176
1.524699999617269 1.5260999996169176 0.9699999997565101
1.5260999996169176 0.9699999997565101 2.826099999290591
0.9699999997565101 2.826099999290591 0.883799999778148
2.826099999290591 0.883799999778148 1.1263999997172505
0.883799999778148 1.1263999997172505 0.8537999997856787
1.1263999997172505 0.8537999997856787 1.6203999995932463
0.8537999997856787 1.6203999995932463 0.7847999998029991
1.6203999995932463 0.7847999998029991 1.034699999740269
0.7847999998029991 1.034699999740269 0.868199999782064
1.034699999740269 0.868199999782064 0.8146999997954936
0.868199999782064 0.8146999997954936 1.4449999996372753
0.8146999997954936 1.4449999996372753 1.4339999996400365
1.4449999996372753 1.4339999996400365 1.0165999997448125
1.4339999996400365 1.0165999997448125 1.4333999996401872
1.0165999997448125 1.4333999996401872 2.171299999454959
1.4333999996401872 2.171299999454959 0.9177999997696134
2.171299999454959 0.9177999997696134 1.7447999995620194
0.9177999997696134 1.7447999995620194 1.3900999996510564
1.7447999995620194 1.3900999996510564 2.6302999993397407
1.3900999996510564 2.6302999993397407 1.0303999997413484
2.6302999993397407 1.0303999997413484 2.1210999994675603
1.0303999997413484 2.1210999994675603 0.8064999997975519
2.1210999994675603 0.8064999997975519 0.997499999749607
0.8064999997975519 0.997499999749607 1.3422999996630551
0.997499999749607 1.3422999996630551 2.228299999440651
1.3422999996630551 2.228299999440651 1.5626999996077302
2.228299999440651 1.5626999996077302 1.3549999996598672
1.5626999996077302 1.3549999996598672 2.4118999993945636
1.3549999996598672 2.4118999993945636 1.0931999997255843
2.4118999993945636 1.0931999997255843 0.902499999773454
1.0931999997255843 0.902499999773454 0.8379999997896448
0.902499999773454 0.8379999997896448 1.6232999995925184
0.8379999997896448 1.6232999995925184 0.8393999997892934
1.6232999995925184 0.8393999997892934 1.0515999997360268
0.8393999997892934 1.0515999997360268 0.8084999997970499
1.0515999997360268 0.8084999997970499 0.9380999997645176
0.8084999997970499 0.9380999997645176 1.4337999996400868
0.9380999997645176 1.4337999996400868 2.154799999459101
1.4337999996400868 2.154799999459101 1.5086999996212853
2.154799999459101 1.5086999996212853 1.5103999996208586
1.5086999996212853 1.5103999996208586 1.3134999996702845
1.5103999996208586 1.3134999996702845 1.0124999997458417
1.3134999996702845 1.0124999997458417 2.133299999464498
1.0124999997458417 2.133299999464498 0.921099999768785
2.133299999464498 0.921099999768785 2.1043999994717524
0.921099999768785 2.1043999994717524 1.363999999657608
2.1043999994717524 1.363999999657608 1.138599999714188
1.363999999657608 1.138599999714188 1.4879999996264814
1.138599999714188 1.4879999996264814 1.5791999996035884
1.4879999996264814 1.5791999996035884 1.5318999996154616
1.5791999996035884 1.5318999996154616 0.812299999796096
1.5318999996154616 0.812299999796096 1.470799999630799
0.812299999796096 1.470799999630799 1.3536999996601935
1.470799999630799 1.3536999996601935 2.197699999448332
1.3536999996601935 2.197699999448332 1.0927999997256848
2.197699999448332 1.0927999997256848 1.2986999996739996
1.0927999997256848 1.2986999996739996 1.4647999996323051
1.2986999996739996 1.4647999996323051 0.8706999997814364
1.4647999996323051 0.8706999997814364 0.997499999749607
0.8706999997814364 0.997499999749607 2.0580999994833746
0.997499999749607 2.0580999994833746 1.5508999996106922
2.0580999994833746 1.5508999996106922 1.4097999996461112
1.5508999996106922 1.4097999996461112 2.165699999456365
1.4097999996461112 2.165699999456365 0.9861999997524435
2.165699999456365 0.9861999997524435 1.5976999995989445
0.9861999997524435 1.5976999995989445 1.4137999996451072
1.5976999995989445 1.4137999996451072 1.5683999996062994
1.4137999996451072 1.5683999996062994 0.9594999997591458
1.5683999996062994 0.9594999997591458 1.3955999996496757
0.9594999997591458 1.3955999996496757 1.6280999995913135
1.3955999996496757 1.6280999995913135 2.188999999450516
1.6280999995913135 2.188999999450516 1.4303999996409402
2.188999999450516 1.4303999996409402 1.6073999995965096
1.4303999996409402 1.6073999995965096 0.8692999997817878
1.6073999995965096 0.8692999997817878 1.508899999621235
0.8692999997817878 1.508899999621235 1.5074999996215865
1.508899999621235 1.5074999996215865 0.8757999997801562
1.5074999996215865 0.8757999997801562 1.4891999996261802
0.8757999997801562 1.4891999996261802 1.41099999964581
1.4891999996261802 1.41099999964581 2.1582999994582224
1.41099999964581 2.1582999994582224 0.9487999997618317
2.1582999994582224 0.9487999997618317 1.52369999961752
0.9487999997618317 1.52369999961752 1.508099999621436
1.52369999961752 1.508099999621436 1.4290999996412665
1.508099999621436 1.4290999996412665 1.0828999997281699
1.4290999996412665 1.0828999997281699 1.5114999996205825
1.0828999997281699 1.5114999996205825 1.5920999996003502
1.5114999996205825 1.5920999996003502 0.9453999997626852
1.5920999996003502 0.9453999997626852 1.1819999997032937
0.9453999997626852 1.1819999997032937 1.4666999996318282
1.1819999997032937 1.4666999996318282 0.9252999997677307
1.4666999996318282 0.9252999997677307 1.6282999995912633
0.9252999997677307 1.6282999995912633 1.4332999996402123
1.6282999995912633 1.4332999996402123 1.7120999995702277
1.4332999996402123 1.7120999995702277 1.9980999994984359
1.7120999995702277 1.9980999994984359 2.2264999994411028
1.9980999994984359 2.2264999994411028 0.8056999997977528
2.2264999994411028 0.8056999997977528 0.8393999997892934
0.8056999997977528 0.8393999997892934 1.1633999997079627
0.8393999997892934 1.1633999997079627 0.9527999997608276
1.1633999997079627 0.9527999997608276 2.439099999387736
0.9527999997608276 2.439099999387736 0.8558999997851515
2.439099999387736 0.8558999997851515 1.0123999997458668
0.8558999997851515 1.0123999997458668 0.7988999997994597
1.0123999997458668 0.7988999997994597 0.8611999997838211
0.7988999997994597 0.8611999997838211 1.1221999997183048
0.8611999997838211 1.1221999997183048 0.8974999997747091
1.1221999997183048 0.8974999997747091 1.8246999995419628
0.8974999997747091 1.8246999995419628 1.7067999995715581
1.8246999995419628 1.7067999995715581 2.188899999450541
1.7067999995715581 2.188899999450541 2.2375999994383164
2.188899999450541 2.2375999994383164 1.5778999996040284
2.2375999994383164 1.5778999996040284 1.0705999997312574
1.5778999996040284 1.0705999997312574 1.2749999996799488
1.0705999997312574 1.2749999996799488 1.5553999996095627
1.2749999996799488 1.5553999996095627 1.4019999996480692
1.5553999996095627 1.4019999996480692 2.3111999994198413
1.4019999996480692 2.3111999994198413 1.3998999996485963
2.3111999994198413 1.3998999996485963 1.656899999584084
1.3998999996485963 1.656899999584084 0.8625999997834697
1.656899999584084 0.8625999997834697 1.5100999996209339
0.8625999997834697 1.5100999996209339 1.5341999996148843
1.5100999996209339 1.5341999996148843 0.8085999997970248
1.5341999996148843 0.8085999997970248 1.391499999650705
0.8085999997970248 1.391499999650705 1.4468999996367984
1.391499999650705 1.4468999996367984 1.6508999995855902
1.4468999996367984 1.6508999995855902 0.7997999997992338
1.6508999995855902 0.7997999997992338 1.2437999996877807
0.7997999997992338 1.2437999996877807 1.264999999682459
1.2437999996877807 1.264999999682459 1.0952999997250572
1.264999999682459 1.0952999997250572 1.0770999997296258
1.0952999997250572 1.0770999997296258 1.933399999514677
1.0770999997296258 1.933399999514677 2.3989999993978017
1.933399999514677 2.3989999993978017 1.1263999997172505
2.3989999993978017 1.1263999997172505 0.8734999997807336
1.1263999997172505 0.8734999997807336 0.8435999997882391
0.8734999997807336 0.8435999997882391 1.5426999996127506
0.8435999997882391 1.5426999996127506 0.925999999767555
1.5426999996127506 0.925999999767555 1.216999999694508
0.925999999767555 1.216999999694508 1.650199999585766
1.216999999694508 1.650199999585766 1.1676999997068833
1.650199999585766 1.1676999997068833 1.0038999997480005
1.1676999997068833 1.0038999997480005 1.641399999587975
1.0038999997480005 1.641399999587975 1.3920999996505543
1.641399999587975 1.3920999996505543 2.169299999455461
1.3920999996505543 2.169299999455461 0.8809999997788509
2.169299999455461 0.8809999997788509 1.5009999996232182
0.8809999997788509 1.5009999996232182 0.864299999783043
1.5009999996232182 0.864299999783043 1.5146999996197792
0.864299999783043 1.5146999996197792 1.509999999620959
1.5146999996197792 1.509999999620959 0.826999999792406
1.509999999620959 0.826999999792406 1.4156999996446302
0.826999999792406 1.4156999996446302 2.1572999994584734
1.4156999996446302 2.1572999994584734 0.9256999997676303
2.1572999994584734 0.9256999997676303 1.4928999996252514
0.9256999997676303 1.4928999996252514 0.8662999997825409
1.4928999996252514 0.8662999997825409 1.5072999996216367
0.8662999997825409 1.5072999996216367 0.9875999997520921
1.5072999996216367 0.9875999997520921 2.07249999947976
0.9875999997520921 2.07249999947976 1.5813999996030361
2.07249999947976 1.5813999996030361 1.2112999996959388
1.5813999996030361 1.2112999996959388 1.103299999723049
1.2112999996959388 1.103299999723049 1.3321999996655904
1.103299999723049 1.3321999996655904 1.460899999633284
1.3321999996655904 1.460899999633284 1.0363999997398423
1.460899999633284 1.0363999997398423 1.4771999996291925
1.0363999997398423 1.4771999996291925 1.5940999995998482
1.4771999996291925 1.5940999995998482 2.3384999994129885
1.5940999995998482 2.3384999994129885 1.3302999996660674
2.3384999994129885 1.3302999996660674 2.127399999465979
1.3302999996660674 2.127399999465979 1.564899999607178
2.127399999465979 1.564899999607178 1.5159999996194529
1.564899999607178 1.5159999996194529 1.5053999996221137
1.5159999996194529 1.5053999996221137 0.8822999997785246
1.5053999996221137 0.8822999997785246 1.5830999996026094
0.8822999997785246 1.5830999996026094 2.233899999439245
1.5830999996026094 2.233899999439245 1.1408999997136107
2.233899999439245 1.1408999997136107 1.0721999997308558
1.1408999997136107 1.0721999997308558 1.5797999996034378
1.0721999997308558 1.5797999996034378 1.4719999996304978
1.5797999996034378 1.4719999996304978 1.3976999996491486
1.4719999996304978 1.3976999996491486 1.6486999995861424
1.3976999996491486 1.6486999995861424 1.056399999734822
1.6486999995861424 1.056399999734822 1.991099999500193
1.056399999734822 1.991099999500193 2.2274999994408518
1.991099999500193 2.2274999994408518 1.486499999626858
2.2274999994408518 1.486499999626858 1.6829999995775324
1.486499999626858 1.6829999995775324 0.923999999768057
1.6829999995775324 0.923999999768057 0.9746999997553303
0.923999999768057 0.9746999997553303 0.8060999997976523
0.9746999997553303 0.8060999997976523 1.5329999996151855
0.8060999997976523 1.5329999996151855 0.8931999997757885
1.5329999996151855 0.8931999997757885 1.1736999997053772
0.8931999997757885 1.1736999997053772 0.9282999997669776
1.1736999997053772 0.9282999997669776 1.6545999995846614
0.9282999997669776 1.6545999995846614 1.381699999653165
1.6545999995846614 1.381699999653165 1.5470999996116461
1.381699999653165 1.5470999996116461 1.5506999996107425
1.5470999996116461 1.5506999996107425 0.9412999997637144
1.5506999996107425 0.9412999997637144 1.464999999632255
0.9412999997637144 1.464999999632255 1.22479999969255
1.464999999632255 1.22479999969255 0.9389999997642917
1.22479999969255 0.9389999997642917 1.6280999995913135
0.9389999997642917 1.6280999995913135 1.4249999996422957
1.6280999995913135 1.4249999996422957 1.722699999567567
1.4249999996422957 1.722699999567567 1.9874999995010967
1.722699999567567 1.9874999995010967 2.197699999448332
1.9874999995010967 2.197699999448332 0.8157999997952174
2.197699999448332 0.8157999997952174 0.8325999997910003
0.8157999997952174 0.8325999997910003 1.9574999995086273
0.8325999997910003 1.9574999995086273 1.179799999703846
1.9574999995086273 1.179799999703846 2.0956999994739363
1.179799999703846 2.0956999994739363 2.374399999403977
2.0956999994739363 2.374399999403977 2.089299999475543
2.374399999403977 2.089299999475543 2.200699999447579
2.089299999475543 2.200699999447579 1.501099999623193
2.200699999447579 1.501099999623193 1.5002999996233939
1.501099999623193 1.5002999996233939 1.0947999997251827
1.5002999996233939 1.0947999997251827 1.507999999621461
1.0947999997251827 1.507999999621461 2.0680999994808644
1.507999999621461 2.0680999994808644 1.5516999996104914
2.0680999994808644 1.5516999996104914 1.6898999995758004
1.5516999996104914 1.6898999995758004 1.9550999995092297
1.6898999995758004 1.9550999995092297 2.2622999994321162
1.9550999995092297 2.2622999994321162 1.461899999633033
2.2622999994321162 1.461899999633033 1.604099999597338
1.461899999633033 1.604099999597338 0.859299999784298
1.604099999597338 0.859299999784298 1.6076999995964343
0.859299999784298 1.6076999995964343 1.0526999997357507
1.6076999995964343 1.0526999997357507 0.8627999997834195
1.0526999997357507 0.8627999997834195 0.7969999997999366
0.8627999997834195 0.7969999997999366 1.2274999996918723
0.7969999997999366 1.2274999996918723 1.1584999997091927
1.2274999996918723 1.1584999997091927 1.1780999997042727
1.1584999997091927 1.1780999997042727 0.8141999997956191
1.1780999997042727 0.8141999997956191 1.3681999996565537
0.8141999997956191 1.3681999996565537 1.0207999997437582
1.3681999996565537 1.0207999997437582 1.500199999623419
1.0207999997437582 1.500199999623419 1.4930999996252012
1.500199999623419 1.4930999996252012 0.917199999769764
1.4930999996252012 0.917199999769764 1.3976999996491486
0.917199999769764 1.3976999996491486 1.4215999996431492
1.3976999996491486 1.4215999996431492 1.609899999595882
1.4215999996431492 1.609899999595882 1.5361999996143823
1.609899999595882 1.5361999996143823 1.5789999996036386
1.5361999996143823 1.5789999996036386 1.508099999621436
1.5789999996036386 1.508099999621436 1.4875999996265818
1.508099999621436 1.4875999996265818 2.174399999454181
1.4875999996265818 2.174399999454181 0.8753999997802566
2.174399999454181 0.8753999997802566 0.7963999998000872
0.8753999997802566 0.7963999998000872 1.2349999996899896
0.7963999998000872 1.2349999996899896 1.118999999719108
1.2349999996899896 1.118999999719108 1.2308999996910188
1.118999999719108 1.2308999996910188 0.8893999997767423
1.2308999996910188 0.8893999997767423 1.6450999995870461
0.8893999997767423 1.6450999995870461 1.94999999951051
1.6450999995870461 1.94999999951051 1.6404999995882008
1.94999999951051 1.6404999995882008 0.9454999997626601
1.6404999995882008 0.9454999997626601 2.2432999994368856
0.9454999997626601 2.2432999994368856 1.2357999996897888
2.2432999994368856 1.2357999996897888 0.9644999997578907
1.2357999996897888 0.9644999997578907 1.6057999995969112
0.9644999997578907 1.6057999995969112 1.3999999996485712
1.6057999995969112 1.3999999996485712 1.6486999995861424
1.3999999996485712 1.6486999995861424 0.9441999997629864
1.6486999995861424 0.9441999997629864 1.2197999996938051
0.9441999997629864 1.2197999996938051 1.52859999961629
1.2197999996938051 1.52859999961629 1.7933999995498198
1.52859999961629 1.7933999995498198 0.8659999997826162
1.7933999995498198 0.8659999997826162 1.0505999997362778
0.8659999997826162 1.0505999997362778 0.8069999997974264
1.0505999997362778 0.8069999997974264 0.8589999997843734
0.8069999997974264 0.8589999997843734 1.469899999631025
0.8589999997843734 1.469899999631025 1.2331999996904415
1.469899999631025 1.2331999996904415 0.9705999997563595
1.2331999996904415 0.9705999997563595 1.5947999995996724
0.9705999997563595 1.5947999995996724 1.4603999996334096
1.5947999995996724 1.4603999996334096 1.4573999996341627
1.4603999996334096 1.4573999996341627 1.6473999995864688
1.4573999996341627 1.6473999995864688 0.8067999997974766
1.6473999995864688 0.8067999997974766 1.1958999996998045
0.8067999997974766 1.1958999996998045 0.9901999997514395
1.1958999996998045 0.9901999997514395 2.0581999994833495
0.9901999997514395 2.0581999994833495 0.9892999997516654
2.0581999994833495 0.9892999997516654 1.505999999621963
0.9892999997516654 1.505999999621963 1.3428999996629045
1.505999999621963 1.3428999996629045 0.9997999997490297
1.3428999996629045 0.9997999997490297 1.5749999996046427
0.9997999997490297 1.5749999996046427 2.2052999994464244
1.5749999996046427 2.2052999994464244 1.3481999996615741
2.2052999994464244 1.3481999996615741 1.4415999996381288
1.3481999996615741 1.4415999996381288 1.0907999997261868
1.4415999996381288 1.0907999997261868 1.468799999631301
1.0907999997261868 1.468799999631301 1.4437999996375765
1.468799999631301 1.4437999996375765 1.5846999996022078
1.4437999996375765 1.5846999996022078 0.8925999997759391
1.5846999996022078 0.8925999997759391 1.5101999996209088
0.8925999997759391 1.5101999996209088 1.5950999995995971
1.5101999996209088 1.5950999995995971 2.1563999994586993
1.5950999995995971 2.1563999994586993 1.2929999996754304
2.1563999994586993 1.2929999996754304 1.0863999997272913
1.2929999996754304 1.0863999997272913 2.1451999994615107
1.0863999997272913 2.1451999994615107 0.8731999997808089
2.1451999994615107 0.8731999997808089 1.5337999996149847
0.8731999997808089 1.5337999996149847 1.5634999996075294
1.5337999996149847 1.5634999996075294 1.5779999996038896
1.5634999996075294 1.5779999996038896 1.6504999995856906
1.5779999996038896 1.6504999995856906 1.280799999678493
1.6504999995856906 1.280799999678493 2.1377999994633683
1.280799999678493 2.1377999994633683 1.6800999995782604
2.1377999994633683 1.6800999995782604 2.0747999994791826
1.6800999995782604 2.0747999994791826 1.463999999632506
2.0747999994791826 1.463999999632506 2.257599999433296
1.463999999632506 2.257599999433296 1.2162999996946837
2.257599999433296 1.2162999996946837 1.3196999996687282
1.2162999996946837 1.3196999996687282 1.390499999650956
1.3196999996687282 1.390499999650956 1.450299999635945
1.390499999650956 1.450299999635945 1.6508999995855902
1.450299999635945 1.6508999995855902 0.8003999997990832
1.6508999995855902 0.8003999997990832 1.221899999693278
0.8003999997990832 1.221899999693278 1.2422999996881572
1.221899999693278 1.2422999996881572 1.122899999718129
1.2422999996881572 1.122899999718129 0.7873999998023464
1.122899999718129 0.7873999998023464 1.046499999737307
0.7873999998023464 1.046499999737307 0.9790999997542258
1.046499999737307 0.9790999997542258 1.2811999996783925
0.9790999997542258 1.2811999996783925 1.8654999995317212
1.2811999996783925 1.8654999995317212 2.3326999994144444
1.8654999995317212 2.3326999994144444 2.3079999994206446
2.3326999994144444 2.3079999994206446 1.6093999995960075
2.3079999994206446 1.6093999995960075 0.8287999997919542
1.6093999995960075 0.8287999997919542 1.4777999996290418
0.8287999997919542 1.4777999996290418 1.2692999996813796
1.4777999996290418 1.2692999996813796 1.1113999997210158
1.2692999996813796 1.1113999997210158 1.306199999672117
1.1113999997210158 1.306199999672117 1.4387999996388317
1.306199999672117 1.4387999996388317 0.8806999997789262
1.4387999996388317 0.8806999997789262 0.831899999791176
0.8806999997789262 0.831899999791176 1.4388999996388065
0.831899999791176 1.4388999996388065 2.2441999994366597
1.4388999996388065 2.2441999994366597 1.4918999996255025
2.2441999994366597 1.4918999996255025 0.9965999997498329
1.4918999996255025 0.9965999997498329 1.508099999621436
0.9965999997498329 1.508099999621436 1.8466999995364404
1.508099999621436 1.8466999995364404 1.8706999995304159
1.8466999995364404 1.8706999995304159 2.1108999994701207
1.8706999995304159 2.1108999994701207 2.506599999370792
2.1108999994701207 2.506599999370792 1.1212999997185307
2.506599999370792 1.1212999997185307 1.4997999996235194
1.1212999997185307 1.4997999996235194 2.1688999994555616
1.4997999996235194 2.1688999994555616 0.882899999778374
2.1688999994555616 0.882899999778374 1.5124999996203314
0.882899999778374 1.5124999996203314 1.5025999996228165
1.5124999996203314 1.5025999996228165 0.8150999997953932
1.5025999996228165 0.8150999997953932 0.8961999997750354
0.8150999997953932 0.8961999997750354 1.4994999996235947
0.8961999997750354 1.4994999996235947 1.1937999997003317
1.4994999996235947 1.1937999997003317 1.019099999744185
1.1937999997003317 1.019099999744185 1.4946999996247996
1.019099999744185 1.4946999996247996 1.540299999613353
1.4946999996247996 1.540299999613353 1.5156999996195282
1.540299999613353 1.5156999996195282 1.5094999996210845
1.5156999996195282 1.5094999996210845 1.2056999996973445
1.5094999996210845 1.2056999996973445 2.240999999437463
1.2056999996973445 2.240999999437463 2.221299999442408
2.240999999437463 2.221299999442408 2.2045999994466
2.221299999442408 2.2045999994466 1.4633999996326565
2.2045999994466 1.4633999996326565 1.0629999997331652
1.4633999996326565 1.0629999997331652 1.6301999995907863
1.0629999997331652 1.6301999995907863 1.1240999997178278
1.6301999995907863 1.1240999997178278 0.8635999997832187
1.1240999997178278 0.8635999997832187 0.8333999997907995
0.8635999997832187 0.8333999997907995 1.4495999996361206
0.8333999997907995 1.4495999996361206 2.225099999441454
1.4495999996361206 2.225099999441454 1.480599999628339
2.225099999441454 1.480599999628339 1.196499999699654
1.480599999628339 1.196499999699654 2.4518999993845227
1.196499999699654 2.4518999993845227 2.2679999994306854
2.4518999993845227 2.2679999994306854 1.5015999996230676
2.2679999994306854 1.5015999996230676 1.0020999997484523
1.5015999996230676 1.0020999997484523 1.5313999996155871
1.0020999997484523 1.5313999996155871 2.0956999994739363
1.5313999996155871 2.0956999994739363 0.9322999997659736
2.0956999994739363 0.9322999997659736 1.6350999995895563
0.9322999997659736 1.6350999995895563 1.4009999996483202
1.6350999995895563 1.4009999996483202 1.5424999996128008
1.4009999996483202 1.5424999996128008 1.5323999996153361
1.5424999996128008 1.5323999996153361 0.9423999997634382
1.5323999996153361 0.9423999997634382 1.4008999996483453
0.9423999997634382 1.4008999996483453 1.4983999996238708
1.4008999996483453 1.4983999996238708 2.2416999994372873
1.4983999996238708 2.2416999994372873 1.6151999995945516
2.2416999994372873 1.6151999995945516 0.9223999997684587
