0.8959999999999144 1.0039999999998896 3.0600000000004806
1.0039999999998896 3.0600000000004806 0.9030000000003016
3.0600000000004806 0.9030000000003016 1.0130000000003383
0.9030000000003016 1.0130000000003383 0.8109999999997655
1.0130000000003383 0.8109999999997655 1.0759999999994037
0.8109999999997655 1.0759999999994037 0.8489999999995295
1.0759999999994037 0.8489999999995295 0.9389999999994796
0.8489999999995295 0.9389999999994796 1.5339999999991498
0.9389999999994796 1.5339999999991498 1.1579999999993582
1.5339999999991498 1.1579999999993582 0.8199999999995455
1.1579999999993582 0.8199999999995455 1.1769999999995626
0.8199999999995455 1.1769999999995626 1.0660000000013028
1.1769999999995626 1.0660000000013028 2.089000000002553
1.0660000000013028 2.089000000002553 1.022000000001249
2.089000000002553 1.022000000001249 1.4390000000017587
1.022000000001249 1.4390000000017587 1.517000000001854
1.4390000000017587 1.517000000001854 1.5830000000019346
1.517000000001854 1.5830000000019346 2.157000000002636
1.5830000000019346 2.157000000002636 1.6490000000020153
2.157000000002636 1.6490000000020153 2.174000000002657
1.6490000000020153 2.174000000002657 1.5090000000006825
2.174000000002657 1.5090000000006825 1.5179999999964622
1.5090000000006825 1.5179999999964622 1.602999999996264
1.5179999999964622 1.602999999996264 1.5839999999963084
1.602999999996264 1.5839999999963084 2.1879999999949007
1.5839999999963084 2.1879999999949007 1.5209999999964552
2.1879999999949007 1.5209999999964552 1.5049999999964925
1.5209999999964552 1.5049999999964925 1.678999999996087
1.5049999999964925 1.678999999996087 2.117999999995064
1.678999999996087 2.117999999995064 1.5589999999963666
2.117999999995064 1.5589999999963666 1.5009999999965018
1.5589999999963666 1.5009999999965018 1.1969999999972103
1.5009999999965018 1.1969999999972103 2.576999999993994
1.1969999999972103 2.576999999993994 1.6109999999962454
2.576999999993994 1.6109999999962454 1.339999999996877
1.6109999999962454 1.339999999996877 1.0909999999974573
1.339999999996877 1.0909999999974573 1.5079999999964855
1.0909999999974573 1.5079999999964855 2.601999999993936
1.5079999999964855 2.601999999993936 1.2169999999971637
2.601999999993936 1.2169999999971637 2.9330000000015275
1.2169999999971637 2.9330000000015275 1.257000000006002
2.9330000000015275 1.257000000006002 2.167000000010347
1.257000000006002 2.167000000010347 2.328000000011116
2.167000000010347 2.328000000011116 1.2780000000061023
2.328000000011116 1.2780000000061023 0.9230000000044072
1.2780000000061023 0.9230000000044072 2.1040000000100463
0.9230000000044072 2.1040000000100463 0.8990000000042926
2.1040000000100463 0.8990000000042926 1.5200000000072578
0.8990000000042926 1.5200000000072578 0.9200000000043929
1.5200000000072578 0.9200000000043929 2.1570000000102993
0.9200000000043929 2.1570000000102993 0.817000000003901
2.1570000000102993 0.817000000003901 1.2960000000061882
0.817000000003901 1.2960000000061882 1.4780000000070572
1.2960000000061882 1.4780000000070572 1.1650000000055627
1.4780000000070572 1.1650000000055627 1.2640000000060354
1.1650000000055627 1.2640000000060354 0.9480000000045266
1.2640000000060354 0.9480000000045266 2.2540000000107625
0.9480000000045266 2.2540000000107625 1.4290000000068233
2.2540000000107625 1.4290000000068233 2.1960000000104856
1.4290000000068233 2.1960000000104856 0.8390000000040061
2.1960000000104856 0.8390000000040061 1.435000000006852
0.8390000000040061 1.435000000006852 1.7420000000083178
1.435000000006852 1.7420000000083178 0.866000000004135
1.7420000000083178 0.866000000004135 1.0540000000050327
0.866000000004135 1.0540000000050327 0.8180000000039058
1.0540000000050327 0.8180000000039058 1.3250000000063267
0.8180000000039058 1.3250000000063267 1.5820000000075538
1.3250000000063267 1.5820000000075538 1.488000000007105
1.5820000000075538 1.488000000007105 1.7310000000082653
1.488000000007105 1.7310000000082653 0.8460000000040395
1.7310000000082653 0.8460000000040395 1.101000000005257
0.8460000000040395 1.101000000005257 0.8290000000039583
1.101000000005257 0.8290000000039583 1.5020000000071718
0.8290000000039583 1.5020000000071718 1.275000000006088
1.5020000000071718 1.275000000006088 1.1380000000054338
1.275000000006088 1.1380000000054338 1.5180000000072482
1.1380000000054338 1.5180000000072482 1.6470000000078642
1.5180000000072482 1.6470000000078642 1.1880000000056725
1.6470000000078642 1.1880000000056725 0.8560000000040873
1.1880000000056725 0.8560000000040873 0.9690000000046268
0.8560000000040873 0.9690000000046268 1.452000000006933
0.9690000000046268 1.452000000006933 1.452000000006933
1.452000000006933 1.452000000006933 1.7220000000082223
1.452000000006933 1.7220000000082223 2.0630000000098505
1.7220000000082223 2.0630000000098505 1.6820000000080313
2.0630000000098505 1.6820000000080313 2.603000000012429
1.6820000000080313 2.603000000012429 1.1040000000052714
2.603000000012429 1.1040000000052714 2.2710000000108437
1.1040000000052714 2.2710000000108437 1.892000000009034
2.2710000000108437 1.892000000009034 2.2440000000107148
1.892000000009034 2.2440000000107148 1.3980000000066752
2.2440000000107148 1.3980000000066752 0.9850000000047032
1.3980000000066752 0.9850000000047032 0.8990000000042926
0.9850000000047032 0.8990000000042926 1.6050000000076636
0.8990000000042926 1.6050000000076636 2.189000000010452
1.6050000000076636 2.189000000010452 1.5390000000073485
2.189000000010452 1.5390000000073485 1.4230000000067946
1.5390000000073485 1.4230000000067946 2.2400000000106957
1.4230000000067946 2.2400000000106957 0.8250000000039392
2.2400000000106957 0.8250000000039392 1.1050000000052762
0.8250000000039392 1.1050000000052762 1.0380000000049563
1.1050000000052762 1.0380000000049563 1.6060000000076684
1.0380000000049563 1.6060000000076684 1.5130000000072243
1.6060000000076684 1.5130000000072243 1.6290000000077782
1.5130000000072243 1.6290000000077782 1.1880000000056725
1.6290000000077782 1.1880000000056725 0.9010000000043021
1.1880000000056725 0.9010000000043021 1.5290000000073007
0.9010000000043021 1.5290000000073007 1.5300000000073055
1.5290000000073007 1.5300000000073055 0.8390000000040061
1.5300000000073055 0.8390000000040061 1.4600000000069713
0.8390000000040061 1.4600000000069713 1.5130000000072243
1.4600000000069713 1.5130000000072243 1.8090000000086377
1.5130000000072243 1.8090000000086377 0.8980000000042878
1.8090000000086377 0.8980000000042878 0.9740000000046507
0.8980000000042878 0.9740000000046507 0.8160000000038963
0.9740000000046507 0.8160000000038963 1.1260000000053765
0.8160000000038963 1.1260000000053765 0.8400000000040109
1.1260000000053765 0.8400000000040109 1.4730000000070333
0.8400000000040109 1.4730000000070333 1.0020000000047844
1.4730000000070333 1.0020000000047844 1.4090000000067278
1.0020000000047844 1.4090000000067278 1.5250000000072816
1.4090000000067278 1.5250000000072816 1.5160000000072387
1.5250000000072816 1.5160000000072387 1.6220000000077448
1.5160000000072387 1.6220000000077448 2.1350000000101943
1.6220000000077448 2.1350000000101943 2.7380000000130735
2.1350000000101943 2.7380000000130735 1.4200000000067803
2.7380000000130735 1.4200000000067803 1.7530000000083703
1.4200000000067803 1.7530000000083703 1.8930000000090388
1.7530000000083703 1.8930000000090388 1.1870000000056677
1.8930000000090388 1.1870000000056677 1.546000000007382
1.1870000000056677 1.546000000007382 1.5260000000072864
1.546000000007382 1.5260000000072864 2.2230000000106145
1.5260000000072864 2.2230000000106145 0.8150000000038915
2.2230000000106145 0.8150000000038915 1.2450000000059447
0.8150000000038915 1.2450000000059447 1.2890000000061548
1.2450000000059447 1.2890000000061548 1.1020000000052619
1.2890000000061548 1.1020000000052619 0.8240000000039345
1.1020000000052619 0.8240000000039345 1.3050000000062312
0.8240000000039345 1.3050000000062312 1.523000000007272
1.3050000000062312 1.523000000007272 1.4910000000071193
1.523000000007272 1.4910000000071193 1.2960000000061882
1.4910000000071193 1.2960000000061882 1.1960000000057107
1.2960000000061882 1.1960000000057107 1.8770000000089624
1.1960000000057107 1.8770000000089624 1.1100000000053
1.8770000000089624 1.1100000000053 0.8230000000039297
1.1100000000053 0.8230000000039297 1.0330000000049324
0.8230000000039297 1.0330000000049324 0.9380000000044788
1.0330000000049324 0.9380000000044788 0.857000000004092
0.9380000000044788 0.857000000004092 1.4770000000070524
0.857000000004092 1.4770000000070524 2.2840000000109058
1.4770000000070524 2.2840000000109058 1.4890000000071097
2.2840000000109058 1.4890000000071097 1.5760000000075252
1.4890000000071097 1.5760000000075252 1.4490000000069188
1.5760000000075252 1.4490000000069188 1.661000000007931
1.4490000000069188 1.661000000007931 1.0600000000050613
1.661000000007931 1.0600000000050613 0.9650000000046077
1.0600000000050613 0.9650000000046077 0.9220000000044024
0.9650000000046077 0.9220000000044024 2.123000000010137
0.9220000000044024 2.123000000010137 0.8910000000042544
2.123000000010137 0.8910000000042544 1.550000000007401
0.8910000000042544 1.550000000007401 1.6190000000077305
1.550000000007401 1.6190000000077305 2.141000000010223
1.6190000000077305 2.141000000010223 1.6440000000078498
2.141000000010223 1.6440000000078498 0.9510000000045409
1.6440000000078498 0.9510000000045409 1.1210000000053526
0.9510000000045409 1.1210000000053526 0.875000000004178
1.1210000000053526 0.875000000004178 1.5210000000072625
0.875000000004178 1.5210000000072625 1.4040000000067039
1.5210000000072625 1.4040000000067039 1.7270000000082462
1.4040000000067039 1.7270000000082462 2.1930000000104712
1.7270000000082462 2.1930000000104712 1.403000000006699
2.1930000000104712 1.403000000006699 2.2010000000105094
1.403000000006699 2.2010000000105094 0.9080000000043356
2.2010000000105094 0.9080000000043356 0.853000000004073
0.9080000000043356 0.853000000004073 1.4729999999955794
0.853000000004073 1.4729999999955794 1.480999999964979
1.4729999999955794 1.480999999964979 1.4899999999647662
1.480999999964979 1.4899999999647662 1.7089999999595875
1.4899999999647662 1.7089999999595875 0.9699999999770625
1.7089999999595875 0.9699999999770625 0.9729999999769916
0.9699999999770625 0.9729999999769916 0.8349999999802549
0.9729999999769916 0.8349999999802549 1.5199999999640568
0.8349999999802549 1.5199999999640568 1.2899999999694955
1.5199999999640568 1.2899999999694955 1.0809999999744377
1.2899999999694955 1.0809999999744377 1.9689999999534393
1.0809999999744377 1.9689999999534393 1.7029999999597294
1.9689999999534393 1.7029999999597294 2.347999999944477
1.7029999999597294 2.347999999944477 1.0489999999751944
2.347999999944477 1.0489999999751944 0.9559999999773936
1.0489999999751944 0.9559999999773936 0.8429999999800657
0.9559999999773936 0.8429999999800657 1.452999999965641
0.8429999999800657 1.452999999965641 1.5249999999639385
1.452999999965641 1.5249999999639385 2.211999999947693
1.5249999999639385 2.211999999947693 1.4909999999647425
2.211999999947693 1.4909999999647425 0.8629999999795928
1.4909999999647425 0.8629999999795928 0.9049999999785996
0.8629999999795928 0.9049999999785996 1.432999999966114
0.9049999999785996 1.432999999966114 2.2099999999477404
1.432999999966114 2.2099999999477404 0.8159999999807042
2.2099999999477404 0.8159999999807042 1.2809999999697084
0.8159999999807042 1.2809999999697084 1.4559999999655702
1.2809999999697084 1.4559999999655702 0.9849999999767078
1.4559999999655702 0.9849999999767078 1.6389999999612428
0.9849999999767078 1.6389999999612428 1.5099999999642932
1.6389999999612428 1.5099999999642932 1.6219999999616448
1.5099999999642932 1.6219999999616448 2.4729999999415213
1.6219999999616448 2.4729999999415213 1.2189999999711745
2.4729999999415213 1.2189999999711745 1.5589999999631345
1.2189999999711745 1.5589999999631345 1.5139999999641987
1.5589999999631345 1.5139999999641987 1.4649999999653573
1.5139999999641987 1.4649999999653573 2.219999999947504
1.4649999999653573 2.219999999947504 1.5099999999642932
2.219999999947504 1.5099999999642932 1.4619999999654283
1.5099999999642932 1.4619999999654283 0.9019999999786705
1.4619999999654283 0.9019999999786705 0.8529999999798292
0.9019999999786705 0.8529999999798292 1.500999999964506
0.8529999999798292 1.500999999964506 1.3089999999690463
1.500999999964506 1.3089999999690463 1.1369999999731135
1.3089999999690463 1.1369999999731135 1.916999999954669
1.1369999999731135 1.916999999954669 2.2359999999471256
1.916999999954669 2.2359999999471256 1.5199999999640568
2.2359999999471256 1.5199999999640568 1.5209999999640331
1.5199999999640568 1.5209999999640331 2.211999999947693
1.5209999999640331 2.211999999947693 0.8369999999802076
2.211999999947693 0.8369999999802076 1.5069999999643642
0.8369999999802076 1.5069999999643642 1.1119999999737047
1.5069999999643642 1.1119999999737047 2.431999999942491
1.1119999999737047 2.431999999942491 2.196999999948048
2.431999999942491 2.196999999948048 0.9649999999771808
2.196999999948048 0.9649999999771808 2.398999999943271
0.9649999999771808 2.398999999943271 1.0609999999749107
2.398999999943271 1.0609999999749107 0.9019999999786705
1.0609999999749107 0.9019999999786705 0.843999999980042
0.9019999999786705 0.843999999980042 1.3059999999691172
0.843999999980042 1.3059999999691172 1.6019999999621177
1.3059999999691172 1.6019999999621177 1.4879999999648135
1.6019999999621177 1.4879999999648135 1.6599999999607462
1.4879999999648135 1.6599999999607462 1.064999999974816
1.6599999999607462 1.064999999974816 0.9629999999772281
1.064999999974816 0.9629999999772281 0.9299999999780084
0.9629999999772281 0.9299999999780084 2.128999999949656
0.9299999999780084 2.128999999949656 1.5259999999639149
2.128999999949656 1.5259999999639149 0.8289999999803968
1.5259999999639149 0.8289999999803968 1.191999999971813
0.8289999999803968 1.191999999971813 1.1589999999725933
1.191999999971813 1.1589999999725933 1.4509999999656884
1.1589999999725933 1.4509999999656884 1.5169999999641277
1.4509999999656884 1.5169999999641277 1.6039999999620704
1.5169999999641277 1.6039999999620704 2.5949999999386364
1.6039999999620704 2.5949999999386364 1.2709999999699448
2.5949999999386364 1.2709999999699448 2.5209999999403863
1.2709999999699448 2.5209999999403863 2.2499999999467946
2.5209999999403863 2.2499999999467946 0.8679999999794745
2.2499999999467946 0.8679999999794745 0.8819999999791435
0.8679999999794745 0.8819999999791435 1.1059999999738466
0.8819999999791435 1.1059999999738466 0.857999999979711
1.1059999999738466 0.857999999979711 1.5929999999623305
0.857999999979711 1.5929999999623305 1.0639999999748397
1.5929999999623305 1.0639999999748397 0.9519999999774882
1.0639999999748397 0.9519999999774882 0.9069999999785523
0.9519999999774882 0.9069999999785523 1.7289999999591146
0.9069999999785523 1.7289999999591146 2.0339999999519023
1.7289999999591146 2.0339999999519023 2.6229999999379743
2.0339999999519023 2.6229999999379743 1.1359999999731372
2.6229999999379743 1.1359999999731372 1.5229999999639858
1.1359999999731372 1.5229999999639858 1.3219999999687388
1.5229999999639858 1.3219999999687388 1.5329999999637494
1.3219999999687388 1.5329999999637494 0.8419999999800893
1.5329999999637494 0.8419999999800893 0.9689999999770862
0.8419999999800893 0.9689999999770862 1.1079999999737993
0.9689999999770862 1.1079999999737993 1.5359999999636784
1.1079999999737993 1.5359999999636784 0.8199999999806096
1.5359999999636784 0.8199999999806096 1.2719999999699212
0.8199999999806096 1.2719999999699212 1.3899999999671309
1.2719999999699212 1.3899999999671309 1.239999999970678
1.3899999999671309 1.239999999970678 1.3359999999684078
1.239999999970678 1.3359999999684078 1.500999999964506
1.3359999999684078 1.500999999964506 0.8679999999794745
1.500999999964506 0.8679999999794745 1.228999999970938
0.8679999999794745 1.228999999970938 2.43499999994242
1.228999999970938 2.43499999994242 2.5159999999405045
2.43499999994242 2.5159999999405045 1.7539999999585234
2.5159999999405045 1.7539999999585234 1.5229999999639858
1.7539999999585234 1.5229999999639858 0.8459999999799948
1.5229999999639858 0.8459999999799948 1.4549999999655938
0.8459999999799948 1.4549999999655938 2.245999999946889
1.4549999999655938 2.245999999946889 0.8289999999803968
2.245999999946889 0.8289999999803968 1.055999999975029
0.8289999999803968 1.055999999975029 1.027999999975691
1.055999999975029 1.027999999975691 1.5209999999640331
1.027999999975691 1.5209999999640331 0.8349999999802549
1.5209999999640331 0.8349999999802549 1.4509999999656884
0.8349999999802549 1.4509999999656884 1.4849999999648844
1.4509999999656884 1.4849999999648844 1.6829999999602023
1.4849999999648844 1.6829999999602023 1.698999999959824
1.6829999999602023 1.698999999959824 1.9189999999546217
1.698999999959824 1.9189999999546217 2.211999999947693
1.9189999999546217 2.211999999947693 0.9459999999776301
2.211999999947693 0.9459999999776301 1.6489999999610063
0.9459999999776301 1.6489999999610063 1.9869999999530137
1.6489999999610063 1.9869999999530137 1.6859999999601314
1.9869999999530137 1.6859999999601314 0.8459999999799948
1.6859999999601314 0.8459999999799948 1.3259999999686443
0.8459999999799948 1.3259999999686443 1.7619999999583342
1.3259999999686443 1.7619999999583342 1.140999999973019
1.7619999999583342 1.140999999973019 0.8629999999795928
1.140999999973019 0.8629999999795928 0.8949999999788361
0.8629999999795928 0.8949999999788361 1.4149999999665397
0.8949999999788361 1.4149999999665397 1.6979999999598476
1.4149999999665397 1.6979999999598476 1.0909999999742013
1.6979999999598476 1.0909999999742013 0.8389999999801603
1.0909999999742013 0.8389999999801603 1.0549999999750526
0.8389999999801603 1.0549999999750526 1.2809999999697084
1.0549999999750526 1.2809999999697084 1.497999999964577
1.2809999999697084 1.497999999964577 1.4679999999652864
1.497999999964577 1.4679999999652864 1.5849999999625197
1.4679999999652864 1.5849999999625197 1.5399999999635838
1.5849999999625197 1.5399999999635838 1.276999999969803
1.5399999999635838 1.276999999969803 1.4049999999667762
1.276999999969803 1.4049999999667762 1.1819999999720494
1.4049999999667762 1.1819999999720494 1.6599999999607462
1.1819999999720494 1.6599999999607462 1.1179999999735628
1.6599999999607462 1.1179999999735628 0.8329999999803022
1.1179999999735628 0.8329999999803022 1.576999999962709
0.8329999999803022 1.576999999962709 0.9499999999775355
1.576999999962709 0.9499999999775355 1.1139999999736574
0.9499999999775355 1.1139999999736574 0.8669999999794982
1.1139999999736574 0.8669999999794982 1.5299999999638203
0.8669999999794982 1.5299999999638203 1.4649999999653573
1.5299999999638203 1.4649999999653573 1.3469999999681477
1.4649999999653573 1.3469999999681477 2.50899999994067
1.3469999999681477 2.50899999994067 1.3359999999684078
2.50899999994067 1.3359999999684078 2.2019999999479296
1.3359999999684078 2.2019999999479296 1.6379999999612664
2.2019999999479296 1.6379999999612664 1.1679999999723805
1.6379999999612664 1.1679999999723805 0.9029999999786469
1.1679999999723805 0.9029999999786469 1.5269999999638912
0.9029999999786469 1.5269999999638912 0.8499999999799002
1.5269999999638912 0.8499999999799002 1.4509999999656884
0.8499999999799002 1.4509999999656884 1.6069999999619995
1.4509999999656884 1.6069999999619995 1.5589999999631345
1.6069999999619995 1.5589999999631345 2.097999999950389
1.5589999999631345 2.097999999950389 0.8719999999793799
2.097999999950389 0.8719999999793799 0.8799999999791908
0.8719999999793799 0.8799999999791908 1.4319999999661377
0.8799999999791908 1.4319999999661377 1.5269999999638912
1.4319999999661377 1.5269999999638912 1.517999999964104
1.5269999999638912 1.517999999964104 1.514999999964175
1.517999999964104 1.514999999964175 2.2469999999468655
1.514999999964175 2.2469999999468655 1.5419999999635365
2.2469999999468655 1.5419999999635365 1.8569999999560878
1.5419999999635365 1.8569999999560878 0.9249999999781267
1.8569999999560878 0.9249999999781267 1.0169999999759511
0.9249999999781267 1.0169999999759511 0.8129999999807751
1.0169999999759511 0.8129999999807751 1.197999999971671
0.8129999999807751 1.197999999971671 0.9209999999782781
1.197999999971671 0.9209999999782781 1.602999999962094
0.9209999999782781 1.602999999962094 2.3399999999446663
1.602999999962094 2.3399999999446663 0.9309999999779848
2.3399999999446663 0.9309999999779848 1.0699999999746979
0.9309999999779848 1.0699999999746979 0.8249999999804913
1.0699999999746979 0.8249999999804913 1.6459999999610773
0.8249999999804913 1.6459999999610773 1.0379999999754546
1.6459999999610773 1.0379999999754546 0.9419999999777247
1.0379999999754546 0.9419999999777247 0.8359999999802312
0.9419999999777247 0.8359999999802312 1.5529999999632764
0.8359999999802312 1.5529999999632764 1.3709999999675802
1.5529999999632764 1.3709999999675802 2.210999999947717
1.3709999999675802 2.210999999947717 1.5389999999636075
2.210999999947717 1.5389999999636075 2.1879999999482607
1.5389999999636075 2.1879999999482607 1.5559999999632055
2.1879999999482607 1.5559999999632055 1.7729999999580741
1.5559999999632055 1.7729999999580741 1.3629999999677693
1.7729999999580741 1.3629999999677693 2.6349999999376905
1.3629999999677693 2.6349999999376905 1.5549999999632291
2.6349999999376905 1.5549999999632291 2.3659999999440515
1.5549999999632291 2.3659999999440515 2.3569999999442643
2.3659999999440515 2.3569999999442643 2.2329999999471966
2.3569999999442643 2.2329999999471966 2.26499999994644
2.2329999999471966 2.26499999994644 1.568999999962898
2.26499999994644 1.568999999962898 1.412999999966587
1.568999999962898 1.412999999966587 2.321999999945092
1.412999999966587 2.321999999945092 1.4729999999651682
2.321999999945092 1.4729999999651682 2.154999999949041
1.4729999999651682 2.154999999949041 1.6009999999621414
2.154999999949041 1.6009999999621414 1.5339999999637257
1.6009999999621414 1.5339999999637257 1.7079999999596112
1.5339999999637257 1.7079999999596112 2.4909999999410957
1.7079999999596112 2.4909999999410957 2.2359999999471256
2.4909999999410957 2.2359999999471256 1.5159999999641514
2.2359999999471256 1.5159999999641514 1.6269999999615266
1.5159999999641514 1.6269999999615266 2.1529999999490883
1.6269999999615266 2.1529999999490883 0.8559999999797583
2.1529999999490883 0.8559999999797583 0.9099999999784814
0.8559999999797583 0.9099999999784814 1.106999999973823
0.9099999999784814 1.106999999973823 0.8959999999788124
1.106999999973823 0.8959999999788124 1.5929999999623305
0.8959999999788124 1.5929999999623305 2.398999999943271
1.5929999999623305 2.398999999943271 1.3269999999686206
2.398999999943271 1.3269999999686206 2.2189999999475276
1.3269999999686206 2.2189999999475276 2.0939999999504835
2.2189999999475276 2.0939999999504835 1.848999999956277
2.0939999999504835 1.848999999956277 1.3149999999689044
1.848999999956277 1.3149999999689044 1.361999999967793
1.3149999999689044 1.361999999967793 1.5169999999641277
1.361999999967793 1.5169999999641277 1.47799999996505
1.5169999999641277 1.47799999996505 0.8819999999791435
1.47799999996505 0.8819999999791435 0.9139999999783868
0.8819999999791435 0.9139999999783868 1.5279999999638676
0.9139999999783868 1.5279999999638676 1.630999999961432
1.5279999999638676 1.630999999961432 2.0999999999503416
1.630999999961432 2.0999999999503416 1.5989999999621887
2.0999999999503416 1.5989999999621887 1.2839999999696374
1.5989999999621887 1.2839999999696374 1.4849999999648844
1.2839999999696374 1.4849999999648844 0.9679999999771098
1.4849999999648844 0.9679999999771098 1.9019999999550237
0.9679999999771098 1.9019999999550237 1.1199999999735155
1.9019999999550237 1.1199999999735155 1.5749999999627562
1.1199999999735155 1.5749999999627562 1.5949999999622833
1.5749999999627562 1.5949999999622833 1.5369999999636548
1.5949999999622833 1.5369999999636548 1.4229999999663505
1.5369999999636548 1.4229999999663505 2.3039999999455176
1.4229999999663505 2.3039999999455176 0.8359999999802312
2.3039999999455176 0.8359999999802312 0.959999999977299
0.8359999999802312 0.959999999977299 0.9649999999771808
0.959999999977299 0.9649999999771808 0.8289999999803968
0.9649999999771808 0.8289999999803968 1.3779999999674146
0.8289999999803968 1.3779999999674146 1.5589999999631345
1.3779999999674146 1.5589999999631345 1.5549999999632291
1.5589999999631345 1.5549999999632291 1.3809999999673437
1.5549999999632291 1.3809999999673437 1.5309999999637967
1.3809999999673437 1.5309999999637967 1.0909999999742013
1.5309999999637967 1.0909999999742013 1.5869999999624724
1.0909999999742013 1.5869999999624724 2.1899999999482134
1.5869999999624724 2.1899999999482134 1.5639999999630163
2.1899999999482134 1.5639999999630163 1.3189999999688098
1.5639999999630163 1.3189999999688098 1.5609999999630872
1.3189999999688098 1.5609999999630872 0.8799999999791908
1.5609999999630872 0.8799999999791908 0.8689999999794509
0.8799999999791908 0.8689999999794509 1.0519999999751235
0.8689999999794509 1.0519999999751235 0.8179999999806569
1.0519999999751235 0.8179999999806569 1.3319999999685024
0.8179999999806569 1.3319999999685024 1.6399999999612191
1.3319999999685024 1.6399999999612191 1.3969999999669653
1.6399999999612191 1.3969999999669653 2.205999999947835
1.3969999999669653 2.205999999947835 0.9099999999784814
2.205999999947835 0.9099999999784814 1.5469999999634183
0.9099999999784814 1.5469999999634183 0.8249999999804913
1.5469999999634183 0.8249999999804913 1.3639999999677457
0.8249999999804913 1.3639999999677457 1.6179999999617394
1.3639999999677457 1.6179999999617394 1.344999999968195
1.6179999999617394 1.344999999968195 1.432999999966114
1.344999999968195 1.432999999966114 1.1559999999726642
1.432999999966114 1.1559999999726642 1.5049999999644115
1.1559999999726642 1.5049999999644115 1.5399999999635838
1.5049999999644115 1.5399999999635838 2.213999999947646
1.5399999999635838 2.213999999947646 1.6499999999609827
2.213999999947646 1.6499999999609827 1.4389999999659722
1.6499999999609827 1.4389999999659722 2.2179999999475513
1.4389999999659722 2.2179999999475513 0.8179999999806569
2.2179999999475513 0.8179999999806569 1.2869999999695665
0.8179999999806569 1.2869999999695665 1.449999999965712
1.2869999999695665 1.449999999965712 1.1999999999716238
1.449999999965712 1.1999999999716238 1.2549999999703232
1.1999999999716238 1.2549999999703232 0.8839999999790962
1.2549999999703232 0.8839999999790962 1.5339999999637257
0.8839999999790962 1.5339999999637257 1.5219999999640095
1.5339999999637257 1.5219999999640095 1.0009999999763295
1.5219999999640095 1.0009999999763295 2.4619999999417814
1.0009999999763295 2.4619999999417814 1.044999999975289
2.4619999999417814 1.044999999975289 0.857999999979711
1.044999999975289 0.857999999979711 1.6659999999606043
0.857999999979711 1.6659999999606043 1.0369999999754782
1.6659999999606043 1.0369999999754782 0.8729999999793563
1.0369999999754782 0.8729999999793563 0.8679999999794745
0.8729999999793563 0.8679999999794745 1.2619999999701577
0.8679999999794745 1.2619999999701577 1.534999999963702
1.2619999999701577 1.534999999963702 1.5229999999639858
1.534999999963702 1.5229999999639858 1.4849999999648844
1.5229999999639858 1.4849999999648844 1.282999999969661
1.4849999999648844 1.282999999969661 1.1479999999728534
1.282999999969661 1.1479999999728534 0.8129999999807751
1.1479999999728534 0.8129999999807751 1.163999999972475
0.8129999999807751 1.163999999972475 0.8729999999793563
1.163999999972475 0.8729999999793563 1.3129999999689517
0.8729999999793563 1.3129999999689517 2.403999999943153
1.3129999999689517 2.403999999943153 2.4479999999421125
2.403999999943153 2.4479999999421125 2.313999999945281
2.4479999999421125 2.313999999945281 1.5049999999644115
2.313999999945281 1.5049999999644115 1.6219999999616448
1.5049999999644115 1.6219999999616448 1.5249999999639385
1.6219999999616448 1.5249999999639385 0.8899999999789543
1.5249999999639385 0.8899999999789543 1.6099999999619286
0.8899999999789543 1.6099999999619286 1.106999999973823
1.6099999999619286 1.106999999973823 0.8329999999803022
1.106999999973823 0.8329999999803022 1.2809999999697084
0.8329999999803022 1.2809999999697084 1.129999999973279
1.2809999999697084 1.129999999973279 1.5189999999640804
1.129999999973279 1.5189999999640804 1.6049999999620468
1.5189999999640804 1.6049999999620468 2.151999999949112
1.6049999999620468 2.151999999949112 1.5329999999637494
2.151999999949112 1.5329999999637494 2.1679999999487336
1.5329999999637494 2.1679999999487336 1.511999999964246
2.1679999999487336 1.511999999964246 0.8899999999789543
1.511999999964246 0.8899999999789543 1.5529999999632764
0.8899999999789543 1.5529999999632764 1.7059999999596585
1.5529999999632764 1.7059999999596585 1.9579999999536994
1.7059999999596585 1.9579999999536994 2.2239999999474094
1.9579999999536994 2.2239999999474094 1.5209999999640331
2.2239999999474094 1.5209999999640331 1.4769999999650736
1.5209999999640331 1.4769999999650736 0.9949999999764714
1.4769999999650736 0.9949999999764714 1.8989999999550946
0.9949999999764714 1.8989999999550946 1.231999999970867
1.8989999999550946 1.231999999970867 1.5469999999634183
1.231999999970867 1.5469999999634183 1.4249999999663032
1.5469999999634183 1.4249999999663032 1.6589999999607699
1.4249999999663032 1.6589999999607699 1.2469999999705124
1.6589999999607699 1.2469999999705124 1.0039999999762586
1.2469999999705124 1.0039999999762586 1.7769999999579795
1.0039999999762586 1.7769999999579795 1.3559999999679349
1.7769999999579795 1.3559999999679349 1.6469999999610536
1.3559999999679349 1.6469999999610536 1.1909999999718366
1.6469999999610536 1.1909999999718366 0.843999999980042
1.1909999999718366 0.843999999980042 1.4909999999647425
0.843999999980042 1.4909999999647425 0.9709999999770389
1.4909999999647425 0.9709999999770389 1.256999999970276
0.9709999999770389 1.256999999970276 1.5089999999643169
1.256999999970276 1.5089999999643169 1.0659999999747924
1.5089999999643169 1.0659999999747924 1.9859999999530373
1.0659999999747924 1.9859999999530373 2.210999999947717
1.9859999999530373 2.210999999947717 0.8349999999802549
2.210999999947717 0.8349999999802549 1.7069999999596348
0.8349999999802549 1.7069999999596348 0.9069999999785523
1.7069999999596348 0.9069999999785523 1.0319999999755964
0.9069999999785523 1.0319999999755964 0.809999999980846
1.0319999999755964 0.809999999980846 1.146999999972877
0.809999999980846 1.146999999972877 0.877999999979238
1.146999999972877 0.877999999979238 0.9799999999768261
0.877999999979238 0.9799999999768261 2.2949999999457305
0.9799999999768261 2.2949999999457305 1.239999999970678
2.2949999999457305 1.239999999970678 0.9069999999785523
1.239999999970678 0.9069999999785523 2.23199999994722
0.9069999999785523 2.23199999994722 0.8309999999803495
2.23199999994722 0.8309999999803495 0.9809999999768024
0.8309999999803495 0.9809999999768024 0.9449999999776537
0.9809999999768024 0.9449999999776537 0.8329999999803022
0.9449999999776537 0.8329999999803022 1.3979999999669417
0.8329999999803022 1.3979999999669417 1.5099999999642932
1.3979999999669417 1.5099999999642932 1.5359999999636784
1.5099999999642932 1.5359999999636784 2.3599999999441934
1.5359999999636784 2.3599999999441934 1.2699999999699685
2.3599999999441934 1.2699999999699685 0.939999999977772
1.2699999999699685 0.939999999977772 1.9719999999533684
0.939999999977772 1.9719999999533684 0.9889999999766133
1.9719999999533684 0.9889999999766133 0.8499999999799002
0.9889999999766133 0.8499999999799002 1.460999999965452
0.8499999999799002 1.460999999965452 2.196999999948048
1.460999999965452 2.196999999948048 0.8529999999798292
2.196999999948048 0.8529999999798292 1.4029999999668235
0.8529999999798292 1.4029999999668235 2.2919999999458014
1.4029999999668235 2.2919999999458014 1.9599999999536521
2.2919999999458014 1.9599999999536521 1.157999999972617
1.9599999999536521 1.157999999972617 2.196999999948048
1.157999999972617 2.196999999948048 2.517999999940457
2.196999999948048 2.517999999940457 2.383999999943626
2.517999999940457 2.383999999943626 1.395999999966989
2.383999999943626 1.395999999966989 2.2559999999466527
1.395999999966989 2.2559999999466527 1.5809999999626143
2.2559999999466527 1.5809999999626143 1.7689999999581687
1.5809999999626143 1.7689999999581687 1.0289999999756674
1.7689999999581687 1.0289999999756674 0.9059999999785759
1.0289999999756674 0.9059999999785759 0.8399999999801366
0.9059999999785759 0.8399999999801366 1.1739999999722386
0.8399999999801366 1.1739999999722386 0.8949999999788361
1.1739999999722386 0.8949999999788361 1.559999999963111
0.8949999999788361 1.559999999963111 2.0539999999514293
1.559999999963111 2.0539999999514293 0.9169999999783158
2.0539999999514293 0.9169999999783158 0.8459999999799948
0.9169999999783158 0.8459999999799948 1.6189999999617157
0.8459999999799948 1.6189999999617157 1.140999999973019
1.6189999999617157 1.140999999973019 0.8429999999800657
1.140999999973019 0.8429999999800657 0.9979999999764004
0.8429999999800657 0.9979999999764004 1.4599999999654756
0.9979999999764004 1.4599999999654756 1.1719999999722859
1.4599999999654756 1.1719999999722859 0.8189999999806332
1.1719999999722859 0.8189999999806332 1.239999999970678
0.8189999999806332 1.239999999970678 1.1659999999724278
1.239999999970678 1.1659999999724278 1.2619999999701577
1.1659999999724278 1.2619999999701577 1.0669999999747688
1.2619999999701577 1.0669999999747688 2.0319999999519496
1.0669999999747688 2.0319999999519496 2.1759999999485444
2.0319999999519496 2.1759999999485444 1.7689999999581687
2.1759999999485444 1.7689999999581687 1.4509999999656884
1.7689999999581687 1.4509999999656884 2.6059999999383763
1.4509999999656884 2.6059999999383763 1.5339999999637257
2.6059999999383763 1.5339999999637257 2.1879999999482607
1.5339999999637257 2.1879999999482607 2.191999999948166
2.1879999999482607 2.191999999948166 0.8489999999799238
2.191999999948166 0.8489999999799238 1.4349999999660668
0.8489999999799238 1.4349999999660668 2.262999999946487
1.4349999999660668 2.262999999946487 1.619999999961692
2.262999999946487 1.619999999961692 1.432999999966114
1.619999999961692 1.432999999966114 1.6639999999606516
1.432999999966114 1.6639999999606516 2.013999999952375
1.6639999999606516 2.013999999952375 0.9659999999771571
2.013999999952375 0.9659999999771571 0.8299999999803731
0.9659999999771571 0.8299999999803731 1.2839999999696374
0.8299999999803731 1.2839999999696374 1.4999999999645297
1.2839999999696374 1.4999999999645297 1.0699999999746979
1.4999999999645297 1.0699999999746979 1.9789999999532029
1.0699999999746979 1.9789999999532029 1.7249999999592092
1.9789999999532029 1.7249999999592092 2.0829999999507436
1.7249999999592092 2.0829999999507436 1.5499999999633474
2.0829999999507436 1.5499999999633474 2.210999999947717
1.5499999999633474 2.210999999947717 1.6119999999618813
2.210999999947717 1.6119999999618813 2.499999999940883
1.6119999999618813 2.499999999940883 1.7719999999580978
2.499999999940883 1.7719999999580978 0.9169999999783158
1.7719999999580978 0.9169999999783158 2.1509999999491356
0.9169999999783158 2.1509999999491356 0.8199999999806096
2.1509999999491356 0.8199999999806096 1.3689999999676274
0.8199999999806096 1.3689999999676274 1.5739999999627798
1.3689999999676274 1.5739999999627798 1.6019999999621177
1.5739999999627798 1.6019999999621177 0.9639999999772044
1.6019999999621177 0.9639999999772044 1.1589999999725933
0.9639999999772044 1.1589999999725933 0.8789999999792144
1.1589999999725933 0.8789999999792144 1.5219999999640095
0.8789999999792144 1.5219999999640095 1.0839999999743668
1.5219999999640095 1.0839999999743668 2.7589999999347583
1.0839999999743668 2.7589999999347583 1.3519999999680294
2.7589999999347583 1.3519999999680294 2.31699999994521
1.3519999999680294 2.31699999994521 1.4479999999657593
2.31699999994521 1.4479999999657593 1.542999999963513
1.4479999999657593 1.542999999963513 1.4999999999645297
1.542999999963513 1.4999999999645297 1.0849999999743432
1.4999999999645297 1.0849999999743432 2.077999999950862
1.0849999999743432 2.077999999950862 0.9449999999776537
2.077999999950862 0.9449999999776537 2.2049999999478587
0.9449999999776537 2.2049999999478587 1.5079999999643405
2.2049999999478587 1.5079999999643405 1.6349999999613374
1.5079999999643405 1.6349999999613374 1.1759999999721913
1.6349999999613374 1.1759999999721913 0.8939999999788597
1.1759999999721913 0.8939999999788597 1.5239999999639622
0.8939999999788597 1.5239999999639622 0.8729999999793563
1.5239999999639622 0.8729999999793563 1.6469999999610536
0.8729999999793563 1.6469999999610536 1.0779999999745087
1.6469999999610536 1.0779999999745087 0.8359999999802312
1.0779999999745087 0.8359999999802312 1.0369999999754782
0.8359999999802312 1.0369999999754782 1.248999999970465
1.0369999999754782 1.248999999970465 1.4849999999648844
1.248999999970465 1.4849999999648844 1.7029999999597294
1.4849999999648844 1.7029999999597294 2.5419999999398897
1.7029999999597294 2.5419999999398897 1.6469999999610536
2.5419999999398897 1.6469999999610536 0.9879999999766369
1.6469999999610536 0.9879999999766369 2.4989999999409065
0.9879999999766369 2.4989999999409065 1.208999999971411
2.4989999999409065 1.208999999971411 1.5409999999635602
1.208999999971411 1.5409999999635602 1.4739999999651445
1.5409999999635602 1.4739999999651445 1.5039999999644351
1.4739999999651445 1.5039999999644351 1.5589999999631345
1.5039999999644351 1.5589999999631345 2.185999999948308
1.5589999999631345 2.185999999948308 1.582999999962567
2.185999999948308 1.582999999962567 1.5339999999637257
1.582999999962567 1.5339999999637257 1.2349999999707961
1.5339999999637257 1.2349999999707961 1.0099999999761167
1.2349999999707961 1.0099999999761167 1.6329999999613847
1.0099999999761167 1.6329999999613847 1.763999999958287
1.6329999999613847 1.763999999958287 1.109999999973752
1.763999999958287 1.109999999973752 0.8189999999806332
1.109999999973752 0.8189999999806332 1.0429999999753363
0.8189999999806332 1.0429999999753363 0.9069999999785523
1.0429999999753363 0.9069999999785523 0.8529999999798292
0.9069999999785523 0.8529999999798292 1.4489999999657357
0.8529999999798292 1.4489999999657357 1.5129999999642223
1.4489999999657357 1.5129999999642223 1.5949999999622833
1.5129999999642223 1.5949999999622833 1.4789999999650263
1.5949999999622833 1.4789999999650263 1.21199999997134
1.4789999999650263 1.21199999997134 1.2249999999710326
1.21199999997134 1.2249999999710326 1.6099999999619286
1.2249999999710326 1.6099999999619286 2.304999999945494
1.6099999999619286 2.304999999945494 1.2329999999708434
2.304999999945494 1.2329999999708434 0.8509999999798765
1.2329999999708434 0.8509999999798765 1.4649999999653573
0.8509999999798765 1.4649999999653573 2.233999999947173
1.4649999999653573 2.233999999947173 1.5259999999639149
2.233999999947173 1.5259999999639149 2.197999999948024
1.5259999999639149 2.197999999948024 0.9449999999776537
2.197999999948024 0.9449999999776537 2.1199999999498687
0.9449999999776537 2.1199999999498687 1.4909999999647425
2.1199999999498687 1.4909999999647425 1.2989999999692827
1.4909999999647425 1.2989999999692827 1.239999999970678
1.2989999999692827 1.239999999970678 1.542999999963513
1.239999999970678 1.542999999963513 1.5269999999638912
1.542999999963513 1.5269999999638912 2.2019999999479296
1.5269999999638912 2.2019999999479296 0.8259999999804677
2.2019999999479296 0.8259999999804677 1.6429999999611482
0.8259999999804677 1.6429999999611482 1.007999999976164
1.6429999999611482 1.007999999976164 0.9759999999769207
1.007999999976164 0.9759999999769207 0.8309999999803495
0.9759999999769207 0.8309999999803495 1.8749999999556621
0.8309999999803495 1.8749999999556621 0.9879999999766369
1.8749999999556621 0.9879999999766369 0.8849999999790725
0.9879999999766369 0.8849999999790725 0.8559999999797583
0.8849999999790725 0.8559999999797583 1.0129999999760457
0.8559999999797583 1.0129999999760457 0.809999999980846
1.0129999999760457 0.809999999980846 1.1189999999735392
0.809999999980846 1.1189999999735392 0.8529999999798292
1.1189999999735392 0.8529999999798292 0.9979999999764004
0.8529999999798292 0.9979999999764004 1.4489999999657357
0.9979999999764004 1.4489999999657357 1.248999999970465
1.4489999999657357 1.248999999970465 1.4989999999645534
1.248999999970465 1.4989999999645534 0.8529999999798292
1.4989999999645534 0.8529999999798292 0.993999999976495
0.8529999999798292 0.993999999976495 1.435999999966043
0.993999999976495 1.435999999966043 1.565999999962969
1.435999999966043 1.565999999962969 1.3709999999675802
1.565999999962969 1.3709999999675802 2.709999999935917
1.3709999999675802 2.709999999935917 1.0299999999756437
2.709999999935917 1.0299999999756437 1.5259999999639149
1.0299999999756437 1.5259999999639149 2.7109999999358934
1.5259999999639149 2.7109999999358934 1.0739999999746033
2.7109999999358934 1.0739999999746033 1.446999999965783
1.0739999999746033 1.446999999965783 1.4599999999654756
1.446999999965783 1.4599999999654756 2.182999999948379
1.4599999999654756 2.182999999948379 0.8699999999794272
2.182999999948379 0.8699999999794272 1.5249999999639385
0.8699999999794272 1.5249999999639385 1.4909999999647425
1.5249999999639385 1.4909999999647425 0.993999999976495
1.4909999999647425 0.993999999976495 1.5129999999642223
0.993999999976495 1.5129999999642223 1.2019999999715765
1.5129999999642223 1.2019999999715765 0.8369999999802076
1.2019999999715765 0.8369999999802076 1.4829999999649317
0.8369999999802076 1.4829999999649317 1.0089999999761403
1.4829999999649317 1.0089999999761403 1.4069999999667289
1.0089999999761403 1.4069999999667289 1.6219999999616448
1.4069999999667289 1.6219999999616448 1.3779999999674146
1.6219999999616448 1.3779999999674146 2.2179999999475513
1.3779999999674146 2.2179999999475513 1.5369999999636548
2.2179999999475513 1.5369999999636548 2.1909999999481897
1.5369999999636548 2.1909999999481897 1.7579999999584288
2.1909999999481897 1.7579999999584288 1.1899999999718602
1.7579999999584288 1.1899999999718602 0.8249999999804913
1.1899999999718602 0.8249999999804913 1.3999999999668944
0.8249999999804913 1.3999999999668944 1.4689999999652628
1.3999999999668944 1.4689999999652628 1.644999999961101
1.4689999999652628 1.644999999961101 0.8849999999790725
1.644999999961101 0.8849999999790725 1.545999999963442
0.8849999999790725 1.545999999963442 2.6289999999378324
1.545999999963442 2.6289999999378324 1.6579999999607935
2.6289999999378324 1.6579999999607935 0.8689999999794509
1.6579999999607935 0.8689999999794509 1.3939999999670363
0.8689999999794509 1.3939999999670363 1.4749999999651209
1.3939999999670363 1.4749999999651209 1.579999999962638
1.4749999999651209 1.579999999962638 1.5439999999634892
1.579999999962638 1.5439999999634892 2.1399999999493957
1.5439999999634892 2.1399999999493957 2.3889999999435076
2.1399999999493957 2.3889999999435076 1.8089999999572228
2.3889999999435076 1.8089999999572228 2.23199999994722
1.8089999999572228 2.23199999994722 1.5919999999623542
2.23199999994722 1.5919999999623542 1.5169999999641277
1.5919999999623542 1.5169999999641277 1.1549999999726879
1.5169999999641277 1.1549999999726879 1.3629999999677693
1.1549999999726879 1.3629999999677693 1.463999999965381
1.3629999999677693 1.463999999965381 2.534999999940055
1.463999999965381 2.534999999940055 1.6079999999619758
2.534999999940055 1.6079999999619758 1.5309999999637967
1.6079999999619758 1.5309999999637967 0.9509999999775118
1.5309999999637967 0.9509999999775118 1.395999999966989
0.9509999999775118 1.395999999966989 2.245999999946889
1.395999999966989 2.245999999946889 0.8109999999808224
2.245999999946889 0.8109999999808224 1.1429999999729716
0.8109999999808224 1.1429999999729716 0.86099999997964
1.1429999999729716 0.86099999997964 0.9849999999767078
0.86099999997964 0.9849999999767078 2.066999999951122
0.9849999999767078 2.066999999951122 0.8689999999794509
2.066999999951122 0.8689999999794509 1.5449999999634656
0.8689999999794509 1.5449999999634656 1.2709999999699448
1.5449999999634656 1.2709999999699448 1.4339999999660904
1.2709999999699448 1.4339999999660904 0.9649999999771808
1.4339999999660904 0.9649999999771808 1.5639999999630163
0.9649999999771808 1.5639999999630163 0.8119999999807987
1.5639999999630163 0.8119999999807987 1.2059999999714819
0.8119999999807987 1.2059999999714819 0.9559999999773936
1.2059999999714819 0.9559999999773936 1.9529999999538177
0.9559999999773936 1.9529999999538177 1.0519999999751235
1.9529999999538177 1.0519999999751235 1.517999999964104
1.0519999999751235 1.517999999964104 1.0939999999741303
1.517999999964104 1.0939999999741303 1.990999999952919
1.0939999999741303 1.990999999952919 2.310999999945352
1.990999999952919 2.310999999945352 1.2929999999694246
2.310999999945352 1.2929999999694246 1.1089999999737756
1.2929999999694246 1.1089999999737756 1.9939999999528482
1.1089999999737756 1.9939999999528482 2.6059999999383763
1.9939999999528482 2.6059999999383763 1.1369999999731135
2.6059999999383763 1.1369999999731135 1.5069999999643642
1.1369999999731135 1.5069999999643642 1.582999999962567
1.5069999999643642 1.582999999962567 1.5569999999631818
1.582999999962567 1.5569999999631818 2.1219999999498214
1.5569999999631818 2.1219999999498214 0.8649999999795455
2.1219999999498214 0.8649999999795455 1.6729999999604388
0.8649999999795455 1.6729999999604388 0.8639999999795691
1.6729999999604388 0.8639999999795691 1.0379999999754546
0.8639999999795691 1.0379999999754546 0.8129999999807751
1.0379999999754546 0.8129999999807751 1.2229999999710799
0.8129999999807751 1.2229999999710799 0.9999999999763531
1.2229999999710799 0.9999999999763531 2.1989999999480005
0.9999999999763531 2.1989999999480005 1.1629999999724987
2.1989999999480005 1.1629999999724987 1.2889999999695192
1.1629999999724987 1.2889999999695192 1.2589999999702286
1.2889999999695192 1.2589999999702286 0.8819999999791435
1.2589999999702286 0.8819999999791435 1.5259999999639149
0.8819999999791435 1.5259999999639149 1.585999999962496
1.5259999999639149 1.585999999962496 0.8649999999795455
1.585999999962496 0.8649999999795455 1.1559999999726642
0.8649999999795455 1.1559999999726642 0.9039999999786232
1.1559999999726642 0.9039999999786232 1.6829999999602023
0.9039999999786232 1.6829999999602023 1.9999999999527063
1.6829999999602023 1.9999999999527063 2.213999999947646
1.9999999999527063 2.213999999947646 0.8249999999804913
2.213999999947646 0.8249999999804913 1.375999999967462
0.8249999999804913 1.375999999967462 1.5019999999644824
1.375999999967462 1.5019999999644824 1.1769999999721676
1.5019999999644824 1.1769999999721676 2.6009999999384945
1.1769999999721676 2.6009999999384945 1.7229999999592565
2.6009999999384945 1.7229999999592565 0.9109999999784577
1.7229999999592565 0.9109999999784577 1.0209999999758566
0.9109999999784577 1.0209999999758566 0.823999999980515
1.0209999999758566 0.823999999980515 1.4629999999654046
0.823999999980515 1.4629999999654046 1.4279999999662323
1.4629999999654046 1.4279999999662323 1.7079999999596112
1.4279999999662323 1.7079999999596112 2.1109999999500815
1.7079999999596112 2.1109999999500815 1.5109999999642696
2.1109999999500815 1.5109999999642696 1.619999999961692
1.5109999999642696 1.619999999961692 1.5379999999636311
1.619999999961692 1.5379999999636311 1.5279999999638676
1.5379999999636311 1.5279999999638676 1.534999999963702
1.5279999999638676 1.534999999963702 0.8319999999803258
1.534999999963702 0.8319999999803258 1.5249999999639385
0.8319999999803258 1.5249999999639385 1.2759999999698266
1.5249999999639385 1.2759999999698266 1.0349999999755255
1.2759999999698266 1.0349999999755255 2.0919999999505308
1.0349999999755255 2.0919999999505308 1.4369999999660195
2.0919999999505308 1.4369999999660195 1.1039999999738939
1.4369999999660195 1.1039999999738939 1.5209999999640331
1.1039999999738939 1.5209999999640331 1.5369999999636548
1.5209999999640331 1.5369999999636548 1.559999999963111
1.5369999999636548 1.559999999963111 2.109999999950105
1.559999999963111 2.109999999950105 0.86099999997964
2.109999999950105 0.86099999997964 0.9609999999772754
0.86099999997964 0.9609999999772754 1.5089999999643169
0.9609999999772754 1.5089999999643169 2.1169999999499396
1.5089999999643169 2.1169999999499396 1.0029999999762822
2.1169999999499396 1.0029999999762822 2.0939999999504835
1.0029999999762822 2.0939999999504835 1.6099999999619286
2.0939999999504835 1.6099999999619286 1.2449999999705597
1.6099999999619286 1.2449999999705597 1.2079999999714346
1.2449999999705597 1.2079999999714346 1.8779999999555912
1.2079999999714346 1.8779999999555912 2.1559999999490174
1.8779999999555912 2.1559999999490174 2.129999999949632
2.1559999999490174 2.129999999949632 0.9289999999780321
2.129999999949632 0.9289999999780321 2.126999999949703
0.9289999999780321 2.126999999949703 1.6039999999620704
2.126999999949703 1.6039999999620704 0.8339999999802785
1.6039999999620704 0.8339999999802785 0.9669999999771335
0.8339999999802785 0.9669999999771335 0.9579999999773463
0.9669999999771335 0.9579999999773463 0.8299999999803731
0.9579999999773463 0.8299999999803731 1.38199999996732
0.8299999999803731 1.38199999996732 1.545999999963442
1.38199999996732 1.545999999963442 1.5229999999639858
1.545999999963442 1.5229999999639858 1.494999999964648
1.5229999999639858 1.494999999964648 1.7419999999588072
1.494999999964648 1.7419999999588072 0.843999999980042
1.7419999999588072 0.843999999980042 1.089999999974225
0.843999999980042 1.089999999974225 0.823999999980515
1.089999999974225 0.823999999980515 1.5109999999642696
0.823999999980515 1.5109999999642696 1.3669999999676747
1.5109999999642696 1.3669999999676747 2.471999999941545
1.3669999999676747 2.471999999941545 1.3429999999682423
2.471999999941545 1.3429999999682423 2.1679999999487336
1.3429999999682423 2.1679999999487336 1.5719999999628271
2.1679999999487336 1.5719999999628271 1.5379999999636311
1.5719999999628271 1.5379999999636311 1.5899999999624015
1.5379999999636311 1.5899999999624015 2.3569999999442643
1.5899999999624015 2.3569999999442643 1.358999999967864
2.3569999999442643 1.358999999967864 2.619999999938045
1.358999999967864 2.619999999938045 1.1209999999734919
2.619999999938045 1.1209999999734919 1.7439999999587599
1.1209999999734919 1.7439999999587599 2.409999999943011
1.7439999999587599 2.409999999943011 2.307999999945423
2.409999999943011 2.307999999945423 1.5709999999628508
2.307999999945423 1.5709999999628508 1.2869999999695665
1.5709999999628508 1.2869999999695665 1.1349999999731608
1.2869999999695665 1.1349999999731608 1.7269999999591619
1.1349999999731608 1.7269999999591619 1.12699999997335
1.7269999999591619 1.12699999997335 0.8169999999806805
1.12699999997335 0.8169999999806805 1.0779999999745087
0.8169999999806805 1.0779999999745087 0.9239999999781503
1.0779999999745087 0.9239999999781503 0.8909999999789306
0.9239999999781503 0.8909999999789306 1.5239999999639622
0.8909999999789306 1.5239999999639622 1.5209999999640331
1.5239999999639622 1.5209999999640331 1.435999999966043
1.5209999999640331 1.435999999966043 1.6329999999613847
1.435999999966043 1.6329999999613847 0.95699999997737
1.6329999999613847 0.95699999997737 1.3919999999670836
0.95699999997737 1.3919999999670836 1.3459999999681713
1.3919999999670836 1.3459999999681713 1.4939999999646716
1.3459999999681713 1.4939999999646716 0.8969999999787888
1.4939999999646716 0.8969999999787888 1.5199999999640568
0.8969999999787888 1.5199999999640568 0.925999999978103
1.5199999999640568 0.925999999978103 2.128999999949656
0.925999999978103 2.128999999949656 0.8389999999801603
2.128999999949656 0.8389999999801603 1.4449999999658303
0.8389999999801603 1.4449999999658303 1.6079999999619758
1.4449999999658303 1.6079999999619758 1.3859999999672254
1.6079999999619758 1.3859999999672254 1.1429999999729716
1.3859999999672254 1.1429999999729716 2.661999999937052
1.1429999999729716 2.661999999937052 1.446999999965783
2.661999999937052 1.446999999965783 1.6379999999612664
1.446999999965783 1.6379999999612664 1.5439999999634892
1.6379999999612664 1.5439999999634892 0.840999999980113
1.5439999999634892 0.840999999980113 1.5219999999640095
0.840999999980113 1.5219999999640095 1.3889999999671545
1.5219999999640095 1.3889999999671545 2.2919999999458014
1.3889999999671545 2.2919999999458014 1.3779999999674146
2.2919999999458014 1.3779999999674146 1.5519999999633
1.3779999999674146 1.5519999999633 1.8159999999570573
1.5519999999633 1.8159999999570573 1.3019999999692118
1.8159999999570573 1.3019999999692118 2.1399999999493957
1.3019999999692118 2.1399999999493957 2.369999999943957
2.1399999999493957 2.369999999943957 1.191999999971813
2.369999999943957 1.191999999971813 0.8299999999803731
1.191999999971813 0.8299999999803731 1.5099999999642932
0.8299999999803731 1.5099999999642932 1.3229999999687152
1.5099999999642932 1.3229999999687152 1.3629999999677693
1.3229999999687152 1.3629999999677693 1.1419999999729953
1.3629999999677693 1.1419999999729953 1.5979999999622123
1.1419999999729953 1.5979999999622123 1.879999999955544
1.5979999999622123 1.879999999955544 1.3129999999689517
1.879999999955544 1.3129999999689517 2.443999999942207
1.3129999999689517 2.443999999942207 2.143999999949301
2.443999999942207 2.143999999949301 2.2929999999457777
2.143999999949301 2.2929999999457777 1.5199999999640568
2.2929999999457777 1.5199999999640568 2.1139999999500105
1.5199999999640568 2.1139999999500105 0.8509999999798765
2.1139999999500105 0.8509999999798765 1.4559999999655702
0.8509999999798765 1.4559999999655702 1.797999999957483
1.4559999999655702 1.797999999957483 1.99899999995273
1.797999999957483 1.99899999995273 2.5379999999399843
1.99899999995273 2.5379999999399843 1.3209999999687625
2.5379999999399843 1.3209999999687625 1.208999999971411
1.3209999999687625 1.208999999971411 0.8319999999803258
1.208999999971411 0.8319999999803258 1.4789999999650263
0.8319999999803258 1.4789999999650263 1.446999999965783
1.4789999999650263 1.446999999965783 1.1569999999726406
1.446999999965783 1.1569999999726406 2.522999999940339
1.1569999999726406 2.522999999940339 1.2349999999707961
2.522999999940339 1.2349999999707961 1.1839999999720021
1.2349999999707961 1.1839999999720021 0.8199999999806096
1.1839999999720021 0.8199999999806096 1.3779999999674146
0.8199999999806096 1.3779999999674146 1.568999999962898
1.3779999999674146 1.568999999962898 1.6059999999620231
1.568999999962898 1.6059999999620231 0.9779999999768734
1.6059999999620231 0.9779999999768734 1.1959999999717184
0.9779999999768734 1.1959999999717184 1.5059999999643878
1.1959999999717184 1.5059999999643878 0.8809999999791671
1.5059999999643878 0.8809999999791671 1.5209999999640331
0.8809999999791671 1.5209999999640331 0.976999999976897
1.5209999999640331 0.976999999976897 2.100999999950318
0.976999999976897 2.100999999950318 1.5389999999636075
2.100999999950318 1.5389999999636075 1.5279999999638676
1.5389999999636075 1.5279999999638676 1.5019999999644824
1.5279999999638676 1.5019999999644824 0.8989999999787415
1.5019999999644824 0.8989999999787415 1.5439999999634892
0.8989999999787415 1.5439999999634892 1.5479999999633947
1.5439999999634892 1.5479999999633947 1.5779999999626853
1.5479999999633947 1.5779999999626853 1.6049999999620468
1.5779999999626853 1.6049999999620468 1.7789999999579322
1.6049999999620468 1.7789999999579322 1.0979999999740357
1.7789999999579322 1.0979999999740357 0.8299999999803731
1.0979999999740357 0.8299999999803731 0.9919999999765423
0.8299999999803731 0.9919999999765423 0.973999999976968
0.9919999999765423 0.973999999976968 0.8479999999799475
0.973999999976968 0.8479999999799475 1.4519999999656648
0.8479999999799475 1.4519999999656648 1.6379999999612664
1.4519999999656648 1.6379999999612664 2.114999999949987
1.6379999999612664 2.114999999949987 1.0359999999755019
2.114999999949987 1.0359999999755019 2.0309999999519732
1.0359999999755019 2.0309999999519732 1.5979999999622123
2.0309999999519732 1.5979999999622123 1.4039999999667998
1.5979999999622123 1.4039999999667998 1.6759999999603679
1.4039999999667998 1.6759999999603679 0.8509999999798765
1.6759999999603679 0.8509999999798765 1.358999999967864
0.8509999999798765 1.358999999967864 1.5539999999632528
1.358999999967864 1.5539999999632528 1.5329999999637494
1.5539999999632528 1.5329999999637494 1.5369999999636548
1.5329999999637494 1.5369999999636548 1.6059999999620231
1.5369999999636548 1.6059999999620231 0.959999999977299
1.6059999999620231 0.959999999977299 1.1999999999716238
0.959999999977299 1.1999999999716238 1.5359999999636784
1.1999999999716238 1.5359999999636784 0.8259999999804677
1.5359999999636784 0.8259999999804677 1.1399999999730426
0.8259999999804677 1.1399999999730426 1.11599999997361
1.1399999999730426 1.11599999997361 1.542999999963513
1.11599999997361 1.542999999963513 1.5369999999636548
1.542999999963513 1.5369999999636548 1.568999999962898
1.5369999999636548 1.568999999962898 1.1769999999721676
1.568999999962898 1.1769999999721676 0.8869999999790252
1.1769999999721676 0.8869999999790252 1.5249999999639385
0.8869999999790252 1.5249999999639385 0.8759999999792853
1.5249999999639385 0.8759999999792853 1.5779999999626853
0.8759999999792853 1.5779999999626853 2.5579999999395113
1.5779999999626853 2.5579999999395113 2.2189999999475276
2.5579999999395113 2.2189999999475276 0.8989999999787415
2.2189999999475276 0.8989999999787415 0.8489999999799238
0.8989999999787415 0.8489999999799238 1.2029999999715528
0.8489999999799238 1.2029999999715528 1.0019999999763058
1.2029999999715528 1.0019999999763058 2.0909999999505544
1.0019999999763058 2.0909999999505544 1.5889999999624251
2.0909999999505544 1.5889999999624251 2.1589999999489464
1.5889999999624251 2.1589999999489464 1.6549999999608644
2.1589999999489464 1.6549999999608644 2.607999999938329
1.6549999999608644 2.607999999938329 1.1799999999720967
